19.168983459472656
19.760845184326172
20.901063919067383
19.805456161499023
5.6643524169921875
20.278369903564453
20.381235122680664
17.131439208984375
9.485406875610352
19.70242691040039
17.023900985717773
13.569697380065918
20.45187759399414
16.635597229003906
17.542932510375977
15.352511405944824
20.320581436157227
17.322731018066406
21.362205505371094
18.906047821044922
16.729154586791992
12.15641975402832
16.58320426940918
15.723248481750488
17.366647720336914
17.690641403198242
19.85428237915039
12.720799446105957
20.905250549316406
18.942293167114258
17.275800704956055
20.116561889648438
20.0963134765625
15.927680969238281
16.91965103149414
17.573354721069336
17.950157165527344
17.823881149291992
12.547629356384277
17.207691192626953
18.954221725463867
17.872846603393555
17.426441192626953
17.563825607299805
13.054729461669922
17.59284210205078
22.142868041992188
16.323453903198242
21.293107986450195
20.46070671081543
9.656448364257812
20.059539794921875
17.63634490966797
19.304019927978516
20.181394577026367
16.643798828125
17.87713050842285
17.924327850341797
17.04096794128418
20.908937454223633
17.650192260742188
18.08221435546875
19.854230880737305
17.332122802734375
19.68520736694336
19.212631225585938
21.08727264404297
14.201664924621582
20.134113311767578
20.076061248779297
18.356075286865234
15.172431945800781
17.900615692138672
12.803732872009277
15.623992919921875
19.315876007080078
20.22635269165039
19.645917892456055
18.087831497192383
19.08338165283203
15.115164756774902
20.19371223449707
16.29705810546875
16.2130126953125
18.915607452392578
18.37498664855957
11.879788398742676
18.715728759765625
18.856590270996094
19.42011260986328
19.739023208618164
18.23357391357422
22.986330032348633
17.06226921081543
15.932928085327148
20.915691375732422
18.231298446655273
21.227354049682617
19.77989387512207
18.071556091308594
14.515710830688477
14.604334831237793
19.37323760986328
18.921382904052734
20.262481689453125
18.514293670654297
18.62554359436035
11.092646598815918
16.667802810668945
15.342551231384277
15.57519245147705
14.88504695892334
15.565629005432129
19.707698822021484
18.68929100036621
18.25934600830078
13.747218132019043
19.842491149902344
16.659347534179688
19.57304573059082
17.388870239257812
17.37848472595215
20.28112030029297
20.683486938476562
15.853402137756348
16.57862091064453
20.061012268066406
19.26446533203125
19.7613468170166
19.1586971282959
19.892086029052734
17.301013946533203
17.903078079223633
13.642975807189941
20.491270065307617
13.324666023254395
8.530672073364258
19.530975341796875
19.562602996826172
10.08857536315918
16.988971710205078
10.86112117767334
14.674956321716309
18.701642990112305
12.806649208068848
20.20463752746582
19.4967041015625
13.396125793457031
18.726057052612305
16.26576805114746
17.048959732055664
19.70313262939453
19.345216751098633
18.804391860961914
18.117416381835938
20.376623153686523
18.85443878173828
16.522993087768555
19.97698211669922
12.703302383422852
21.201030731201172
19.497955322265625
19.396244049072266
18.950441360473633
15.849034309387207
13.534053802490234
15.610573768615723
11.379281997680664
19.033039093017578
17.29985237121582
16.944110870361328
16.03367042541504
17.612600326538086
19.910581588745117
14.202086448669434
19.234323501586914
19.5465087890625
12.676310539245605
13.661325454711914
19.97397804260254
18.644168853759766
20.39310646057129
16.226947784423828
17.51291847229004
22.52757453918457
15.842243194580078
20.529098510742188
14.503987312316895
6.9788126945495605
19.144027709960938
20.664249420166016
19.346149444580078
21.535917282104492
18.106021881103516
17.58847999572754
18.63641357421875
19.33725929260254
17.41239356994629
14.757719993591309
19.521434783935547
15.284557342529297
18.790668487548828
18.140655517578125
19.2438907623291
18.09892463684082
19.85223388671875
15.103326797485352
18.872278213500977
19.80344009399414
14.31541919708252
18.51947784423828
14.779284477233887
18.38422393798828
10.760819435119629
19.235719680786133
14.074942588806152
17.0577449798584
17.216970443725586
19.202741622924805
15.972672462463379
22.00345802307129
14.278841972351074
16.169967651367188
11.949647903442383
17.848844528198242
17.31290626525879
18.016372680664062
18.82907485961914
19.04436683654785
18.349008560180664
18.75192642211914
16.606964111328125
18.04592514038086
16.20452117919922
10.946414947509766
17.511688232421875
16.576862335205078
12.765700340270996
14.38876724243164
19.816377639770508
15.161946296691895
18.026342391967773
7.4502081871032715
19.161008834838867
19.128681182861328
17.260417938232422
19.850244522094727
16.14143943786621
16.96337127685547
17.867401123046875
17.48723030090332
16.473392486572266
19.96819305419922
19.112751007080078
18.983522415161133
18.506532669067383
6.143060207366943
16.299894332885742
18.41624641418457
17.921525955200195
21.010169982910156
12.036905288696289
17.691713333129883
15.580817222595215
21.951202392578125
19.754329681396484
19.187070846557617
19.927467346191406
18.3370361328125
17.660018920898438
19.536239624023438
14.639904022216797
16.708053588867188
20.960811614990234
18.527435302734375
17.808500289916992
16.663284301757812
16.19622802734375
22.46983528137207
19.224044799804688
17.839075088500977
17.80376434326172
20.609237670898438
14.047944068908691
17.160120010375977
18.113121032714844
20.111621856689453
17.006837844848633
19.94194793701172
19.06637954711914
20.017175674438477
20.965391159057617
18.969892501831055
19.188018798828125
20.472110748291016
17.481714248657227
17.567249298095703
14.198453903198242
8.64989185333252
17.85590171813965
6.217252254486084
17.150745391845703
18.509437561035156
19.65045928955078
19.990177154541016
17.983964920043945
19.958528518676758
20.333126068115234
18.022899627685547
20.58472442626953
18.408023834228516
15.322943687438965
10.163167953491211
17.774396896362305
19.937347412109375
7.309917449951172
15.759892463684082
21.486461639404297
16.3828067779541
18.689743041992188
16.897296905517578
15.891833305358887
18.780073165893555
17.679529190063477
17.07901954650879
15.303765296936035
19.898818969726562
18.293731689453125
18.113544464111328
18.637399673461914
17.842164993286133
17.012046813964844
20.74152946472168
18.516132354736328
19.575660705566406
18.262605667114258
19.057783126831055
15.378811836242676
15.677659034729004
11.756648063659668
11.8228178024292
21.1905574798584
13.205535888671875
17.44733428955078
19.080162048339844
14.469012260437012
18.862815856933594
12.80271053314209
18.44141387939453
14.828213691711426
18.251176834106445
20.810970306396484
19.6690616607666
14.830157279968262
16.002458572387695
21.215431213378906
16.950660705566406
16.365076065063477
19.314231872558594
19.126056671142578
17.01374053955078
16.03183364868164
19.76284408569336
18.85568618774414
18.467023849487305
14.567549705505371
19.068775177001953
19.698484420776367
18.631851196289062
18.60312843322754
14.529788970947266
11.692083358764648
20.813547134399414
18.507535934448242
16.730899810791016
17.707326889038086
17.89898681640625
19.618066787719727
18.495561599731445
19.153305053710938
12.151164054870605
14.022161483764648
21.33878517150879
15.065300941467285
17.115983963012695
18.657865524291992
16.145063400268555
18.15420150756836
18.999225616455078
20.03775405883789
17.960063934326172
13.18122673034668
16.211414337158203
11.816747665405273
16.000463485717773
6.736465930938721
18.8228816986084
20.738433837890625
14.847108840942383
19.97266387939453
17.630176544189453
11.304285049438477
20.29100227355957
20.597553253173828
19.1711368560791
19.853713989257812
19.737014770507812
20.346559524536133
19.711339950561523
18.549663543701172
18.691022872924805
16.016151428222656
17.821821212768555
18.97406005859375
19.342220306396484
20.718332290649414
16.52461814880371
19.092426300048828
20.800878524780273
16.360233306884766
18.600261688232422
18.440946578979492
17.828580856323242
14.004902839660645
18.963830947875977
18.108903884887695
17.622295379638672
16.996421813964844
19.436168670654297
13.305532455444336
15.141867637634277
22.720212936401367
11.710899353027344
16.85599708557129
17.66469955444336
15.963047981262207
17.93303871154785
21.13520050048828
18.93739128112793
18.046571731567383
13.463281631469727
17.24315643310547
16.17135238647461
20.935644149780273
17.5008487701416
16.86616325378418
19.21986961364746
16.686073303222656
16.787181854248047
21.654390335083008
17.77011489868164
19.22742462158203
20.935331344604492
20.909984588623047
19.47936248779297
19.102340698242188
19.537538528442383
17.55756378173828
15.148755073547363
20.682191848754883
20.88326072692871
8.939497947692871
15.16895580291748
17.26576042175293
16.54802703857422
19.846467971801758
16.013221740722656
19.03278160095215
15.583051681518555
14.299928665161133
19.297344207763672
12.208894729614258
18.98503875732422
19.836109161376953
15.462076187133789
21.547199249267578
19.15558433532715
18.316326141357422
20.730430603027344
16.667949676513672
15.470416069030762
18.606834411621094
19.7797908782959
17.28434181213379
15.806140899658203
18.4405574798584
17.90943145751953
20.447032928466797
19.575382232666016
18.30323028564453
13.950458526611328
20.51599884033203
21.634092330932617
11.47319507598877
15.342988967895508
15.587203979492188
16.669607162475586
18.332792282104492
15.11629581451416
16.35085105895996
20.70094871520996
17.284494400024414
12.965332984924316
17.714038848876953
19.891048431396484
20.047380447387695
13.025794982910156
16.256633758544922
15.112956047058105
19.334426879882812
17.289974212646484
16.390796661376953
21.129390716552734
13.830260276794434
13.726361274719238
6.038767337799072
19.368440628051758
17.30597686767578
19.27263832092285
17.4086971282959
19.54576301574707
18.932661056518555
16.038116455078125
19.83251953125
17.77356719970703
13.287793159484863
19.22057342529297
20.017478942871094
18.218475341796875
16.71818733215332
14.577516555786133
15.53079605102539
20.145122528076172
18.256744384765625
12.805403709411621
6.466938495635986
18.57267951965332
8.518566131591797
19.011058807373047
20.155458450317383
20.412952423095703
17.34501838684082
15.471522331237793
20.079660415649414
14.371912956237793
20.82203483581543
17.386192321777344
19.57175064086914
18.11223030090332
18.390766143798828
17.711139678955078
12.974077224731445
14.92672348022461
12.496709823608398
20.392715454101562
16.900739669799805
13.338826179504395
15.75981330871582
17.93927001953125
18.648639678955078
19.397838592529297
19.415491104125977
17.900917053222656
18.493684768676758
17.041898727416992
18.249248504638672
15.77104663848877
17.965988159179688
13.967680931091309
17.008533477783203
18.99190902709961
20.96355438232422
19.790523529052734
21.385690689086914
17.312599182128906
16.087566375732422
18.869138717651367
17.64440155029297
15.083662033081055
16.82668685913086
14.976105690002441
18.948589324951172
17.002864837646484
10.738141059875488
16.482666015625
19.554304122924805
16.87303352355957
21.57887840270996
15.04346752166748
20.295534133911133
15.38941764831543
19.473634719848633
20.130104064941406
21.019203186035156
13.193241119384766
15.482393264770508
19.83885955810547
13.533198356628418
20.80699920654297
19.041118621826172
18.99216079711914
19.465988159179688
17.268434524536133
18.00310516357422
17.953218460083008
19.816455841064453
19.954383850097656
14.269705772399902
11.531073570251465
19.516199111938477
18.6401309967041
14.37308120727539
19.435739517211914
19.104267120361328
17.479337692260742
19.174583435058594
6.098841190338135
13.994566917419434
19.065540313720703
20.814613342285156
19.222259521484375
17.08446502685547
19.21504783630371
18.177162170410156
18.716663360595703
15.949112892150879
20.503664016723633
16.11978530883789
4.145204544067383
15.156118392944336
13.94619083404541
18.547636032104492
16.815784454345703
18.352930068969727
18.859779357910156
18.522735595703125
21.718332290649414
13.948149681091309
19.839014053344727
19.36142349243164
2.5575435161590576
18.2792911529541
21.546768188476562
20.420059204101562
19.781749725341797
16.865156173706055
15.701871871948242
21.445598602294922
19.020971298217773
19.245563507080078
17.923961639404297
16.918561935424805
17.57231330871582
18.538986206054688
13.19820785522461
19.220367431640625
17.906370162963867
21.152324676513672
18.23341178894043
19.364294052124023
14.2933931350708
18.34571647644043
19.024194717407227
21.656827926635742
14.22680950164795
17.938283920288086
10.235433578491211
18.105363845825195
20.098735809326172
15.69212532043457
13.812156677246094
15.680440902709961
18.76321792602539
22.084941864013672
17.345420837402344
17.437114715576172
17.78268814086914
19.1036319732666
18.462749481201172
18.74254608154297
17.828092575073242
18.89080238342285
13.84313678741455
20.731111526489258
18.0003604888916
15.125741958618164
16.682870864868164
17.773317337036133
14.174449920654297
17.401275634765625
21.076494216918945
16.77899742126465
17.390504837036133
13.46889877319336
13.934542655944824
19.786684036254883
20.988065719604492
20.37458610534668
17.836851119995117
16.8601131439209
20.674898147583008
19.001996994018555
17.933870315551758
20.436689376831055
16.34140968322754
16.616806030273438
20.361597061157227
21.153066635131836
17.675884246826172
20.6083984375
17.628582000732422
17.706457138061523
20.33536148071289
15.979889869689941
11.94735050201416
18.932504653930664
13.795392036437988
9.437045097351074
18.818973541259766
16.716773986816406
17.539119720458984
19.233110427856445
12.365032196044922
16.95127296447754
16.248422622680664
6.00314998626709
18.99303436279297
17.35738754272461
18.226512908935547
21.048965454101562
15.502618789672852
19.8076229095459
18.074644088745117
16.527692794799805
17.255271911621094
11.474806785583496
13.219146728515625
16.509599685668945
16.764707565307617
16.347564697265625
19.565326690673828
20.574905395507812
19.123031616210938
18.703067779541016
19.295068740844727
18.418867111206055
20.39437484741211
20.585025787353516
14.114642143249512
17.025875091552734
18.201045989990234
20.266950607299805
18.01565170288086
17.728702545166016
17.6385498046875
16.29631996154785
20.41804313659668
15.738579750061035
19.728437423706055
19.810569763183594
21.844257354736328
19.613054275512695
20.35322380065918
18.509475708007812
17.822795867919922
15.295836448669434
12.275264739990234
21.568437576293945
15.736367225646973
17.18048095703125
17.901473999023438
15.654793739318848
19.313934326171875
16.615482330322266
17.406984329223633
18.59917640686035
16.265520095825195
18.437978744506836
17.84506607055664
19.840335845947266
19.509078979492188
18.36448097229004
19.675586700439453
15.889472007751465
19.071447372436523
13.098005294799805
19.323902130126953
18.963102340698242
18.50900650024414
14.649170875549316
20.038223266601562
20.479005813598633
18.395174026489258
17.400774002075195
16.097116470336914
15.397736549377441
16.17084503173828
18.419660568237305
16.94823455810547
15.89249324798584
15.860260963439941
18.95709228515625
19.437744140625
15.895167350769043
15.502671241760254
18.993450164794922
18.016489028930664
20.962594985961914
18.407217025756836
16.520153045654297
21.698383331298828
19.909374237060547
18.0849552154541
18.39703941345215
19.910005569458008
17.2513427734375
16.041427612304688
20.114953994750977
18.324188232421875
11.572613716125488
16.992265701293945
20.65639305114746
17.808876037597656
19.215303421020508
17.763046264648438
10.358386039733887
18.550918579101562
13.979743003845215
17.292869567871094
18.107192993164062
13.962567329406738
13.153969764709473
17.592565536499023
19.605741500854492
15.521061897277832
11.859333038330078
14.709088325500488
19.147798538208008
16.0894832611084
21.230619430541992
18.587366104125977
14.06268310546875
14.283361434936523
13.993664741516113
20.775920867919922
16.61834716796875
17.747404098510742
17.14737319946289
18.26193618774414
18.845190048217773
12.749350547790527
18.58137321472168
13.978114128112793
14.195420265197754
16.196928024291992
19.059419631958008
20.99536895751953
19.54519271850586
11.801260948181152
21.211763381958008
18.03117561340332
15.601444244384766
19.736690521240234
16.996784210205078
19.96600914001465
17.92996597290039
21.40591049194336
17.786014556884766
10.327418327331543
18.12264633178711
19.76798439025879
16.911998748779297
17.81675910949707
18.49180030822754
18.245899200439453
19.68686294555664
17.852901458740234
18.7980899810791
20.508081436157227
19.687971115112305
17.528703689575195
17.156696319580078
16.181303024291992
20.64533233642578
19.791887283325195
18.324447631835938
16.1248836517334
16.646944046020508
20.64544677734375
20.1774845123291
18.53982925415039
21.269826889038086
10.405129432678223
10.855189323425293
17.67794418334961
20.311155319213867
21.47517204284668
13.302952766418457
15.781638145446777
15.977063179016113
18.996492385864258
15.649504661560059
17.614370346069336
17.966012954711914
19.210281372070312
19.652793884277344
18.877288818359375
15.28542423248291
17.018726348876953
21.493066787719727
19.838027954101562
15.458346366882324
20.28333854675293
15.757976531982422
21.176597595214844
15.667024612426758
18.672204971313477
21.035503387451172
18.472429275512695
17.19076919555664
13.387391090393066
14.81663703918457
17.42824935913086
19.40974998474121
19.915939331054688
20.065919876098633
18.317907333374023
14.867708206176758
18.318904876708984
14.165425300598145
17.637521743774414
19.061674118041992
17.768693923950195
17.19975471496582
19.187772750854492
18.919206619262695
17.325637817382812
12.42503547668457
17.709131240844727
18.954437255859375
16.03375244140625
19.183853149414062
18.53103256225586
17.360464096069336
15.965849876403809
6.9788713455200195
19.17676544189453
16.924217224121094
16.77334976196289
17.154651641845703
12.738587379455566
13.126993179321289
9.444182395935059
15.61815357208252
20.3093204498291
18.037492752075195
17.992019653320312
8.809348106384277
15.276508331298828
18.930253982543945
17.368289947509766
18.295129776000977
15.54301643371582
17.28187370300293
15.753056526184082
15.182276725769043
20.859676361083984
18.529964447021484
17.043787002563477
20.289627075195312
20.77069664001465
15.051936149597168
17.63652992248535
11.803020477294922
12.81844425201416
21.964696884155273
20.69048309326172
19.00090217590332
21.549713134765625
14.335047721862793
17.208932876586914
7.378304481506348
19.209260940551758
15.360605239868164
17.060279846191406
16.350875854492188
20.04564666748047
15.821654319763184
17.18464469909668
18.060819625854492
19.050460815429688
17.703750610351562
15.985381126403809
18.425365447998047
19.584707260131836
16.76125717163086
16.694673538208008
17.903162002563477
18.03634262084961
19.016958236694336
-17.624813079833984
-17.06168556213379
-21.184295654296875
-18.846092224121094
-23.088533401489258
-28.061267852783203
-27.06920623779297
-29.182849884033203
-17.104467391967773
-22.976051330566406
-18.13577651977539
-19.288330078125
-15.511526107788086
-9.225882530212402
-22.602275848388672
-16.45557975769043
-19.479534149169922
-24.960222244262695
-22.364656448364258
-12.586556434631348
-19.29462242126465
-21.570308685302734
-18.86914825439453
-30.511333465576172
-21.97438621520996
-26.32876968383789
-22.895498275756836
-26.684526443481445
-24.0846004486084
-17.10747528076172
-27.109394073486328
-23.231008529663086
-20.78901481628418
-21.27086639404297
-14.865567207336426
-22.196670532226562
-24.88396453857422
-28.39592170715332
-15.533411026000977
-17.18674087524414
-25.944683074951172
-23.855016708374023
-19.035146713256836
-27.183359146118164
-17.51363182067871
-25.36200523376465
-17.82084083557129
-26.054542541503906
-16.909591674804688
-24.503936767578125
-20.65000343322754
-19.94980239868164
-18.981719970703125
-20.661060333251953
-25.338878631591797
-19.793628692626953
-16.496219635009766
-14.441315650939941
-26.88605308532715
-22.325204849243164
-23.57680892944336
-20.392332077026367
-25.77318572998047
-23.984485626220703
-17.796815872192383
-22.777374267578125
-6.655162811279297
-20.613773345947266
-23.712373733520508
-22.439279556274414
-18.235883712768555
-27.9501895904541
-26.2966365814209
-18.356586456298828
-20.437267303466797
-21.899951934814453
-24.76952362060547
-23.795503616333008
-16.977760314941406
-26.53057861328125
-12.721673965454102
-18.70697593688965
-25.60097312927246
-21.97846794128418
-18.897890090942383
-18.020204544067383
-20.519773483276367
-20.68449592590332
-19.30059051513672
-20.58551597595215
-12.185224533081055
-22.579349517822266
-20.103229522705078
-19.497539520263672
-21.518474578857422
-25.702661514282227
-25.50406265258789
-21.573991775512695
-22.857852935791016
-15.009068489074707
11.318140029907227
-23.17084503173828
-26.03470230102539
-19.991134643554688
-21.804662704467773
-20.462852478027344
-20.758665084838867
-25.334026336669922
-17.119007110595703
-10.211362838745117
-18.32528305053711
-19.275676727294922
-18.073335647583008
-29.78058624267578
-26.450828552246094
-21.302724838256836
-26.462675094604492
-10.07635498046875
-17.458866119384766
-24.072179794311523
-19.148582458496094
-26.707860946655273
-23.934158325195312
-19.112321853637695
-24.04096031188965
-15.95557689666748
-27.063451766967773
-16.997262954711914
-22.54022789001465
-21.594486236572266
-8.066591262817383
-26.823368072509766
-20.532194137573242
-20.61824607849121
-22.15338897705078
-25.144187927246094
-24.99243927001953
-26.37177848815918
-24.724084854125977
-26.378177642822266
-12.546965599060059
-27.04868507385254
-18.130599975585938
-20.054031372070312
-22.135663986206055
-21.728137969970703
-29.059701919555664
-20.963651657104492
-25.22010040283203
-27.500520706176758
-22.51470947265625
-13.868271827697754
-20.484804153442383
-21.252458572387695
-20.92951011657715
-27.184972763061523
-32.86207580566406
-25.276123046875
-13.75219440460205
-21.97077751159668
-23.504920959472656
-23.901838302612305
-17.170455932617188
-12.373377799987793
-19.411256790161133
-21.21448516845703
-21.80430793762207
-27.274173736572266
-12.196969032287598
-17.976390838623047
-12.2802152633667
-26.458118438720703
-19.65882110595703
-28.425228118896484
-15.3219633102417
-15.846474647521973
-26.516098022460938
-28.162960052490234
-20.109296798706055
-10.92454719543457
-25.72226333618164
-24.087215423583984
-24.380054473876953
-22.469470977783203
-22.74444580078125
-25.924169540405273
-16.79820442199707
-27.176311492919922
-19.813608169555664
-21.894596099853516
-25.396366119384766
-21.50944709777832
-19.3802547454834
-21.553462982177734
-25.389816284179688
-13.018708229064941
-9.807818412780762
-19.160064697265625
-20.230281829833984
-20.628231048583984
-28.76007843017578
-16.883281707763672
-18.37312889099121
-21.725603103637695
-24.154264450073242
-17.01734161376953
-23.61127471923828
-15.945281028747559
-24.696266174316406
-21.858850479125977
-18.30303955078125
-21.61489486694336
-17.941761016845703
-25.842885971069336
-23.902345657348633
-17.712947845458984
-21.367046356201172
-22.819246292114258
-20.757966995239258
-21.99228286743164
-29.17361068725586
-22.629425048828125
-23.51659393310547
-21.00018882751465
-22.38753890991211
-19.811264038085938
-25.183956146240234
-26.883319854736328
-21.702167510986328
-21.071502685546875
-14.323668479919434
-26.878578186035156
-16.227087020874023
-22.835237503051758
-4.021382808685303
-11.427980422973633
-25.822933197021484
-16.919057846069336
-26.37226104736328
-16.684934616088867
-24.69266700744629
-19.818021774291992
-20.408130645751953
-25.527000427246094
-19.02983856201172
-18.55387306213379
-23.349327087402344
-15.072493553161621
-22.97703742980957
-20.014190673828125
-18.57567596435547
-25.766826629638672
-24.954322814941406
-19.01971435546875
-21.551103591918945
-27.464879989624023
-24.1036434173584
-27.517942428588867
-22.28964614868164
-18.9133243560791
-29.444652557373047
-18.847673416137695
-19.293548583984375
-13.22536849975586
-19.542360305786133
-30.031179428100586
-23.032861709594727
-21.030933380126953
-27.884803771972656
-21.062515258789062
-28.81488609313965
-26.77749252319336
-23.724727630615234
-19.390300750732422
-18.435335159301758
-20.854372024536133
-24.83417320251465
-22.510501861572266
-8.027993202209473
-27.785423278808594
-22.726699829101562
-16.621910095214844
-21.901220321655273
-19.95414161682129
-21.25796890258789
-22.254901885986328
-10.621577262878418
-17.189523696899414
-12.463339805603027
-17.944580078125
-23.603609085083008
-22.04910659790039
-19.607080459594727
-19.255508422851562
-22.42542839050293
-23.73781967163086
-24.470991134643555
-24.820833206176758
-24.12551498413086
-20.67501449584961
-22.26009750366211
-22.290016174316406
-15.980380058288574
-22.39140510559082
-22.002574920654297
-12.605914115905762
-22.823040008544922
-19.190332412719727
-22.09288787841797
-25.62912940979004
-17.260574340820312
-19.4714298248291
-24.753555297851562
-26.156726837158203
-24.926525115966797
-26.658477783203125
-26.83812713623047
-18.860885620117188
-14.450319290161133
-25.462295532226562
-21.820409774780273
-14.3984956741333
-23.98612403869629
-19.78407859802246
-23.08592414855957
-20.640335083007812
-27.586772918701172
-22.803497314453125
-28.965702056884766
-18.280624389648438
-30.884254455566406
-15.985676765441895
-24.82876968383789
-22.65352439880371
-24.744722366333008
-19.324649810791016
-20.963607788085938
-20.007646560668945
-12.729621887207031
-30.156618118286133
-26.32023811340332
-19.423725128173828
-25.708452224731445
-27.289857864379883
-19.404150009155273
-20.252185821533203
-24.800697326660156
-18.72026252746582
-20.29191780090332
-21.36236572265625
-24.671207427978516
-15.806086540222168
-20.10649871826172
-26.662742614746094
-22.82196807861328
-22.693147659301758
-26.387802124023438
-22.568565368652344
-21.865222930908203
-25.955350875854492
-21.393905639648438
-15.971922874450684
-30.326187133789062
-4.2570929527282715
-19.780834197998047
-23.442543029785156
-15.225281715393066
-19.92017364501953
-12.372060775756836
-19.534297943115234
-16.467369079589844
-23.50064468383789
-20.723785400390625
-20.596694946289062
-14.985239028930664
-21.236454010009766
-23.45278549194336
-26.699995040893555
-15.752978324890137
-22.283254623413086
-26.867366790771484
-18.5338191986084
-21.8136043548584
-22.488157272338867
-21.447399139404297
-18.104961395263672
-23.001745223999023
-17.878637313842773
-25.406005859375
-21.70319366455078
-22.432708740234375
-23.077898025512695
-15.78215503692627
-13.424160957336426
-28.132360458374023
-24.082035064697266
-24.735387802124023
-27.593385696411133
-14.677660942077637
-24.454814910888672
-19.238265991210938
-27.524497985839844
-16.7493839263916
-24.874662399291992
-19.9495849609375
-18.471851348876953
-23.62782096862793
-26.767730712890625
-23.14168930053711
-22.933189392089844
-17.604354858398438
-15.32104778289795
-27.25397491455078
-26.9172306060791
-25.153282165527344
-27.961984634399414
-18.15402603149414
-21.82086944580078
-18.490999221801758
-26.135765075683594
-22.97471809387207
-27.981365203857422
-11.825240135192871
-26.8787899017334
-3.435971736907959
-26.416893005371094
-14.653817176818848
-22.394365310668945
-19.232147216796875
-26.795787811279297
-28.072614669799805
-22.151357650756836
-18.806385040283203
-26.700769424438477
-18.039506912231445
-24.006614685058594
-18.0894775390625
-26.193096160888672
-20.099506378173828
-20.0725040435791
-11.742252349853516
-24.48415756225586
-26.690750122070312
-26.64594078063965
-26.144020080566406
-20.038589477539062
-15.684618949890137
-23.068031311035156
-17.878767013549805
-20.0312557220459
-13.010245323181152
-5.3448967933654785
-27.255088806152344
-17.6439266204834
-23.63848114013672
-23.164215087890625
-23.164024353027344
-18.833595275878906
-22.071147918701172
-22.46521759033203
-19.630508422851562
-18.549625396728516
-22.801795959472656
-22.36625862121582
-21.93136978149414
-25.802160263061523
-12.107437133789062
-19.08406639099121
-25.931901931762695
-22.568668365478516
-21.48552894592285
-22.482906341552734
-18.26222038269043
-20.866043090820312
-17.676122665405273
-17.35167121887207
-22.383766174316406
-22.477481842041016
-28.301464080810547
-22.63039207458496
-24.82443618774414
-11.509835243225098
-25.7530460357666
-21.658517837524414
-26.760223388671875
-23.482585906982422
-30.7003173828125
-23.725997924804688
-12.287501335144043
-19.253536224365234
-23.347776412963867
-26.463117599487305
-10.081859588623047
-25.340547561645508
-23.467498779296875
-16.119173049926758
-29.326828002929688
-19.264015197753906
-26.154048919677734
-21.766647338867188
-26.294803619384766
-10.23857307434082
-18.137956619262695
-24.172475814819336
-23.31137466430664
-25.53554344177246
-29.255859375
-29.526262283325195
-23.35016632080078
-25.75405502319336
-20.235544204711914
-26.923181533813477
-22.490474700927734
-21.64888572692871
-15.038065910339355
-24.359853744506836
-21.114803314208984
-21.744781494140625
-22.949317932128906
-25.05029296875
-19.41927146911621
-20.09361457824707
-26.303388595581055
-22.107255935668945
-28.065080642700195
-25.32227325439453
-18.10791015625
-16.854167938232422
-16.311626434326172
-20.25577163696289
-20.413270950317383
-15.545363426208496
-20.387649536132812
-20.50275421142578
-20.895872116088867
-23.564573287963867
-20.70903205871582
-17.618614196777344
-19.813955307006836
-21.532983779907227
-17.724441528320312
-24.686569213867188
-22.234264373779297
-21.359586715698242
-20.158382415771484
-24.14142608642578
-17.845264434814453
-25.11993980407715
-25.917247772216797
-25.826990127563477
-13.020142555236816
-19.502273559570312
-14.216314315795898
-23.0524845123291
-22.98587989807129
-21.329700469970703
-19.38837432861328
-21.614891052246094
-14.719085693359375
-22.256351470947266
-14.31930160522461
-20.89424705505371
-23.767478942871094
-23.859249114990234
-22.131916046142578
-20.479171752929688
-12.21345329284668
-15.804198265075684
-24.96863555908203
-23.649744033813477
-23.09152603149414
-20.948097229003906
-16.57969093322754
-19.52496910095215
-23.126893997192383
-22.94227409362793
-14.008790016174316
-19.287246704101562
-20.78386116027832
-19.212818145751953
-20.375076293945312
-20.13855743408203
-16.596492767333984
-21.940216064453125
-20.659578323364258
-18.433393478393555
-21.404367446899414
-27.308040618896484
-25.580583572387695
-19.12285614013672
-21.789833068847656
-22.965097427368164
-24.437936782836914
-17.596847534179688
-25.53205108642578
-21.634769439697266
-26.471948623657227
-16.6347599029541
-18.677194595336914
-19.904205322265625
-23.212675094604492
-24.193838119506836
-21.389978408813477
-23.887115478515625
-21.635086059570312
-24.187131881713867
-17.090801239013672
-21.629150390625
-23.60245704650879
-23.451175689697266
-23.018835067749023
-19.607202529907227
-26.084434509277344
-20.12099838256836
-24.207679748535156
-23.78490447998047
-24.621278762817383
-16.033557891845703
-24.27686309814453
-18.00322151184082
-25.725412368774414
-24.97245216369629
-18.093048095703125
-21.27855682373047
-18.991180419921875
-17.84911346435547
-25.77073860168457
-19.252635955810547
-9.493420600891113
-16.0140380859375
-18.367210388183594
-23.402767181396484
-22.90677833557129
-12.655405044555664
-21.557594299316406
-24.459468841552734
-19.000635147094727
-21.444067001342773
-22.36597442626953
-22.63723373413086
-18.94767189025879
-12.156566619873047
-12.261762619018555
-12.784270286560059
-26.516773223876953
-15.909911155700684
-23.981243133544922
-20.162229537963867
-19.24432945251465
-19.765901565551758
-24.20217514038086
-21.480846405029297
-23.89917755126953
-9.679420471191406
-22.223403930664062
-19.81060028076172
-26.847030639648438
-24.592714309692383
-15.674739837646484
-26.289201736450195
-22.62209701538086
-22.58544158935547
-20.57847023010254
-13.286808967590332
-24.484922409057617
-20.751062393188477
-24.582164764404297
-22.9573974609375
-24.84909439086914
-25.84254264831543
-23.682964324951172
-12.147549629211426
-24.719581604003906
-15.984575271606445
-18.051193237304688
-23.185070037841797
-18.794906616210938
-24.023971557617188
-7.957481861114502
-26.445716857910156
-19.559778213500977
-17.40516471862793
-21.399234771728516
-24.646934509277344
-12.761024475097656
-22.141220092773438
-24.303821563720703
-19.912700653076172
-15.332584381103516
-15.458952903747559
-23.223773956298828
-16.96750259399414
-23.109209060668945
-21.532445907592773
-17.799358367919922
-21.203338623046875
-19.492267608642578
-13.179337501525879
-21.180641174316406
-24.579137802124023
-28.10433578491211
-18.918659210205078
-21.168964385986328
-27.09367561340332
-29.484054565429688
-25.74736785888672
-19.794139862060547
-21.685192108154297
-21.198871612548828
-24.949172973632812
-20.74256134033203
-21.59975814819336
-5.243135929107666
-23.72016716003418
-26.190444946289062
-21.88005828857422
-21.97454833984375
-23.353254318237305
-14.572314262390137
-24.195138931274414
-21.846981048583984
-25.135190963745117
-23.069683074951172
-17.137393951416016
-18.483665466308594
-24.89306640625
-21.65291976928711
-19.850818634033203
-11.738839149475098
-21.116954803466797
-4.006773471832275
-23.14480972290039
-20.709922790527344
-27.10007095336914
-11.296639442443848
-10.690805435180664
-23.497337341308594
-22.726707458496094
-23.36465835571289
-23.87605857849121
-23.776453018188477
-20.020219802856445
-21.03907585144043
-18.463226318359375
-19.433624267578125
-21.923847198486328
-21.915172576904297
-20.143573760986328
-25.396272659301758
-23.123003005981445
-22.82841682434082
-17.522441864013672
-23.112194061279297
-17.991060256958008
-22.05870819091797
-21.113967895507812
-26.547266006469727
-22.104537963867188
-20.477840423583984
-21.42071533203125
-11.269403457641602
-11.82040786743164
-13.484017372131348
-25.15940284729004
-19.158817291259766
-22.114381790161133
-21.78756332397461
-26.663841247558594
-25.620826721191406
-25.79959487915039
-25.649490356445312
-24.43655014038086
-17.014619827270508
-9.728549003601074
-20.821788787841797
-18.868288040161133
-18.205846786499023
-18.506755828857422
-20.85247802734375
-7.06795072555542
-13.920870780944824
-22.99163818359375
-23.256505966186523
-15.91527271270752
-24.74874496459961
-24.36787223815918
-22.796646118164062
-17.123714447021484
-22.035572052001953
-22.38133430480957
-25.825231552124023
-27.68076515197754
-17.057903289794922
-22.32704734802246
-25.495113372802734
-27.279102325439453
-24.004581451416016
-26.735809326171875
-25.733173370361328
-17.62862205505371
-21.5903263092041
-17.110980987548828
-23.52531623840332
-19.870805740356445
-23.324398040771484
-23.90492820739746
-13.689591407775879
-23.234973907470703
-25.777503967285156
-18.68838882446289
-27.74370765686035
-14.12414264678955
-23.49838638305664
-18.6573486328125
-23.16763687133789
-23.375452041625977
-24.867618560791016
-26.646495819091797
-25.781326293945312
-22.849918365478516
-21.607036590576172
-15.508110046386719
-23.30574607849121
-21.216259002685547
-25.559261322021484
-16.527873992919922
-23.9062557220459
-18.763965606689453
-19.00314712524414
-19.020566940307617
-27.79092788696289
-19.88226318359375
-12.269110679626465
-19.978519439697266
-22.786701202392578
-21.44046401977539
-23.294206619262695
-21.473766326904297
-21.663345336914062
-19.63302230834961
-18.849191665649414
-20.100500106811523
-24.833694458007812
-22.664730072021484
-17.9720516204834
-18.006629943847656
-19.022199630737305
-23.335987091064453
-18.29630470275879
-21.781667709350586
-11.938230514526367
-13.714612007141113
-27.448652267456055
-20.47247314453125
-20.660869598388672
-15.995741844177246
-17.870162963867188
-23.890045166015625
-20.198856353759766
-20.125364303588867
-18.75324821472168
-20.896581649780273
-28.66556739807129
-16.900779724121094
-26.69701385498047
-11.146364212036133
-21.27325439453125
-21.063806533813477
-18.942119598388672
-20.88606834411621
-18.02588653564453
-18.23130989074707
-19.71726417541504
-10.811736106872559
-22.963863372802734
-10.988170623779297
-26.984432220458984
-8.689436912536621
-27.91064453125
-25.05504035949707
-22.053878784179688
-22.436172485351562
-22.690196990966797
-16.290664672851562
-22.4912052154541
-21.10928726196289
-24.732311248779297
-24.46126365661621
-29.664966583251953
-18.641666412353516
-22.210439682006836
-23.625904083251953
-21.33884048461914
-24.619735717773438
-23.410568237304688
-20.93106460571289
-24.841960906982422
-29.401050567626953
-20.401994705200195
-21.22589111328125
-23.95416831970215
-22.3747615814209
-26.64599609375
-23.232728958129883
-27.32939910888672
-23.386760711669922
-25.839664459228516
-19.71300506591797
-22.86852264404297
-15.454126358032227
-21.222492218017578
-25.96949005126953
-16.274456024169922
-18.568071365356445
-25.654794692993164
-16.85116195678711
-22.854080200195312
-15.593722343444824
-19.086673736572266
-22.570119857788086
-17.138811111450195
-20.62044334411621
-21.593120574951172
-20.456056594848633
-11.11003589630127
-23.245601654052734
-21.349390029907227
-13.14635944366455
-22.528915405273438
-21.62646484375
-20.206584930419922
-13.656006813049316
-21.779050827026367
-22.77614402770996
-22.492046356201172
-23.094104766845703
-23.133346557617188
-25.75377082824707
-21.497411727905273
-17.809341430664062
-5.420759677886963
-22.573280334472656
-15.932658195495605
-28.283512115478516
-28.51364517211914
-23.61540985107422
-26.698589324951172
-24.23250961303711
-17.0039005279541
-20.73078727722168
-21.655349731445312
-20.55070686340332
-20.5924015045166
-10.970714569091797
-24.444305419921875
-21.72294807434082
-18.60536766052246
-17.229867935180664
-13.987654685974121
-18.46626091003418
-20.467811584472656
-25.249425888061523
-28.712997436523438
-22.17239761352539
-27.610733032226562
-17.439027786254883
-27.291568756103516
-16.223491668701172
-27.309762954711914
-22.71339988708496
-18.140708923339844
-14.418335914611816
-20.07117462158203
-24.647396087646484
-21.576942443847656
-25.826736450195312
-23.00832748413086
-16.963409423828125
-27.74664878845215
-17.641109466552734
-25.07097816467285
-18.453685760498047
-15.106195449829102
-21.05687713623047
-25.82056999206543
-24.539682388305664
-19.743032455444336
-19.509666442871094
-17.98438835144043
-20.19967269897461
-21.094131469726562
-19.113496780395508
-18.38776969909668
-16.45228385925293
-22.733854293823242
-15.346015930175781
-25.09926414489746
-6.697228908538818
-19.773181915283203
-20.045204162597656
