3.632470324532733e-08
0.0019027575617656112
1.0834235418533122e-11
4.00090822017668e-13
2.237020702011705e-08
2.28210454006339e-11
2.1217631818171157e-10
6.583143454192211e-14
4.362916972144859e-11
1.3320052526244464e-12
2.42591138288617e-08
1.4483562127409755e-09
0.00013191046309657395
7.040795779110183e-15
1.8605137430682817e-09
1.1349259206039353e-12
1.5184453019500936e-14
6.396077001369349e-10
4.637291933914586e-14
4.247856840583486e-12
8.914899080991745e-05
8.336109580397988e-10
4.5220962391345765e-12
1.0808372426229784e-11
5.84973403050526e-10
4.749505023937672e-06
1.282750332620708e-07
1.3157074578050085e-14
9.187420269007873e-10
4.099158559256466e-07
5.648745968755975e-07
9.365282800568447e-14
7.407884861088121e-10
1.0511461492890284e-11
5.6000186710036814e-09
5.463331176347452e-12
8.440540710807909e-09
2.1582386485613503e-12
1.6302563465853126e-11
4.0625099018143374e-07
1.6450059157756572e-18
9.372718157152349e-10
1.1360306141974807e-12
5.158836211194284e-05
1.0065330513508997e-11
1.7357941256221365e-13
3.0125302751503324e-13
1.8143732349873432e-10
3.576178869479918e-06
3.991006565229327e-07
6.874338134865189e-15
2.9518703020120496e-12
2.801039998903687e-12
5.6948191821948324e-12
5.57220112065715e-12
8.975799270505291e-12
1.4124632019552052e-11
2.6468305086742305e-13
1.4186293917362036e-08
2.7715023913279114e-16
2.691431518542231e-06
5.407183578959188e-16
5.220845999444335e-13
3.521966718267322e-08
3.4596416753629455e-07
2.543958288470094e-08
1.3699349432627628e-09
1.2415361436142143e-17
1.132376192813922e-09
7.470245533269804e-10
1.3628334727400215e-06
1.0064864523415262e-12
8.211762292376079e-08
2.137130829767196e-15
1.9153821324141562e-12
4.2609801104154243e-11
5.714145823176864e-11
2.6819867571248324e-07
1.64614948516828e-06
1.3563550781657552e-13
1.621034505967206e-19
7.610262382296354e-14
1.9813941776192223e-07
2.1312622500158085e-10
5.831019556090666e-10
1.116589641894075e-15
9.822154645178216e-09
1.1613221669037888e-11
7.396448227113203e-14
1.105542057899811e-08
2.09308104182071e-09
3.259051339910002e-08
1.3907410799911206e-17
4.349383741076955e-14
7.557505316002633e-11
4.1062452374972247e-13
1.039923186354607e-14
1.407728100755179e-13
4.746258582599694e-06
9.147532313872817e-18
3.116962909999188e-09
4.4957756961672146e-10
1.9700551140509198e-13
2.431396640148681e-15
2.5937813794063623e-16
5.767343525496516e-13
1.6436662519936363e-07
4.036743270381671e-13
2.0309447457123042e-09
1.3562678541009787e-12
2.0842716116388493e-14
1.6809767119929653e-11
9.224846309052737e-08
1.816946176846912e-10
5.776225293629977e-07
4.560078356585784e-11
7.62440631463246e-12
1.860646879625616e-11
3.3373878747383623e-12
1.863091902976066e-09
4.326176393574903e-14
4.759920235741788e-10
6.9621669811659875e-15
7.717783319094451e-07
6.643823623984088e-16
1.1230748969692783e-10
3.3440433755416166e-10
4.599245984060474e-11
1.3225088613209174e-13
5.149776004936824e-13
2.048791778464575e-16
6.403172658764333e-09
5.961804341557951e-16
9.135097023174176e-15
8.807338132453893e-14
8.075850752020663e-12
5.626192289831522e-10
6.18168294330701e-11
5.891412032700549e-13
1.189416676261601e-09
7.175282590310417e-11
6.533344004688857e-11
4.258334342921444e-07
0.00013770110672339797
9.963837532822595e-10
5.695973553931921e-11
1.1590252195492479e-11
1.2324968892425247e-14
1.9152416130363385e-14
1.4560242253417247e-15
1.5741221328258344e-14
1.9899148518201515e-14
8.080038860214245e-09
1.935595239643817e-09
2.488086714436122e-08
2.0342012518881347e-09
1.4082276469061517e-13
2.921689112866943e-09
7.35872994483966e-12
1.5731058838715424e-16
7.556289866413783e-16
9.790328964198736e-11
2.429460238127963e-14
3.570862681066822e-13
3.6319363315440167e-12
5.685857340509415e-11
3.080527122278909e-08
6.495298049413734e-11
2.6472609221136307e-16
1.0835267579001329e-11
6.849390388197207e-07
4.207102799426763e-17
6.633157356716879e-10
1.7839036912020495e-15
0.0008612907840870321
2.348035932353554e-10
1.1250163127474178e-12
9.091941202731338e-14
1.4564242366510655e-15
5.7615305755487345e-12
2.924602227061257e-11
1.3216244987290793e-08
9.671420331258673e-10
4.821961496759286e-08
1.1207349067884897e-12
8.382832027882818e-16
2.542302812713615e-09
3.9703516519566583e-19
3.1469027383934645e-09
9.099014597335753e-11
2.465505666293666e-08
1.6115505729885626e-07
4.190078506383088e-09
1.9635494027170353e-05
2.749460840417456e-17
6.742981213392341e-07
1.7577861388673455e-10
0.11474697291851044
3.330632148532925e-17
8.034996279437934e-12
2.8883013602348795e-12
2.443552471476096e-09
1.1723216527311647e-13
1.9147018497610302e-13
0.0005655844579450786
3.474006915471506e-10
3.111670254796195e-09
0.002234285930171609
2.1951212549053967e-12
2.3796476941728706e-12
3.301854789583558e-08
1.2978534220570745e-15
7.561765883595806e-13
2.700978639897755e-15
8.216806575422897e-12
5.369484856743156e-09
8.272314389046187e-09
0.00022074900334700942
6.255805828914163e-07
9.48781917031738e-07
2.600599094659253e-15
1.0613623695199248e-11
1.7418752204512167e-11
6.809030561605312e-10
9.305145454163721e-08
1.9058497540688302e-15
2.436220484014484e-06
3.57795797113411e-14
1.6251064011737863e-14
4.7705936594866216e-05
7.354152009586556e-13
5.185884274089281e-12
1.6482063448981267e-14
2.4217142065286173e-15
7.440354349340719e-14
1.0582875171016143e-15
3.179569830535911e-05
3.534622952400951e-13
3.376313714286566e-13
5.975990535755926e-12
1.795324051141422e-16
8.695872797878645e-13
4.300134900936392e-12
1.3839627222012041e-08
5.186883014872553e-16
9.497826969351308e-10
7.965005391352697e-12
3.2053098917477277e-14
4.8364635999451414e-14
1.1219844964216463e-07
9.92016579992594e-10
5.940353867443446e-15
7.112928681381886e-15
2.514806973774597e-10
1.6212405862248147e-09
2.978909341422309e-10
1.8516487898523337e-07
2.6089402638262982e-08
3.2587890164137434e-09
4.74777444026131e-08
7.414390879034727e-09
5.8922018979501445e-06
5.2604885236277266e-17
5.200330658173928e-14
1.149388939580831e-08
3.1352918039573296e-09
4.9788095196103e-14
1.6521777859262706e-15
3.405762560859671e-09
1.9820488909433863e-16
2.888968144570958e-12
7.21592091634804e-11
2.4953162799934425e-11
1.679838258725718e-19
1.5147051432681975e-14
1.6382697864969487e-08
2.956684203025972e-11
5.720104151803426e-17
1.6791163943707943e-06
5.719436155151442e-14
4.540033626820872e-10
2.2044568861318004e-12
3.1930298249188693e-12
1.3997835246329967e-14
4.793877792508283e-07
7.479707825330806e-11
6.405727427071233e-16
1.5878600517771346e-11
7.881886116001269e-12
1.4234733183848824e-11
1.7346725167399768e-09
7.345372818020127e-14
6.47996656333305e-11
5.351399878783525e-12
2.604540725315019e-07
2.681594746603566e-12
9.569562919864438e-10
2.108887543761373e-11
1.0470449377311675e-13
9.622490304561637e-11
0.0037605108227580786
7.747000090041478e-12
4.073571341356441e-11
1.3594546766516197e-14
0.003067240584641695
2.263640013280832e-12
1.2776329993968716e-10
1.8994215089662703e-09
8.60738424979246e-11
1.8997826922717564e-10
9.858538873211587e-22
9.910712969815881e-17
5.047033971306014e-12
2.7214400438041464e-12
1.0555314218160805e-12
1.7176441746789145e-13
1.2278424321721104e-07
1.0628719346978625e-14
1.0621090673623712e-08
3.1143314923459675e-12
4.767263515371989e-13
2.5905175782270362e-09
3.2723246503752054e-16
1.6308767669670488e-09
6.140567383999124e-14
8.603309037402695e-12
1.5813045317614183e-11
8.176098020840072e-08
3.15457972244193e-11
4.755333193884326e-08
8.495844028288957e-09
0.000214064828469418
2.5270664704422127e-15
3.806772674863623e-09
7.010064084767009e-09
7.381981959042605e-08
0.000269709707936272
1.5370053674246265e-08
1.3832233317119936e-16
5.596227149219646e-13
1.0117644442319087e-15
1.5718443907575264e-11
2.6336769679176364e-13
3.0491468351101503e-05
6.742773450696404e-09
5.046247447682006e-11
6.18772255656097e-11
5.470426889253588e-10
3.8000781188429755e-08
6.626142234726629e-13
6.400009855411781e-09
1.2282722582079852e-11
2.412462827975411e-14
6.133605450799051e-13
7.434740214966318e-13
3.8791449978418935e-13
5.092110001887751e-13
2.823030221046907e-12
3.625574976467283e-16
3.439817874095752e-06
2.040204449826888e-09
1.5529622943502575e-12
1.0687719598223566e-09
9.767232205995903e-16
1.7547495900771537e-08
1.9343229240575965e-08
5.999614245411067e-07
3.2775299835252625e-11
2.593434364830949e-13
5.319000014741837e-12
2.6636717720407432e-08
2.347324808485429e-13
5.287065273432145e-13
1.699544838196232e-09
1.2737737364984687e-14
7.46596447859238e-12
2.7523341245005994e-11
1.0196693580363358e-14
2.7802184376923833e-06
5.494073277479718e-16
2.8807899533737913e-13
4.863151548128997e-10
1.2874642453216453e-14
6.102376937100473e-10
4.472909943906839e-15
8.233436687987705e-08
4.765683941226895e-12
2.16807863433301e-16
2.4389303629397978e-15
0.00041776872240006924
1.237933366926569e-12
1.0211933382242577e-10
0.009488271549344063
6.066552538631256e-17
8.020033747356548e-13
6.362288083525125e-14
1.4089941236319903e-12
7.180669904169323e-13
4.2451800408294105e-10
1.7691331066771454e-08
1.9743822576856473e-08
5.133409253232912e-09
8.691407782281807e-14
1.1701722923973534e-10
4.341885073699814e-09
1.2830009407313603e-13
5.322686774889007e-06
1.0604171696892485e-15
3.1667686928221785e-19
1.0900629628541464e-14
3.248415225698409e-07
2.6434629489813233e-06
2.1631644392394733e-11
1.7306973996294994e-12
8.796509663256194e-14
1.9955402608129447e-10
9.560112630424555e-06
2.0129604927365818e-10
9.07999583588939e-15
4.541914533275765e-13
8.630044920875102e-13
6.933539964393276e-08
5.673949544870993e-06
1.5736689729095588e-10
4.6474046833111515e-10
2.657058795207945e-09
7.358283633015356e-15
4.677980225409328e-10
1.2038039022641694e-14
1.672004751990773e-14
1.342474909016289e-09
4.907212136640027e-11
3.558853212126678e-10
2.8428306122997224e-14
4.78027730246855e-12
3.3837014096563673e-17
7.675078825727911e-16
6.125284741226311e-12
2.0259013217005517e-11
2.3245112432124238e-11
1.3708300120041095e-11
1.2362774090443574e-15
7.134704901545774e-06
1.089956072064524e-06
1.2150176420533398e-09
1.9939582784900267e-07
3.4882462340363186e-19
1.3581810343055167e-08
6.548862074851058e-08
1.7087406793334092e-12
6.041494526876079e-10
9.09327266263027e-11
1.4919168123128657e-09
4.388909008901272e-14
8.53039772152897e-09
7.266699720252789e-13
2.43172859236071e-13
1.6921261267177634e-11
1.8902269343940709e-13
7.502214960375397e-10
1.2598612431080625e-10
2.3051431596865513e-10
1.9772008184604375e-16
9.101066796891877e-14
1.0794399228630791e-12
2.5176180296738277e-15
9.383778198923665e-09
7.511962579753728e-11
3.865674707420608e-12
7.361642961889459e-10
1.4663683600701916e-09
1.47848443557419e-12
3.4247383155161515e-05
5.632784905174049e-07
6.082917156091661e-12
7.239212209242396e-06
2.7104255195808946e-07
8.700258291582941e-08
1.2876158642192038e-15
1.663529904105676e-11
1.4486140064063265e-19
3.041161633632328e-08
2.1406498795784046e-09
8.725982544870072e-16
6.766503590077688e-13
1.0362552107616847e-16
4.084061515641224e-07
1.0092430363650706e-12
6.163396903957619e-08
2.537023554495424e-16
1.0867110544765524e-09
4.879920773026569e-11
7.22106662659483e-12
1.2128097259659666e-15
4.333537528822262e-09
4.779263207410622e-09
3.6906179501361436e-11
8.199646859358091e-16
9.072215092879865e-13
1.503484663156751e-11
1.4535310346834585e-13
9.170432468952328e-11
3.935739234517399e-10
1.0746809100447128e-18
2.8567610083074513e-11
1.5289543242591463e-10
1.2150442978142717e-11
6.356954600050813e-06
0.00032113268389366567
7.65934794158974e-15
1.0472742811851177e-10
5.322569940346966e-09
1.556814681509533e-12
5.908785283281759e-07
2.7879252590323408e-14
1.5289965474285516e-12
2.7809920165322577e-12
3.620129791670479e-05
2.1487280010834553e-10
4.2807325684179887e-08
5.67838658801107e-16
3.8181515566202434e-17
2.0624880034366564e-19
2.1946314123638677e-12
3.8428851212302106e-08
7.15285955465994e-11
9.634574388295292e-11
1.0263997632506058e-13
3.43646428308092e-16
1.7397254747919533e-09
1.891126011344113e-08
3.1034397802802947e-15
5.948629677732242e-07
2.0661220290207893e-08
1.3374977191863043e-14
5.425128228597753e-12
6.495993147836998e-05
5.171418848703979e-10
2.3155756825876672e-12
4.4493896414476986e-12
1.910212610312101e-08
1.3185866287734882e-10
1.6460238327908883e-07
9.05494843636437e-16
1.5943964370990216e-08
3.8253381018371613e-10
1.9853274907844116e-14
4.332291680952949e-08
2.85644771724769e-13
1.4680373759952772e-15
9.908810483238994e-08
3.680993357346729e-11
4.800716681824246e-12
6.090076901978103e-13
1.426577568963694e-06
3.10832001559902e-06
1.7606655879336824e-13
1.8136399805729387e-17
1.7696945864569165e-14
2.419893396776729e-09
1.8122450740065688e-07
1.1737748478664626e-15
9.138452798304608e-13
0.0002605523623060435
2.8074887184409083e-17
4.926968121682362e-13
7.586280778917875e-13
5.819674711755873e-14
5.4736966070834114e-09
1.814450824831615e-12
6.143924344975682e-12
8.691659843405042e-17
7.478538621707997e-11
6.6939101088792086e-06
9.889074151572808e-13
4.197248798520903e-11
1.1170382396841205e-09
8.185229577462039e-11
5.541919989582311e-08
1.9406967144419696e-09
3.0424916058757745e-11
0.008422976359724998
1.8836522498344064e-16
1.1423802008525552e-11
1.0161083707771468e-07
2.3977948532954985e-12
1.965392987246517e-10
6.564060458913445e-05
2.6889607246838743e-15
9.832777925211644e-10
3.217702215785323e-10
5.8429505842233585e-15
1.1063577761176099e-13
5.0105709306080826e-06
0.0031863374169915915
2.680919939171411e-12
1.5054421416693321e-18
1.5444585699242452e-07
5.870542258963694e-15
6.235831733647501e-06
4.701733793965879e-12
1.2351049545090975e-13
2.867239345505368e-05
6.632713855144606e-14
1.4620554387393542e-14
2.9641306298344716e-08
7.813783647891981e-11
2.4261113951151714e-11
1.87639096968506e-12
1.0936451050325147e-10
2.791994688777777e-07
1.5782552348353462e-11
1.7105772136285472e-15
3.400884088233802e-11
3.0380640494639954e-13
1.984343522831722e-10
1.157335338675125e-11
8.596612462684339e-13
4.431726949860604e-07
4.5922087747035656e-14
2.184465049180461e-17
6.342753405830237e-11
6.068865706200868e-14
2.640870206960244e-07
6.744907367003949e-13
9.211663719408281e-15
2.8799956908187596e-07
3.379603194519909e-11
2.5728499331023613e-09
6.470176061590394e-10
2.135622408083737e-12
4.3953515826977707e-10
9.354340635425729e-10
0.002506796969100833
1.0728080750144198e-12
5.407645360146207e-13
4.924536264679807e-16
1.5213000997826853e-11
0.0011612687958404422
9.14527920623312e-15
7.31450811031209e-09
8.522464867155577e-08
3.40445505120357e-10
9.681321716525915e-12
8.163009113104636e-08
7.076982508924545e-16
1.7365625539118856e-13
1.970924291827547e-12
2.07571129338599e-13
3.3645766294582158e-12
1.8161509629521788e-08
7.575407857431105e-13
1.0138027306538788e-07
7.375514643470638e-10
1.9273252698653875e-12
4.476373249869925e-16
2.7305438484656337e-16
6.413136948574261e-12
3.637363822208491e-16
1.0604739486552717e-07
2.278958291153252e-16
1.5635788020232355e-12
3.328420308933989e-18
6.085960101625881e-15
4.704159764089451e-14
1.0380977327750784e-11
1.6528667323711943e-09
1.158303596267285e-13
3.1308556642512114e-18
1.669371130219588e-08
4.695602846673875e-16
1.1428515078737433e-10
1.1316710635199379e-15
1.343186765154561e-13
8.993775716913664e-16
3.2733345656406343e-13
1.3447363882146401e-11
8.797357807510675e-12
1.513907714853353e-18
1.8614164218888618e-05
9.610942684062929e-13
5.371301813283935e-05
1.0664145348032728e-12
1.8275897462061153e-09
6.02826304429982e-08
5.62621338406899e-10
6.992609027652952e-17
6.6183796012815165e-15
7.017103044459905e-12
1.357351595487541e-13
1.2589945752594645e-09
4.371582917883643e-07
1.0711070702260073e-12
4.101686736726882e-18
2.5646554324687543e-11
2.547194122293206e-10
9.33048625029187e-07
6.519713241504022e-11
5.404678660170248e-08
1.8901548060057394e-07
6.723633418914687e-07
2.0062170173295972e-15
4.1771968506800275e-14
8.666754813813071e-11
1.753247943270253e-06
5.124819297229466e-13
6.065740493438679e-14
1.3354722796066198e-05
1.6178159979025505e-19
2.580782476613308e-09
2.44059626498881e-15
7.677717803744599e-05
1.7674201444606297e-06
3.845999853226839e-13
1.320162919928993e-16
2.699620210808596e-14
1.99370446367364e-12
5.544116277178546e-09
1.9093065670161558e-11
1.8849410921006893e-10
7.576195226732807e-11
1.734370263237802e-14
1.2220307231414207e-11
1.1214521404069068e-14
1.2425741546806535e-09
4.775766271336579e-08
0.00025214417837560177
4.477024653781747e-11
2.7303394745104015e-07
3.9931737759880525e-15
1.3924305798486479e-15
4.159858235652791e-09
5.143744458147026e-11
8.335388629321372e-11
4.623205501377784e-18
2.4962156246790797e-15
3.58085124052554e-11
3.3401149901468585e-11
1.6579782823100686e-05
7.617504513995378e-15
3.164910824735023e-14
1.9568874794601768e-17
9.310737944523417e-12
3.949572006251012e-12
7.307869587247495e-13
2.8416884730736447e-13
7.589175598718412e-13
1.4805636716630488e-09
2.016665778597701e-13
1.232370596630089e-13
1.939116645033323e-09
1.0018047502668992e-10
4.4345062344408603e-11
1.2994858661352637e-11
2.7182472939202285e-10
6.56674421870701e-13
9.206066464706453e-10
2.1468781613576127e-12
2.6023190269341967e-09
3.743105025932891e-08
6.961499821045436e-08
9.251714949698453e-09
0.0022195333149284124
1.9909913717697236e-08
7.450720677362396e-14
3.134251302938651e-09
3.0192035538334494e-09
9.149065532954026e-11
4.949599619052947e-10
1.6885844900116354e-07
1.082210210334722e-09
1.118274084443982e-10
5.51350021193997e-10
3.3949973908542486e-12
0.0009247004636563361
3.073994003357979e-16
1.67657804306387e-10
2.898994656526724e-14
1.5299490840892105e-10
2.333438780741104e-12
9.863769821543897e-14
7.593019332589098e-15
2.2367922791755035e-10
9.190402345399251e-13
6.840531909801939e-07
6.839484534282292e-11
2.625704688397068e-11
2.512124406064964e-12
2.5093085161825845e-12
1.3646180539728103e-12
7.480284276567675e-17
4.50467929624665e-09
1.4557001505361052e-14
7.978080869552873e-12
1.2030860752076933e-09
3.0697862030137912e-09
7.797176238000247e-09
2.9372241756999784e-15
3.362623790525987e-10
0.00028656297945417464
7.178993200795958e-06
5.4607651626668207e-17
1.132379288942961e-15
8.307402508955786e-12
1.8524985365142577e-11
2.0611788897895167e-07
5.5175451880995485e-12
5.840964689696193e-08
1.5212754389537508e-09
3.416631214059329e-11
4.345723573351279e-05
2.5069181106007754e-11
2.103887674969815e-13
2.024967554747903e-10
3.785176261317247e-08
4.063194410264259e-06
2.597847696961253e-07
5.178367734615108e-10
5.1905972575649884e-11
1.7681554137505273e-11
3.652563616688732e-15
3.31593016933418e-11
1.3819210664678394e-08
4.513994067423255e-09
2.8499253304503647e-11
2.1525188742543833e-07
4.023706281358619e-13
5.1709870604099706e-05
4.1497638658682945e-12
1.0299808783642561e-09
3.9300832033184463e-10
1.4482387086900417e-05
1.4242120503771272e-11
1.8262494093341337e-15
1.2129452173562094e-13
4.000049565937389e-15
5.122473625829294e-13
8.84444947835128e-12
9.74019693025796e-13
1.1903965313475595e-10
7.080480299292979e-12
1.3939249754457705e-10
3.4550660943377665e-11
3.5662309910700074e-11
2.0953129509226898e-10
3.4066892644520064e-14
5.668591139020018e-13
3.0175744125671145e-09
3.2324930492738657e-12
8.987328242726633e-12
1.006492400534853e-08
4.228896122171477e-10
6.53880703922749e-14
1.3333832704631732e-08
3.8131345303504816e-11
2.1301597996625787e-07
1.4545031845614176e-11
4.0370069369150745e-16
6.229940868740513e-11
6.941320348369251e-12
7.975680019038384e-15
3.594728630566682e-15
1.3897350470415404e-07
2.584901562443381e-16
2.8518164392477008e-12
1.7956208466785029e-06
1.1847014670069247e-15
7.360576037562794e-10
1.7863600602793073e-17
3.1385014385824656e-15
1.206491368399218e-13
9.626978680898901e-07
2.0177451357417282e-15
1.1562978130541524e-08
6.616544645510203e-09
3.442209217871223e-17
1.0012941942250109e-07
1.4032018214038544e-07
3.178632747892631e-17
9.743484181481751e-17
2.3443316177207407e-09
1.750335570926964e-10
2.0912203311249447e-14
4.964923430879602e-15
1.3063416451006282e-12
0.08330204337835312
0.013099387288093567
5.772907152312712e-11
4.9585901251703035e-06
6.2915609078118e-07
8.0627907508065e-14
2.180096999533144e-15
1.9441633836137472e-14
2.508635033509959e-15
7.803145282703206e-12
1.1155493195857957e-10
3.218401294167311e-14
3.971539676989044e-12
3.5446859240428983e-15
2.788146602483721e-08
1.1439848049906473e-15
4.2713305115071876e-11
1.3552199184911629e-13
1.1244033260027209e-07
4.688954291509617e-08
9.019837828028177e-12
9.004688813173123e-13
3.768914957902325e-09
8.566346612814689e-17
7.03293023116198e-15
8.638187685766283e-15
3.864738390424449e-12
1.5455451588680669e-12
1.9460750014504286e-13
1.404000388172122e-10
7.870123823472408e-12
6.139973418584077e-09
8.245858680311358e-07
1.3744856151138261e-14
9.800984468455454e-10
5.968896210628571e-11
5.035814820697482e-11
1.4758638545487885e-16
7.599557241095775e-14
2.218422494315586e-12
7.78566162396992e-16
5.0430312370508545e-08
1.6117624812919673e-13
1.1530927324088225e-09
2.4156009224146624e-12
1.7761435378016444e-10
2.526663323010325e-10
7.53075851461435e-14
1.0948542072952705e-09
4.2438444425307864e-10
4.6713171525381014e-11
2.200868735559102e-16
3.7435207711489227e-11
2.14346451863029e-17
2.0624295871130016e-07
6.057740975506931e-10
6.90445608537071e-15
2.1095836189033434e-07
1.0664911878968675e-13
1.3912407467384091e-12
1.486088079889546e-18
0.0002693938440643251
5.024881843951334e-09
1.0961376695206582e-08
6.111962742557167e-14
7.75225857899825e-13
1.3864293183301267e-17
1.31889535737173e-07
3.3030759168274767e-16
3.8160866466796506e-08
1.2321333953124736e-09
2.6147058354727103e-14
1.7081003278462958e-10
4.7856783425004323e-08
2.065839835893417e-14
2.6315852539357098e-15
1.634654871239286e-16
8.105627280485805e-10
1.407497451921813e-09
3.4355257896336033e-13
0.00015452905790880322
2.291990517733558e-14
2.7481844213229478e-15
3.8091752685431857e-07
2.9332289375183507e-10
4.919806644460576e-15
1.7989885839689301e-12
7.308287547184988e-13
7.305534656225094e-15
1.4885791210783594e-10
2.1908185335317576e-11
2.5866729203016803e-08
3.1947290608513867e-06
1.5343778764914662e-12
4.2788933203932733e-13
2.1948031499879894e-12
2.1860758536718095e-08
9.287972613236661e-10
5.0769620429491624e-05
1.4993231161497533e-05
5.5144441096777186e-11
1.9443479812308873e-11
1.6137120806281047e-10
1.6053665558360408e-12
7.863306902312905e-13
3.5058457872882975e-13
4.32658309179601e-09
2.484674250201324e-14
1.2638425861410951e-09
3.974398588013628e-11
1.0517055976100309e-11
4.765345895663131e-09
3.762456179945417e-10
1.4094637729080567e-13
1.8257576440278145e-12
1.582087461038384e-09
1.1739183491954464e-07
7.519000699840461e-11
5.213847948759391e-14
5.253597009868827e-06
6.287006026894915e-09
2.3486077666001748e-11
4.2289329371669737e-07
1.3967398615477578e-07
4.0786082422528125e-07
7.92505124991294e-06
1.4916607824488892e-06
3.497357292658876e-09
0.00016983207024168223
1.8887032638303936e-05
5.033762295880706e-10
5.986862561258022e-06
7.170059359608294e-14
0.00026058737421408296
1.1461155358105657e-09
4.8107375999744285e-15
2.299307272357609e-10
1.2562175299990486e-08
1.7913060901264544e-07
2.644642904670036e-07
3.320194252864894e-08
1.967799335034215e-06
2.6546989829512313e-05
2.687012511159992e-06
4.730245972695002e-09
4.224522207746384e-12
2.2345206197524337e-13
2.7035738231166892e-17
0.00023997979587875307
8.681451668657303e-10
1.9256161110092762e-09
2.2664130572280783e-09
0.05695885047316551
2.14581730162422e-09
0.9339796304702759
4.675933723774506e-06
2.8912789275636896e-05
3.1593710900779115e-06
3.4928859804495005e-08
1.4533114989223606e-10
3.9923824662890794e-11
1.2322037834522348e-09
1.3259389142206146e-09
6.677493974427406e-11
1.2846054515264216e-12
1.5670559150748886e-05
1.8215216641692678e-06
3.2720723353030223e-10
1.1166861879630119e-10
4.084426963313348e-10
2.0236652631400176e-11
1.9505280945963932e-08
1.784830387597993e-14
2.9314151800408084e-11
4.115376095459311e-11
6.283861764266874e-10
1.7813943560958086e-15
1.2253362213776597e-10
3.115457730018534e-05
4.4937745968809395e-08
2.253074029429092e-12
0.0001401442859787494
9.83242154362074e-10
3.237856857629673e-11
1.0034028719019261e-07
2.9232949306406183e-16
4.83175277565806e-10
0.0006054342957213521
1.2637091231226805e-06
0.0007657234091311693
3.7543861353128705e-09
1.87236632448462e-11
1.252813217433868e-05
1.7935572316218895e-07
5.452575280173733e-09
4.639933402772467e-12
2.472162918820686e-09
4.3352389184292406e-05
1.1734929000750682e-11
2.747523129148499e-12
9.903780018305497e-09
2.5954780547010614e-09
1.6917325179610643e-11
5.261174251813827e-08
2.2844540126243373e-07
1.756859935309052e-11
7.583059158378092e-08
2.469846202557413e-11
1.966820036614081e-06
6.716111000670821e-10
1.9636415160562137e-08
1.1781126886489801e-05
1.8638668386472546e-09
2.098105467140954e-09
8.669219508927739e-11
1.902674018339212e-09
5.14980336152604e-10
9.404992340478202e-09
1.129041443670431e-10
3.992700267629878e-12
3.2092277706397e-06
6.011727404677935e-16
9.526537544934932e-12
9.221908840117976e-05
4.04041244905784e-08
3.078337584838664e-11
1.3691249478142709e-05
6.197564683674273e-10
5.427824856241159e-10
5.290722027151418e-11
3.143175620495299e-14
5.172997585844996e-10
1.0463289754625293e-06
1.629809481817901e-10
6.2220523872058564e-12
3.0352562134794425e-06
1.9869841327846416e-09
1.4106210421971355e-08
5.834290273121212e-10
7.038728627728474e-11
3.844598541036248e-05
1.9552837127179146e-09
6.714230950735645e-13
2.660639264462361e-09
1.9893514391355893e-08
0.006201900541782379
1.050504735283786e-11
9.375784770782047e-08
5.600231107842635e-13
1.1203907810189428e-12
1.7445597677578917e-06
1.2721811104565717e-10
2.5927442948159296e-07
1.77770129244578e-15
8.182085231567271e-09
1.2160852236320352e-07
0.013336669653654099
1.331932253378909e-07
5.058792140744117e-08
6.336314003486029e-17
1.3779249741219246e-07
5.915482688578777e-06
2.0382674392749323e-07
5.5820568978758034e-14
4.063797742759334e-09
0.00022062339121475816
5.991757643641904e-05
2.2457121303887106e-05
1.3861460590458563e-10
3.2286939788406244e-10
1.014856643166695e-08
9.779365655049332e-07
8.254497743109823e-07
6.869676494325461e-10
1.5933254360334104e-07
0.0052975257858633995
2.7660115620165016e-07
2.2278127953523352e-10
3.117441374489438e-11
1.2328658158367034e-05
3.3242809877265245e-05
6.918338124606294e-11
3.0277635687525617e-07
3.391678262687492e-07
2.313694722033688e-06
1.721407016930243e-08
9.303287307194097e-11
3.1255416033104666e-09
2.665618303865358e-08
5.525367718917096e-09
3.868916160208215e-14
3.066769407866765e-11
1.2911722038766449e-11
2.2723024812876247e-05
1.3212810845431022e-09
2.4505763462912e-07
1.3222986581240548e-06
7.532572787738445e-09
1.9039905763129639e-10
3.0812383755574047e-08
1.279391004894775e-14
7.744804975118313e-07
0.07023266702890396
7.867612269139845e-13
1.6192363422318223e-11
1.9131648576562604e-13
1.225682888517099e-09
6.9577277272969695e-09
3.567418360717056e-09
1.7426660292585439e-07
4.283101517899013e-08
0.018157685175538063
7.465667928969414e-15
3.3982757940975716e-08
2.7277360925559435e-10
1.2192131748633983e-08
8.578557921532295e-14
0.006270689889788628
2.470074207394646e-07
8.488348157698056e-08
8.017818799999077e-06
3.4178807339912964e-08
1.7101173170885886e-06
2.6757999876281247e-05
2.0447986415206287e-08
2.0773817388519689e-10
0.00012107386282877997
1.1999875106170205e-13
3.3003930184349883e-06
3.1352406781870457e-11
0.000134553512907587
6.449676792641412e-09
6.098273297538981e-05
1.5635870376229377e-09
7.102740704617583e-13
2.0524181465475522e-08
8.767859071667772e-06
4.071104342528997e-07
6.265578122111037e-06
4.024736707103349e-12
1.949939992459959e-12
3.4616412847299216e-08
1.4865816910791807e-10
2.373982260772678e-11
2.469655555614736e-06
1.3400540399555183e-10
6.215587588653956e-16
2.608971025330753e-11
4.8804089601617306e-05
0.007758193649351597
7.0848407140999825e-09
1.8688532463784213e-06
6.14534811926859e-10
3.2960960627548275e-09
1.9260834704937224e-08
6.493905413407219e-09
9.65371337556531e-13
4.241622678091694e-12
7.631505809513328e-07
9.405998184774944e-07
1.927796944301008e-07
4.684323329229301e-08
2.0412815882053792e-10
1.001908733928858e-12
6.451673328911056e-08
2.6646027398435912e-11
1.719611231187912e-09
1.0945931938621811e-09
1.3867965109604086e-10
6.52910784992855e-06
1.417683886950627e-10
8.513713396496314e-07
0.0004934838507324457
9.24426590831473e-10
7.694215820031047e-10
6.189388659549877e-05
3.1005982494400526e-16
3.85535692259964e-09
4.381033757994146e-09
8.000935913798912e-09
0.0004898106562905014
2.113102254952537e-06
4.1226508318281674e-11
1.1763020069111008e-07
2.5145311180474472e-12
9.64555546545398e-10
3.6203637865384053e-09
1.961140361217417e-09
0.04977346211671829
2.305755364417905e-09
5.794137614145711e-09
1.1048627568399638e-09
3.1235479480695716e-11
5.938081137912832e-10
8.471688628386431e-12
1.396054712804462e-12
1.1180087078344059e-08
7.2918995286386235e-09
1.1938863092586516e-11
2.86443924135682e-10
1.1186596787782221e-11
2.1787616333313053e-06
2.9606980755936263e-10
1.0177012704781774e-10
3.5070997910224833e-06
5.121142954145341e-10
1.1145212752694533e-08
0.0001258899283129722
7.294642447798114e-16
3.3329830562145446e-10
4.189823357592104e-06
4.638253085431643e-05
1.7852205047574898e-08
1.3885480439068676e-11
1.2988188302642811e-08
2.5144546000888113e-08
3.361239780431957e-13
4.185311385657142e-12
2.547241422234947e-07
0.0008284302894026041
2.3666671053468313e-11
6.4829844632186e-05
1.2831521956080394e-10
2.016855837894127e-08
3.3927758380514206e-09
4.539289147942327e-05
3.2107656977586885e-08
1.4111237760516815e-06
8.674987839185633e-08
6.990955444052815e-05
5.715751205670472e-10
2.8145093438070035e-06
3.046088936642377e-09
2.40064128576023e-08
9.583256410650165e-11
3.431989359370391e-09
7.62361305532977e-05
5.684760040480796e-08
4.517747527188476e-07
0.00012344330025371164
0.0002613295800983906
4.765936534312232e-09
1.223982692977188e-08
1.0931494598409586e-09
1.252970260878783e-08
2.015817983647139e-07
6.623017725360114e-07
5.646599632314064e-09
5.663916618294006e-15
2.1644026848566256e-11
4.237879329593852e-05
5.466533822828801e-11
1.3267313679968251e-12
2.0813301304656306e-08
9.297242420380769e-10
1.0275423090524982e-12
2.362132570706693e-13
2.697321255240581e-09
2.6914549380308017e-05
1.7421595277511415e-09
3.587296930618322e-07
4.83789051486383e-07
8.837733604834253e-13
2.999820480908966e-08
4.3907177893487415e-10
2.411995410511736e-06
1.3133092124917312e-06
1.5619966120539175e-07
4.523853476712247e-06
0.00016191313625313342
4.553527555017922e-10
5.001118673375084e-14
1.402526428329054e-09
2.240910816908581e-06
4.968462165126641e-13
4.4365343399022095e-08
3.0453826960208374e-11
6.67276178756282e-10
3.863220626953989e-06
2.9681820024052286e-07
0.0015891122166067362
4.685036358864636e-09
8.396553994316491e-07
5.893767418552187e-11
0.011913393624126911
6.704323207706864e-10
2.4659298908380478e-11
1.8962731473948224e-06
4.2686040813144643e-10
5.34774244442815e-07
1.898286666746074e-10
2.2752022488248258e-08
5.244540153721833e-13
8.67587368702516e-06
8.206311576941516e-07
2.1589130483334884e-09
7.877163810121601e-09
1.2738447367155459e-05
2.4865709491450616e-10
4.169054648173187e-07
5.130228242222756e-09
6.521202414871974e-12
2.3963628859036135e-09
8.876526180756628e-08
5.080826709878694e-13
1.8613515173626638e-09
1.0112104296272628e-12
9.611086170480121e-06
8.015182078159946e-14
1.5961748589532476e-10
0.00018081229063682258
1.5182529011781298e-08
5.268383819478917e-12
8.0617887365797e-11
1.4295238770500873e-08
3.079061727806476e-10
2.2245282872701555e-12
4.710023233656102e-07
3.475051843504495e-11
7.855089356745282e-10
6.269752361731662e-08
3.714590213112906e-13
7.934131573961167e-09
4.139675269243526e-09
1.1136509076026258e-10
0.019378475844860077
6.870304787298664e-07
1.7750351535839037e-11
1.6552816409221016e-11
1.3922663129051216e-06
8.652203953296578e-11
0.00032471123267896473
5.275966295792411e-12
1.844181980459325e-07
3.50403570337221e-05
5.216290333009965e-08
2.318400049716729e-08
2.366938588238554e-06
1.7626415882432411e-09
9.158240573015064e-06
1.8586971464173985e-06
0.8822253346443176
3.336332599079839e-11
3.762743858715112e-07
2.0381675014391476e-08
8.995724720683995e-10
1.4200370657135863e-08
6.775997540842127e-09
8.877169832555154e-12
2.910963485192042e-05
2.2208144611485237e-12
0.00011528879258548841
8.261528819275554e-06
9.463184902358535e-09
1.2247688486229785e-13
1.3121161828166805e-06
2.2538639843361352e-09
1.8680244465940632e-05
7.861875039871791e-11
3.0626912916886795e-07
0.00017731230764184147
0.0021013901568949223
1.760438550491017e-08
6.732205974913086e-07
5.020735563410206e-12
0.0002644530904944986
5.455317729670395e-14
4.62902929692071e-14
1.3247562492324505e-05
2.77084757048518e-12
7.495703363558093e-11
3.119390967754043e-08
6.457859247355202e-10
2.0018608992700138e-10
1.5310738232798826e-09
8.594596145883315e-09
1.026056324349156e-07
3.3854669823085715e-07
2.069718973984891e-08
2.71020579330867e-15
1.7129305786289795e-12
0.3214280903339386
2.738274531566276e-07
1.653058916417649e-06
1.3683900590422127e-07
1.143738401765404e-07
1.4927639444207318e-18
3.642309023832446e-11
1.2771498268671078e-11
2.040130508973448e-09
1.8848700378271133e-09
1.6756595186961931e-06
3.512639734637446e-09
2.577955342530913e-07
2.6734834506804417e-13
2.681506146018364e-07
6.747458769496006e-08
3.760910658456851e-07
0.0001451002899557352
9.605477524488037e-10
4.005262610462523e-08
7.75573353166692e-05
2.1395198928075843e-06
4.996488112141151e-09
1.4054468238100526e-06
1.7212057912274759e-07
1.2022287165791568e-08
5.266558023020451e-11
5.320852096701856e-07
4.7614977932708413e-11
0.006979482248425484
6.94208190932244e-10
3.1532068622830423e-12
2.405908154992642e-12
3.0838723574788673e-08
5.892201926371854e-08
8.68491770233959e-05
0.000108000633190386
2.571795857872483e-12
8.109194565841804e-11
2.995109582570876e-08
4.785523287864635e-06
6.03541892019166e-08
8.339762214149005e-11
1.036174878538132e-11
1.1266739494489308e-12
1.0753454376954963e-10
1.2516411518337378e-10
1.6456465357084227e-10
2.237141870864434e-06
8.882461823359056e-14
2.837741931216442e-06
7.066206819672516e-08
6.861746442154981e-07
6.451514957705367e-15
3.229199407872585e-10
6.606188374114197e-10
3.605975962273078e-08
1.994552258111071e-05
1.134231857741197e-11
5.381418509593783e-13
2.660065635644304e-13
2.467569704123207e-09
3.720194985401548e-11
8.241209364240332e-13
2.7732224339160894e-07
5.007189662897815e-10
3.087503941401337e-08
1.11524203205704e-08
3.0348752488862374e-07
2.456008174611668e-10
9.247575375273022e-15
4.4302140622676234e-07
6.894804727153314e-09
2.3606611776472164e-08
1.5756668858557532e-07
1.134509500233527e-10
1.0739634008494203e-11
2.4416419949248314e-13
3.4568496953824024e-09
7.999176876438696e-10
6.393256063441655e-11
4.85384976656178e-09
6.412648190234904e-08
1.0117241799889598e-07
1.5737471048549168e-10
6.22014040274621e-09
1.1051841397602402e-07
0.0002317984472028911
1.6427729576662387e-07
3.5918287011327266e-08
0.0008420050144195557
8.893063636605802e-07
8.660171246788195e-09
0.0005516683449968696
3.5158791433786973e-08
1.874665827017452e-07
2.4966661840153392e-06
3.457065189671482e-10
5.439733286038972e-07
5.009157533208963e-10
1.7083563008668534e-08
1.1703519042782773e-08
9.41124767450674e-07
6.6688508881807e-11
6.919363841006998e-06
1.097808147420545e-14
5.646828427074979e-08
5.846969501448196e-13
4.196257214061916e-05
5.444211979011016e-07
1.0519745075043829e-07
1.9138438392667795e-13
9.910386324918363e-06
1.8281205882431095e-08
3.020838787448632e-13
5.5423450551206344e-11
1.243782776327862e-06
1.2044584773995837e-10
3.2440143513667863e-06
4.7405990244442364e-08
1.1121739109092726e-13
6.377460067596985e-06
0.06750907003879547
8.31185272519297e-13
0.19998088479042053
7.891003829367266e-15
3.029345663208005e-08
1.8124346468084696e-08
5.285048843006734e-09
2.5801102765399264e-07
1.2029041499772575e-05
2.7925247834612033e-13
1.6759934640207114e-13
1.1927419336643652e-06
2.170442471582934e-11
9.546486864908665e-13
1.2738165189318806e-08
1.1853295234232064e-08
2.190892800513211e-08
1.6683055719113327e-06
8.096328512133266e-13
1.062675437424332e-06
8.355110367119778e-06
2.324811987364228e-08
1.0063407884786102e-08
0.00035846568061970174
3.818638460995061e-10
0.0009074397967197001
1.3046932508586906e-05
3.1369112862833504e-10
1.9344630786122252e-08
1.3456083358676096e-08
5.125083912815853e-09
1.2973333518573327e-08
0.0009999588364735246
1.6251726631111296e-09
5.0422926251014744e-11
1.2676478790274448e-12
1.0006316841781882e-07
1.7418811282254865e-08
1.1548617067091982e-06
2.601826254444717e-10
9.467409967101048e-09
2.802758842790354e-07
5.04227128800272e-12
4.358959631645121e-05
4.811701731499696e-11
1.1190694204632479e-11
2.2772965289777694e-14
1.178752206953959e-09
6.414433073587134e-07
4.875518015978741e-07
2.6298021538195826e-09
1.599032989352267e-10
8.85143435880309e-07
1.3179845659294642e-08
1.1976605485131131e-08
5.316167428146001e-13
3.0993757604846905e-07
4.41891748886869e-12
2.9059605199596716e-13
1.3165735254005995e-05
8.048922950365522e-07
1.8784422906037435e-09
5.498608790510673e-10
2.1793344906484435e-09
7.821077815606259e-06
7.25737470119725e-10
3.764046778087504e-05
5.372694289462743e-08
2.3283713874994302e-15
2.2443952252260146e-10
3.7809230746255196e-10
6.123525758726725e-14
3.721132083023271e-11
3.517272695319207e-09
0.00018296907364856452
1.1213754760319716e-06
1.7275884601986036e-05
7.258624827954918e-05
4.0868558537354716e-11
5.679287085058604e-08
3.2587499365632766e-10
1.2745205424380401e-07
4.1708223541547795e-09
1.954828743322423e-09
2.749194101536734e-13
4.318367700761883e-06
1.313877504571792e-07
7.350549058315892e-09
0.004936127923429012
7.145013025677827e-09
4.3744929900668694e-10
4.876826942279422e-09
4.662947361566694e-08
1.2839992957758284e-10
4.072964188139849e-08
2.0258560107233592e-10
4.011374585388694e-06
0.00011042601545341313
2.8617129499419747e-11
1.232678670248788e-07
2.057170128688668e-10
3.882198382210156e-11
6.872186020245863e-08
1.2443756531865802e-05
1.0446368770011816e-10
1.881188154584379e-06
1.4785657143079334e-09
2.2655863296527912e-10
7.998303408474072e-11
1.4120309366205674e-09
9.774182672117604e-07
3.2801531131033956e-13
2.5165497845591744e-06
2.673167909250651e-09
1.2521491044026334e-05
2.267656554977293e-06
9.729823347015554e-08
2.4887094121628373e-11
2.301631525369885e-07
6.175349120951523e-09
1.0577629917796205e-11
1.463925009860534e-14
2.3974919827196572e-09
7.009039109107107e-05
2.4916424479215493e-09
2.5443052436457947e-05
3.214472524964984e-12
1.25980761822575e-07
1.2588004665303743e-06
2.6588097625790397e-06
6.955959142018742e-10
8.030090248212218e-05
1.2374610378174111e-05
7.407297744066454e-07
3.2853550435696377e-10
5.957709911345865e-13
1.6369334844057448e-05
2.2197715225047432e-05
3.9964354742183517e-11
7.42131334163787e-08
3.045106495846994e-07
6.122112907770705e-14
3.276137092731238e-14
2.616747929451435e-09
2.312423585948409e-09
2.283343736309007e-09
0.0022026635706424713
5.158568114893569e-07
3.8909441002488165e-08
1.1099769107320023e-12
7.139722697502293e-07
7.190553041880321e-09
4.214836257787624e-10
0.0018807300366461277
5.465902795480371e-13
9.86536150549e-08
5.460390169534368e-13
3.15322795652051e-10
7.24512061456295e-10
4.1558944730013536e-08
6.799744361324356e-12
0.1776936650276184
2.183539637892317e-14
0.0032699971925467253
1.6024900162392441e-07
5.270691190162324e-07
8.58676507675682e-09
3.1751112850031404e-10
1.0811023187784485e-09
7.177107241851388e-10
3.152132027617327e-11
3.8493041219778146e-12
0.00815914198756218
1.9847662713345926e-07
1.5685035492651878e-09
3.544686023815302e-06
7.988465949892998e-05
8.740591539435627e-08
3.460430997737768e-13
8.816620393828356e-13
4.97284102785045e-10
4.216404931867146e-07
1.5373814676422626e-05
1.9861969846601824e-08
1.060222754034612e-08
4.98557098382868e-12
4.502084630075842e-05
2.5392319358275017e-08
1.2492237062497469e-12
3.388628544431782e-10
1.4195895801094593e-06
1.489602441395732e-09
0.000770371058024466
2.8417592723428697e-09
1.43687122999836e-06
3.994996222900227e-05
3.215515675947245e-07
1.5852272619576446e-11
6.014019504618773e-09
5.829020377490224e-09
2.8059041142114438e-05
1.0382793800070567e-12
1.2686288131114054e-10
6.440253885742209e-11
6.987653478063294e-07
1.510686956862628e-06
1.2291710049794347e-07
1.103703094392785e-15
3.500472134376764e-10
5.888025483846704e-11
5.2002971642650664e-05
5.947830006292065e-10
1.2494537265169033e-14
1.2021553629892878e-05
7.489807927509029e-13
6.454550671719517e-09
4.844468715070605e-10
1.0591807986237711e-10
2.577603130937689e-10
9.804068668017862e-10
3.6986787108617136e-06
5.551803337395427e-15
1.364195668429602e-05
8.048740493538098e-12
2.2120605694397888e-11
2.1879181133499515e-07
0.2001512199640274
4.79321915491937e-10
1.2468237553520112e-09
2.252054986939811e-09
2.1719043230561397e-11
3.359109177836217e-05
4.014748992631212e-05
1.3785728031942123e-15
5.358710950531531e-06
1.0502884606466978e-07
8.727497891047875e-12
4.4220838102404514e-10
2.642296104138353e-13
1.0515802673083385e-09
1.1504894104064078e-07
5.644542450632117e-13
8.999361811312667e-10
3.500231771091933e-10
3.071469814597272e-11
1.6120886847659222e-09
2.0082572049773262e-08
3.206454834980832e-07
1.1082591008099163e-12
0.00012635499297175556
4.803916292539512e-11
2.1592889254407055e-08
6.52679577051174e-10
0.0005426277639344335
3.1481421636225804e-11
3.628212660866659e-11
1.4054506447536141e-09
1.822254525052358e-08
1.539576278963839e-11
2.5330868425044173e-07
4.502053343458101e-07
9.469513367887927e-11
1.6628300727461465e-05
1.046210673649739e-09
2.5385549565215548e-11
2.0455983573697267e-08
1.659355487217129e-12
4.338547796578496e-07
1.297591114418628e-11
2.972516677246517e-11
1.58137936523417e-05
2.931546607028157e-13
1.8277828903179305e-11
1.8733944173732198e-08
2.724684406985034e-07
1.1934810117963934e-07
5.911123713345766e-16
1.3900764983532099e-08
1.3039737067899182e-09
5.390345830282028e-13
1.0371763262692971e-13
3.7052345192023495e-07
5.446574857792541e-10
2.991081549108543e-10
2.236311315165565e-13
9.404341749785772e-10
5.553286303028315e-11
3.65430233816022e-13
6.527791356347734e-07
6.319237577656622e-09
5.407661124445795e-11
6.878411618060909e-09
1.4952748761398738e-10
1.304331021856342e-06
4.4653522546234115e-10
6.416372988482522e-10
3.134985604447138e-10
4.86960489070043e-05
0.0004493353480938822
6.920696478118771e-07
3.7373281552843807e-11
2.119394215682746e-09
4.1216349444539446e-08
2.2640133465756662e-06
1.743463940329093e-06
3.2847868869367858e-09
0.009433713741600513
2.51745269075343e-09
5.26101416653546e-07
3.0086045654798e-08
0.00035669459612108767
1.7202113440362155e-06
9.840658288240434e-10
1.0357811497385683e-08
9.415204615947914e-09
2.6038168843278697e-10
2.2601479940931313e-05
3.38642010483739e-13
7.838233534451788e-11
2.453610925545746e-10
2.877561078307167e-09
9.832519687336116e-09
2.681190772874098e-12
5.1997565606143326e-05
2.835447371687949e-12
2.09288941732666e-09
1.0986210552399456e-10
5.058459207063493e-10
1.1755477089536726e-06
9.486133421887644e-06
1.408751444387235e-07
0.0002752295113168657
6.147139047785188e-11
1.3337402810322842e-14
8.889656372135235e-12
1.2474792129069101e-05
4.739505641282449e-07
1.9046784149878704e-09
1.0906814340572168e-09
7.955664571568377e-09
4.996879354735029e-09
2.4053932179413096e-09
6.231126548073007e-08
5.401835068141736e-08
4.330273895902792e-06
1.0827319596451446e-10
1.154268195781294e-12
1.2417243233642239e-08
5.517789304576581e-06
8.364799555238278e-07
9.068141376689098e-11
9.234221165499434e-10
4.309162193738558e-10
2.0398027711365785e-10
0.004638020880520344
2.3434996209305186e-17
7.2133993000989e-08
1.3355382577628916e-07
0.00011649266525637358
1.2270095963579086e-12
9.530267547352977e-11
0.00029001868097111583
4.618739743965372e-13
0.00016419046733062714
0.0001049206912284717
1.1526543777882082e-14
0.15237683057785034
2.2319342207755e-10
4.279483451635757e-12
6.344166791905081e-08
3.325046943510046e-13
1.3404893861590494e-09
1.6804783120605293e-09
8.495771180605516e-05
3.7163001564977094e-08
1.4656485518571571e-06
1.175267357211851e-06
4.461854334354004e-13
4.551993004753285e-09
1.8754966731648892e-05
3.929839526711776e-12
2.187202454706494e-07
1.7211631586633303e-07
0.0021413194481283426
3.777179957697996e-11
0.0012004873715341091
8.980566690297564e-07
0.0004982819082215428
7.429512720591447e-07
1.2539057024696376e-05
5.829186959516175e-13
5.54024495613703e-07
5.122788934386335e-05
5.575991890438559e-10
3.720968672071834e-11
6.038495398152932e-11
1.5174775569448684e-07
0.01298968493938446
1.2079912181661712e-08
0.004351786803454161
4.099369377286166e-08
1.2133159543736838e-05
7.448594185888169e-09
1.3994726941746194e-05
2.0513151940959595e-11
1.0193537535601888e-15
3.0624343594354286e-07
1.1826159660116662e-14
2.1018690858909395e-06
0.04758601263165474
1.3785090639649314e-16
2.422220646280948e-09
1.3564806977228727e-05
8.034512575250119e-06
3.8274027366501026e-14
4.5410876448048754e-11
4.302654232901659e-08
6.9895390202631e-14
