3.632470324532733e-08
0.0019027575617656112
1.0834235418533122e-11
4.00090822017668e-13
2.237020702011705e-08
2.28210454006339e-11
2.1217631818171157e-10
6.583143454192211e-14
4.362916972144859e-11
1.3320052526244464e-12
2.42591138288617e-08
1.4483562127409755e-09
0.00013191046309657395
7.040795779110183e-15
1.8605137430682817e-09
1.1349259206039353e-12
1.5184453019500936e-14
6.396077001369349e-10
4.637291933914586e-14
4.247856840583486e-12
8.914899080991745e-05
8.336109580397988e-10
4.5220962391345765e-12
1.0808372426229784e-11
5.84973403050526e-10
4.749505023937672e-06
1.282750332620708e-07
1.3157074578050085e-14
9.187420269007873e-10
4.099158559256466e-07
5.648745968755975e-07
9.365282800568447e-14
7.407884861088121e-10
1.0511461492890284e-11
5.6000186710036814e-09
5.463331176347452e-12
8.440540710807909e-09
2.1582386485613503e-12
1.6302563465853126e-11
4.0625099018143374e-07
1.6450059157756572e-18
9.372718157152349e-10
1.1360306141974807e-12
5.158836211194284e-05
1.0065330513508997e-11
1.7357941256221365e-13
3.0125302751503324e-13
1.8143732349873432e-10
3.576178869479918e-06
3.991006565229327e-07
6.874338134865189e-15
2.9518703020120496e-12
2.801039998903687e-12
5.6948191821948324e-12
5.57220112065715e-12
8.975799270505291e-12
1.4124632019552052e-11
2.6468305086742305e-13
1.4186293917362036e-08
2.7715023913279114e-16
2.691431518542231e-06
5.407183578959188e-16
5.220845999444335e-13
3.521966718267322e-08
3.4596416753629455e-07
2.543958288470094e-08
1.3699349432627628e-09
1.2415361436142143e-17
1.132376192813922e-09
7.470245533269804e-10
1.3628334727400215e-06
1.0064864523415262e-12
8.211762292376079e-08
2.137130829767196e-15
1.9153821324141562e-12
4.2609801104154243e-11
5.714145823176864e-11
2.6819867571248324e-07
1.64614948516828e-06
1.3563550781657552e-13
1.621034505967206e-19
7.610262382296354e-14
1.9813941776192223e-07
2.1312622500158085e-10
5.831019556090666e-10
1.116589641894075e-15
9.822154645178216e-09
1.1613221669037888e-11
7.396448227113203e-14
1.105542057899811e-08
2.09308104182071e-09
3.259051339910002e-08
1.3907410799911206e-17
4.349383741076955e-14
7.557505316002633e-11
4.1062452374972247e-13
1.039923186354607e-14
1.407728100755179e-13
4.746258582599694e-06
9.147532313872817e-18
3.116962909999188e-09
4.4957756961672146e-10
1.9700551140509198e-13
2.431396640148681e-15
2.5937813794063623e-16
5.767343525496516e-13
1.6436662519936363e-07
4.036743270381671e-13
2.0309447457123042e-09
1.3562678541009787e-12
2.0842716116388493e-14
1.6809767119929653e-11
9.224846309052737e-08
1.816946176846912e-10
5.776225293629977e-07
4.560078356585784e-11
7.62440631463246e-12
1.860646879625616e-11
3.3373878747383623e-12
1.863091902976066e-09
4.326176393574903e-14
4.759920235741788e-10
6.9621669811659875e-15
7.717783319094451e-07
6.643823623984088e-16
1.1230748969692783e-10
3.3440433755416166e-10
4.599245984060474e-11
1.3225088613209174e-13
5.149776004936824e-13
2.048791778464575e-16
6.403172658764333e-09
5.961804341557951e-16
9.135097023174176e-15
8.807338132453893e-14
8.075850752020663e-12
5.626192289831522e-10
6.18168294330701e-11
5.891412032700549e-13
1.189416676261601e-09
7.175282590310417e-11
6.533344004688857e-11
4.258334342921444e-07
0.00013770110672339797
9.963837532822595e-10
5.695973553931921e-11
1.1590252195492479e-11
1.2324968892425247e-14
1.9152416130363385e-14
1.4560242253417247e-15
1.5741221328258344e-14
1.9899148518201515e-14
8.080038860214245e-09
1.935595239643817e-09
2.488086714436122e-08
2.0342012518881347e-09
1.4082276469061517e-13
2.921689112866943e-09
7.35872994483966e-12
1.5731058838715424e-16
7.556289866413783e-16
9.790328964198736e-11
2.429460238127963e-14
3.570862681066822e-13
3.6319363315440167e-12
5.685857340509415e-11
3.080527122278909e-08
6.495298049413734e-11
2.6472609221136307e-16
1.0835267579001329e-11
6.849390388197207e-07
4.207102799426763e-17
6.633157356716879e-10
1.7839036912020495e-15
0.0008612907840870321
2.348035932353554e-10
1.1250163127474178e-12
9.091941202731338e-14
1.4564242366510655e-15
5.7615305755487345e-12
2.924602227061257e-11
1.3216244987290793e-08
9.671420331258673e-10
4.821961496759286e-08
1.1207349067884897e-12
8.382832027882818e-16
2.542302812713615e-09
3.9703516519566583e-19
3.1469027383934645e-09
9.099014597335753e-11
2.465505666293666e-08
1.6115505729885626e-07
4.190078506383088e-09
1.9635494027170353e-05
2.749460840417456e-17
6.742981213392341e-07
1.7577861388673455e-10
0.11474697291851044
3.330632148532925e-17
8.034996279437934e-12
2.8883013602348795e-12
2.443552471476096e-09
1.1723216527311647e-13
1.9147018497610302e-13
0.0005655844579450786
3.474006915471506e-10
3.111670254796195e-09
0.002234285930171609
2.1951212549053967e-12
2.3796476941728706e-12
3.301854789583558e-08
1.2978534220570745e-15
7.561765883595806e-13
2.700978639897755e-15
8.216806575422897e-12
5.369484856743156e-09
8.272314389046187e-09
0.00022074900334700942
6.255805828914163e-07
9.48781917031738e-07
2.600599094659253e-15
1.0613623695199248e-11
1.7418752204512167e-11
6.809030561605312e-10
9.305145454163721e-08
1.9058497540688302e-15
2.436220484014484e-06
3.57795797113411e-14
1.6251064011737863e-14
4.7705936594866216e-05
7.354152009586556e-13
5.185884274089281e-12
1.6482063448981267e-14
2.4217142065286173e-15
7.440354349340719e-14
1.0582875171016143e-15
3.179569830535911e-05
3.534622952400951e-13
3.376313714286566e-13
5.975990535755926e-12
1.795324051141422e-16
8.695872797878645e-13
4.300134900936392e-12
1.3839627222012041e-08
5.186883014872553e-16
9.497826969351308e-10
7.965005391352697e-12
3.2053098917477277e-14
4.8364635999451414e-14
1.1219844964216463e-07
9.92016579992594e-10
5.940353867443446e-15
7.112928681381886e-15
2.514806973774597e-10
1.6212405862248147e-09
2.978909341422309e-10
1.8516487898523337e-07
2.6089402638262982e-08
3.2587890164137434e-09
4.74777444026131e-08
7.414390879034727e-09
5.8922018979501445e-06
5.2604885236277266e-17
5.200330658173928e-14
1.149388939580831e-08
3.1352918039573296e-09
4.9788095196103e-14
1.6521777859262706e-15
3.405762560859671e-09
1.9820488909433863e-16
2.888968144570958e-12
7.21592091634804e-11
2.4953162799934425e-11
1.679838258725718e-19
1.5147051432681975e-14
1.6382697864969487e-08
2.956684203025972e-11
5.720104151803426e-17
1.6791163943707943e-06
5.719436155151442e-14
4.540033626820872e-10
2.2044568861318004e-12
3.1930298249188693e-12
1.3997835246329967e-14
4.793877792508283e-07
7.479707825330806e-11
6.405727427071233e-16
1.5878600517771346e-11
7.881886116001269e-12
1.4234733183848824e-11
1.7346725167399768e-09
7.345372818020127e-14
6.47996656333305e-11
5.351399878783525e-12
2.604540725315019e-07
2.681594746603566e-12
9.569562919864438e-10
2.108887543761373e-11
1.0470449377311675e-13
9.622490304561637e-11
0.0037605108227580786
7.747000090041478e-12
4.073571341356441e-11
1.3594546766516197e-14
0.003067240584641695
2.263640013280832e-12
1.2776329993968716e-10
1.8994215089662703e-09
8.60738424979246e-11
1.8997826922717564e-10
9.858538873211587e-22
9.910712969815881e-17
5.047033971306014e-12
2.7214400438041464e-12
1.0555314218160805e-12
1.7176441746789145e-13
1.2278424321721104e-07
1.0628719346978625e-14
1.0621090673623712e-08
3.1143314923459675e-12
4.767263515371989e-13
2.5905175782270362e-09
3.2723246503752054e-16
1.6308767669670488e-09
6.140567383999124e-14
8.603309037402695e-12
1.5813045317614183e-11
8.176098020840072e-08
3.15457972244193e-11
4.755333193884326e-08
8.495844028288957e-09
0.000214064828469418
2.5270664704422127e-15
3.806772674863623e-09
7.010064084767009e-09
7.381981959042605e-08
0.000269709707936272
1.5370053674246265e-08
1.3832233317119936e-16
5.596227149219646e-13
1.0117644442319087e-15
1.5718443907575264e-11
2.6336769679176364e-13
3.0491468351101503e-05
6.742773450696404e-09
5.046247447682006e-11
6.18772255656097e-11
5.470426889253588e-10
3.8000781188429755e-08
6.626142234726629e-13
6.400009855411781e-09
1.2282722582079852e-11
2.412462827975411e-14
6.133605450799051e-13
7.434740214966318e-13
3.8791449978418935e-13
5.092110001887751e-13
2.823030221046907e-12
3.625574976467283e-16
3.439817874095752e-06
2.040204449826888e-09
1.5529622943502575e-12
1.0687719598223566e-09
9.767232205995903e-16
1.7547495900771537e-08
1.9343229240575965e-08
5.999614245411067e-07
3.2775299835252625e-11
2.593434364830949e-13
5.319000014741837e-12
2.6636717720407432e-08
2.347324808485429e-13
5.287065273432145e-13
1.699544838196232e-09
1.2737737364984687e-14
7.46596447859238e-12
2.7523341245005994e-11
1.0196693580363358e-14
2.7802184376923833e-06
5.494073277479718e-16
2.8807899533737913e-13
4.863151548128997e-10
1.2874642453216453e-14
6.102376937100473e-10
4.472909943906839e-15
8.233436687987705e-08
4.765683941226895e-12
2.16807863433301e-16
2.4389303629397978e-15
0.00041776872240006924
1.237933366926569e-12
1.0211933382242577e-10
0.009488271549344063
6.066552538631256e-17
8.020033747356548e-13
6.362288083525125e-14
1.4089941236319903e-12
7.180669904169323e-13
4.2451800408294105e-10
1.7691331066771454e-08
1.9743822576856473e-08
5.133409253232912e-09
8.691407782281807e-14
1.1701722923973534e-10
4.341885073699814e-09
1.2830009407313603e-13
5.322686774889007e-06
1.0604171696892485e-15
3.1667686928221785e-19
1.0900629628541464e-14
3.248415225698409e-07
2.6434629489813233e-06
2.1631644392394733e-11
1.7306973996294994e-12
8.796509663256194e-14
1.9955402608129447e-10
9.560112630424555e-06
2.0129604927365818e-10
9.07999583588939e-15
4.541914533275765e-13
8.630044920875102e-13
6.933539964393276e-08
5.673949544870993e-06
1.5736689729095588e-10
4.6474046833111515e-10
2.657058795207945e-09
7.358283633015356e-15
4.677980225409328e-10
1.2038039022641694e-14
1.672004751990773e-14
1.342474909016289e-09
4.907212136640027e-11
3.558853212126678e-10
2.8428306122997224e-14
4.78027730246855e-12
3.3837014096563673e-17
7.675078825727911e-16
6.125284741226311e-12
2.0259013217005517e-11
2.3245112432124238e-11
1.3708300120041095e-11
1.2362774090443574e-15
7.134704901545774e-06
1.089956072064524e-06
1.2150176420533398e-09
1.9939582784900267e-07
3.4882462340363186e-19
1.3581810343055167e-08
6.548862074851058e-08
1.7087406793334092e-12
6.041494526876079e-10
9.09327266263027e-11
1.4919168123128657e-09
4.388909008901272e-14
8.53039772152897e-09
7.266699720252789e-13
2.43172859236071e-13
1.6921261267177634e-11
1.8902269343940709e-13
7.502214960375397e-10
1.2598612431080625e-10
2.3051431596865513e-10
1.9772008184604375e-16
9.101066796891877e-14
1.0794399228630791e-12
2.5176180296738277e-15
9.383778198923665e-09
7.511962579753728e-11
3.865674707420608e-12
7.361642961889459e-10
1.4663683600701916e-09
1.47848443557419e-12
3.4247383155161515e-05
5.632784905174049e-07
6.082917156091661e-12
7.239212209242396e-06
2.7104255195808946e-07
8.700258291582941e-08
1.2876158642192038e-15
1.663529904105676e-11
1.4486140064063265e-19
3.041161633632328e-08
2.1406498795784046e-09
8.725982544870072e-16
6.766503590077688e-13
1.0362552107616847e-16
4.084061515641224e-07
1.0092430363650706e-12
6.163396903957619e-08
2.537023554495424e-16
1.0867110544765524e-09
4.879920773026569e-11
7.22106662659483e-12
1.2128097259659666e-15
4.333537528822262e-09
4.779263207410622e-09
3.6906179501361436e-11
8.199646859358091e-16
9.072215092879865e-13
1.503484663156751e-11
1.4535310346834585e-13
9.170432468952328e-11
3.935739234517399e-10
1.0746809100447128e-18
2.8567610083074513e-11
1.5289543242591463e-10
1.2150442978142717e-11
6.356954600050813e-06
0.00032113268389366567
7.65934794158974e-15
1.0472742811851177e-10
5.322569940346966e-09
1.556814681509533e-12
5.908785283281759e-07
2.7879252590323408e-14
1.5289965474285516e-12
2.7809920165322577e-12
3.620129791670479e-05
2.1487280010834553e-10
4.2807325684179887e-08
5.67838658801107e-16
3.8181515566202434e-17
2.0624880034366564e-19
2.1946314123638677e-12
3.8428851212302106e-08
7.15285955465994e-11
9.634574388295292e-11
1.0263997632506058e-13
3.43646428308092e-16
1.7397254747919533e-09
1.891126011344113e-08
3.1034397802802947e-15
5.948629677732242e-07
2.0661220290207893e-08
1.3374977191863043e-14
5.425128228597753e-12
6.495993147836998e-05
5.171418848703979e-10
2.3155756825876672e-12
4.4493896414476986e-12
1.910212610312101e-08
1.3185866287734882e-10
1.6460238327908883e-07
9.05494843636437e-16
1.5943964370990216e-08
3.8253381018371613e-10
1.9853274907844116e-14
4.332291680952949e-08
2.85644771724769e-13
1.4680373759952772e-15
9.908810483238994e-08
3.680993357346729e-11
4.800716681824246e-12
6.090076901978103e-13
1.426577568963694e-06
3.10832001559902e-06
1.7606655879336824e-13
1.8136399805729387e-17
1.7696945864569165e-14
2.419893396776729e-09
1.8122450740065688e-07
1.1737748478664626e-15
9.138452798304608e-13
0.0002605523623060435
2.8074887184409083e-17
4.926968121682362e-13
7.586280778917875e-13
5.819674711755873e-14
5.4736966070834114e-09
1.814450824831615e-12
6.143924344975682e-12
8.691659843405042e-17
7.478538621707997e-11
6.6939101088792086e-06
9.889074151572808e-13
4.197248798520903e-11
1.1170382396841205e-09
8.185229577462039e-11
5.541919989582311e-08
1.9406967144419696e-09
3.0424916058757745e-11
0.008422976359724998
1.8836522498344064e-16
1.1423802008525552e-11
1.0161083707771468e-07
2.3977948532954985e-12
1.965392987246517e-10
6.564060458913445e-05
2.6889607246838743e-15
9.832777925211644e-10
3.217702215785323e-10
5.8429505842233585e-15
1.1063577761176099e-13
5.0105709306080826e-06
0.0031863374169915915
2.680919939171411e-12
1.5054421416693321e-18
1.5444585699242452e-07
5.870542258963694e-15
6.235831733647501e-06
4.701733793965879e-12
1.2351049545090975e-13
2.867239345505368e-05
6.632713855144606e-14
1.4620554387393542e-14
2.9641306298344716e-08
7.813783647891981e-11
2.4261113951151714e-11
1.87639096968506e-12
1.0936451050325147e-10
2.791994688777777e-07
1.5782552348353462e-11
1.7105772136285472e-15
3.400884088233802e-11
3.0380640494639954e-13
1.984343522831722e-10
1.157335338675125e-11
8.596612462684339e-13
4.431726949860604e-07
4.5922087747035656e-14
2.184465049180461e-17
6.342753405830237e-11
6.068865706200868e-14
2.640870206960244e-07
6.744907367003949e-13
9.211663719408281e-15
2.8799956908187596e-07
3.379603194519909e-11
2.5728499331023613e-09
6.470176061590394e-10
2.135622408083737e-12
4.3953515826977707e-10
9.354340635425729e-10
0.002506796969100833
1.0728080750144198e-12
5.407645360146207e-13
4.924536264679807e-16
1.5213000997826853e-11
0.0011612687958404422
9.14527920623312e-15
7.31450811031209e-09
8.522464867155577e-08
3.40445505120357e-10
9.681321716525915e-12
8.163009113104636e-08
7.076982508924545e-16
1.7365625539118856e-13
1.970924291827547e-12
2.07571129338599e-13
3.3645766294582158e-12
1.8161509629521788e-08
7.575407857431105e-13
1.0138027306538788e-07
7.375514643470638e-10
1.9273252698653875e-12
4.476373249869925e-16
2.7305438484656337e-16
6.413136948574261e-12
3.637363822208491e-16
1.0604739486552717e-07
2.278958291153252e-16
1.5635788020232355e-12
3.328420308933989e-18
6.085960101625881e-15
4.704159764089451e-14
1.0380977327750784e-11
1.6528667323711943e-09
1.158303596267285e-13
3.1308556642512114e-18
1.669371130219588e-08
4.695602846673875e-16
1.1428515078737433e-10
1.1316710635199379e-15
1.343186765154561e-13
8.993775716913664e-16
3.2733345656406343e-13
1.3447363882146401e-11
8.797357807510675e-12
1.513907714853353e-18
1.8614164218888618e-05
9.610942684062929e-13
5.371301813283935e-05
1.0664145348032728e-12
1.8275897462061153e-09
6.02826304429982e-08
5.62621338406899e-10
6.992609027652952e-17
6.6183796012815165e-15
7.017103044459905e-12
1.357351595487541e-13
1.2589945752594645e-09
4.371582917883643e-07
1.0711070702260073e-12
4.101686736726882e-18
2.5646554324687543e-11
2.547194122293206e-10
9.33048625029187e-07
6.519713241504022e-11
5.404678660170248e-08
1.8901548060057394e-07
6.723633418914687e-07
2.0062170173295972e-15
4.1771968506800275e-14
8.666754813813071e-11
1.753247943270253e-06
5.124819297229466e-13
6.065740493438679e-14
1.3354722796066198e-05
1.6178159979025505e-19
2.580782476613308e-09
2.44059626498881e-15
7.677717803744599e-05
1.7674201444606297e-06
3.845999853226839e-13
1.320162919928993e-16
2.699620210808596e-14
1.99370446367364e-12
5.544116277178546e-09
1.9093065670161558e-11
1.8849410921006893e-10
7.576195226732807e-11
1.734370263237802e-14
1.2220307231414207e-11
1.1214521404069068e-14
1.2425741546806535e-09
4.775766271336579e-08
0.00025214417837560177
4.477024653781747e-11
2.7303394745104015e-07
3.9931737759880525e-15
1.3924305798486479e-15
4.159858235652791e-09
5.143744458147026e-11
8.335388629321372e-11
4.623205501377784e-18
2.4962156246790797e-15
3.58085124052554e-11
3.3401149901468585e-11
1.6579782823100686e-05
7.617504513995378e-15
3.164910824735023e-14
1.9568874794601768e-17
9.310737944523417e-12
3.949572006251012e-12
7.307869587247495e-13
2.8416884730736447e-13
7.589175598718412e-13
1.4805636716630488e-09
2.016665778597701e-13
1.232370596630089e-13
1.939116645033323e-09
1.0018047502668992e-10
4.4345062344408603e-11
1.2994858661352637e-11
2.7182472939202285e-10
6.56674421870701e-13
9.206066464706453e-10
2.1468781613576127e-12
2.6023190269341967e-09
3.743105025932891e-08
6.961499821045436e-08
9.251714949698453e-09
0.0022195333149284124
1.9909913717697236e-08
7.450720677362396e-14
3.134251302938651e-09
3.0192035538334494e-09
9.149065532954026e-11
4.949599619052947e-10
1.6885844900116354e-07
1.082210210334722e-09
1.118274084443982e-10
5.51350021193997e-10
3.3949973908542486e-12
0.0009247004636563361
3.073994003357979e-16
1.67657804306387e-10
2.898994656526724e-14
1.5299490840892105e-10
2.333438780741104e-12
9.863769821543897e-14
7.593019332589098e-15
2.2367922791755035e-10
9.190402345399251e-13
6.840531909801939e-07
6.839484534282292e-11
2.625704688397068e-11
2.512124406064964e-12
2.5093085161825845e-12
1.3646180539728103e-12
7.480284276567675e-17
4.50467929624665e-09
1.4557001505361052e-14
7.978080869552873e-12
1.2030860752076933e-09
3.0697862030137912e-09
7.797176238000247e-09
2.9372241756999784e-15
3.362623790525987e-10
0.00028656297945417464
7.178993200795958e-06
5.4607651626668207e-17
1.132379288942961e-15
8.307402508955786e-12
1.8524985365142577e-11
2.0611788897895167e-07
5.5175451880995485e-12
5.840964689696193e-08
1.5212754389537508e-09
3.416631214059329e-11
4.345723573351279e-05
2.5069181106007754e-11
2.103887674969815e-13
2.024967554747903e-10
3.785176261317247e-08
4.063194410264259e-06
2.597847696961253e-07
5.178367734615108e-10
5.1905972575649884e-11
1.7681554137505273e-11
3.652563616688732e-15
3.31593016933418e-11
1.3819210664678394e-08
4.513994067423255e-09
2.8499253304503647e-11
2.1525188742543833e-07
4.023706281358619e-13
5.1709870604099706e-05
4.1497638658682945e-12
1.0299808783642561e-09
3.9300832033184463e-10
1.4482387086900417e-05
1.4242120503771272e-11
1.8262494093341337e-15
1.2129452173562094e-13
4.000049565937389e-15
5.122473625829294e-13
8.84444947835128e-12
9.74019693025796e-13
1.1903965313475595e-10
7.080480299292979e-12
1.3939249754457705e-10
3.4550660943377665e-11
3.5662309910700074e-11
2.0953129509226898e-10
3.4066892644520064e-14
5.668591139020018e-13
3.0175744125671145e-09
3.2324930492738657e-12
8.987328242726633e-12
1.006492400534853e-08
4.228896122171477e-10
6.53880703922749e-14
1.3333832704631732e-08
3.8131345303504816e-11
2.1301597996625787e-07
1.4545031845614176e-11
4.0370069369150745e-16
6.229940868740513e-11
6.941320348369251e-12
7.975680019038384e-15
3.594728630566682e-15
1.3897350470415404e-07
2.584901562443381e-16
2.8518164392477008e-12
1.7956208466785029e-06
1.1847014670069247e-15
7.360576037562794e-10
1.7863600602793073e-17
3.1385014385824656e-15
1.206491368399218e-13
9.626978680898901e-07
2.0177451357417282e-15
1.1562978130541524e-08
6.616544645510203e-09
3.442209217871223e-17
1.0012941942250109e-07
1.4032018214038544e-07
3.178632747892631e-17
9.743484181481751e-17
2.3443316177207407e-09
1.750335570926964e-10
2.0912203311249447e-14
4.964923430879602e-15
1.3063416451006282e-12
0.08330204337835312
0.013099387288093567
5.772907152312712e-11
4.9585901251703035e-06
6.2915609078118e-07
8.0627907508065e-14
2.180096999533144e-15
1.9441633836137472e-14
2.508635033509959e-15
7.803145282703206e-12
1.1155493195857957e-10
3.218401294167311e-14
3.971539676989044e-12
3.5446859240428983e-15
2.788146602483721e-08
1.1439848049906473e-15
4.2713305115071876e-11
1.3552199184911629e-13
1.1244033260027209e-07
4.688954291509617e-08
9.019837828028177e-12
9.004688813173123e-13
3.768914957902325e-09
8.566346612814689e-17
7.03293023116198e-15
8.638187685766283e-15
3.864738390424449e-12
1.5455451588680669e-12
1.9460750014504286e-13
1.404000388172122e-10
7.870123823472408e-12
6.139973418584077e-09
8.245858680311358e-07
1.3744856151138261e-14
9.800984468455454e-10
5.968896210628571e-11
5.035814820697482e-11
1.4758638545487885e-16
7.599557241095775e-14
2.218422494315586e-12
7.78566162396992e-16
5.0430312370508545e-08
1.6117624812919673e-13
1.1530927324088225e-09
2.4156009224146624e-12
1.7761435378016444e-10
2.526663323010325e-10
7.53075851461435e-14
1.0948542072952705e-09
4.2438444425307864e-10
4.6713171525381014e-11
2.200868735559102e-16
3.7435207711489227e-11
2.14346451863029e-17
2.0624295871130016e-07
6.057740975506931e-10
6.90445608537071e-15
2.1095836189033434e-07
1.0664911878968675e-13
1.3912407467384091e-12
1.486088079889546e-18
0.0002693938440643251
5.024881843951334e-09
1.0961376695206582e-08
6.111962742557167e-14
7.75225857899825e-13
1.3864293183301267e-17
1.31889535737173e-07
3.3030759168274767e-16
3.8160866466796506e-08
1.2321333953124736e-09
2.6147058354727103e-14
1.7081003278462958e-10
4.7856783425004323e-08
2.065839835893417e-14
2.6315852539357098e-15
1.634654871239286e-16
8.105627280485805e-10
1.407497451921813e-09
3.4355257896336033e-13
0.00015452905790880322
2.291990517733558e-14
2.7481844213229478e-15
3.8091752685431857e-07
2.9332289375183507e-10
4.919806644460576e-15
1.7989885839689301e-12
7.308287547184988e-13
7.305534656225094e-15
1.4885791210783594e-10
2.1908185335317576e-11
2.5866729203016803e-08
3.1947290608513867e-06
1.5343778764914662e-12
4.2788933203932733e-13
2.1948031499879894e-12
2.1860758536718095e-08
9.287972613236661e-10
5.0769620429491624e-05
1.4993231161497533e-05
5.5144441096777186e-11
1.9443479812308873e-11
1.6137120806281047e-10
1.6053665558360408e-12
7.863306902312905e-13
3.5058457872882975e-13
4.32658309179601e-09
2.484674250201324e-14
1.2638425861410951e-09
3.974398588013628e-11
1.0517055976100309e-11
4.765345895663131e-09
3.762456179945417e-10
1.4094637729080567e-13
1.8257576440278145e-12
2.4431210526865144e-11
2.1914546566303983e-10
1.329140031543219e-12
2.1380157022576896e-07
9.315728988212868e-08
7.503313942391898e-11
1.5205923326044868e-11
1.2959074091600797e-10
5.50853604741673e-15
5.795659507867867e-10
7.454584866062319e-11
2.9739487217739224e-05
8.074181096162647e-05
3.438708761572466e-15
3.027734152283301e-08
3.213757859550463e-14
6.455021406281958e-08
4.854171947954455e-06
7.547867886259496e-11
3.0573178537440793e-12
1.6913652871153317e-05
2.7115890912851603e-13
2.529644516861135e-13
1.7692054765650056e-10
5.3984660297601295e-08
1.2579267831824836e-06
1.7682863173718033e-08
0.0035163620486855507
1.739395156619139e-05
1.5507002348869037e-09
3.4914387470053043e-06
6.086053883080922e-11
1.5129531742014146e-13
1.5494888927491957e-08
1.5975332168238765e-10
2.481759331374178e-08
5.660738804785792e-12
3.067833347358828e-07
1.8357217135278603e-10
2.6211027792655273e-10
5.98002966589739e-11
1.727920384553272e-08
1.0163993873434606e-14
3.436728093220154e-07
1.792430111891008e-06
1.9341298040150695e-13
1.2466822713053105e-11
1.6461838673893087e-13
3.688874483653848e-10
2.050034586531524e-09
0.00013945669343229383
1.1318758197376155e-06
0.0006424114690162241
5.247172030209413e-09
6.700437427120676e-10
7.974181247177777e-17
1.8552264488113507e-13
1.5352818536484847e-06
1.2723134545922221e-08
1.0329851418688918e-09
7.160098070002618e-10
1.7666345229372382e-05
1.104857833233953e-14
3.320834096598446e-08
1.917385539229599e-08
1.068939127435442e-05
2.493831630090426e-07
1.1835896884804242e-06
2.432054735379552e-08
1.729441867492909e-10
5.349941147869686e-07
9.07750333234425e-11
7.476554843440474e-15
2.495656303835858e-07
4.7797689417539146e-11
3.1305145975490944e-11
1.3807656407127666e-10
0.017069445922970772
7.257011020556092e-06
0.01737615279853344
6.422160822694423e-06
7.282107555850459e-11
1.1545804312618202e-09
9.165121439558277e-10
1.4751556420833367e-07
1.983138453454103e-08
4.234572248407176e-09
3.016888570073206e-07
5.574067318825371e-10
5.436958758764376e-07
9.117156357131562e-14
4.274867612674704e-11
7.70014260687013e-11
1.262985875882805e-07
4.944179110566438e-08
2.8493044368360643e-08
2.3361749299510848e-06
2.978460533764604e-10
1.5494230343193749e-09
3.19089323852495e-08
6.336263735917669e-10
4.5628018724430675e-11
4.461626935653819e-16
4.695884898719143e-18
2.932837306346414e-10
4.2383659082378955e-11
8.844433097010551e-08
6.0290435612841975e-06
4.8517236450607015e-08
4.906288153527782e-10
1.3263031917176704e-07
3.9372180515862e-10
3.9315131289185956e-05
6.656362643298053e-07
2.7532097695431856e-12
5.027321267614404e-11
1.2305157781611342e-08
7.678833263691232e-11
1.2244396577383576e-13
1.6068353592135765e-10
1.1776268138419255e-06
1.892245041212881e-11
5.055483853766418e-08
1.3560793377109803e-08
1.638031209153304e-13
3.6111532608629204e-06
5.400216203572429e-16
1.1076880244206139e-13
7.819608675851963e-12
4.2595562632641304e-08
7.882288599603271e-09
7.05189053852584e-13
3.8522571799148864e-08
7.74844920670148e-06
2.2253411613437635e-10
0.0011844424298033118
1.1300010555714834e-05
2.9998303840983453e-09
1.6250159204367343e-11
8.525618579169336e-12
0.024593748152256012
1.5958507404434386e-08
6.1551932439840584e-09
8.779218241272702e-09
2.037991553294205e-09
1.1696438662056607e-07
2.2327883925754577e-05
1.7291472431679722e-06
6.967840454308316e-05
1.1678305024409585e-11
6.05835850819858e-07
0.000355763389961794
1.7367661712341942e-05
7.957321321060476e-16
3.9735912338301205e-09
1.1488838352891051e-10
2.213261351968754e-09
4.1938747585845704e-07
1.94420524124439e-09
0.0006042326567694545
0.0011685487115755677
0.0002848686126526445
3.15047460341944e-10
1.0265926420061078e-07
3.61247458613434e-08
6.178419592346024e-14
3.6154368387997238e-09
9.070236046682112e-07
0.12955637276172638
3.1813127132629404e-10
6.886866322020069e-05
4.74873178973878e-13
9.093528774428705e-08
0.9640610814094543
1.1513329845058706e-08
7.018375072220806e-07
7.594449584757967e-07
1.397432777133778e-11
1.8405797845844063e-06
8.964027074398473e-06
1.1569556590984575e-05
0.0003777734818868339
6.85011547485459e-10
2.5614559362452383e-09
5.640627520620001e-08
2.2591930246562697e-06
5.918722734143955e-10
1.0381735364717315e-06
1.5427025212844114e-09
5.408979575349804e-08
1.1484232345537748e-05
1.819831049942877e-05
2.1317103355948663e-13
1.4828366090569034e-08
1.2783872268065655e-12
1.489809109411766e-10
1.7931819584759978e-08
2.7894758985319568e-12
1.57603305406262e-10
9.499292899593087e-14
8.75742998118767e-08
2.3252949045426963e-12
5.267812070997024e-07
6.16943607312237e-10
5.6097362310936205e-09
4.037158790864276e-13
1.4968107864277158e-09
1.5546834930546538e-09
9.55769337451784e-07
1.0060221029561944e-05
3.9491615098086186e-06
1.663563086113165e-13
1.4756482494271417e-11
1.634230417657534e-09
1.127727468699935e-12
4.835445679418626e-07
1.3889117633780756e-10
2.0604490336140202e-10
4.7075536713236943e-07
2.8243296590346745e-11
1.4602071132685523e-05
1.696179974253198e-09
1.3852613500731081e-09
2.5909300746529418e-11
2.2793907191953622e-05
0.21835175156593323
0.010214900597929955
9.067000622531296e-11
0.0006757742376066744
0.0021648069377988577
1.0053861215775228e-10
2.0151408079982502e-06
4.6536846639355645e-05
5.083541327621788e-05
6.824270966029888e-13
3.6466436537097024e-09
2.182454954891e-05
7.649066446901998e-07
2.490247938413681e-11
1.1303703632836726e-11
1.3585940064739146e-14
3.798482417494142e-09
1.6715305264369817e-06
8.046914246051529e-08
1.444487585100518e-10
9.013661932932827e-16
3.4189085340585734e-07
0.00391591340303421
1.3434611201290636e-09
1.0834313890484282e-08
1.26744914563659e-09
1.0886014312205816e-12
4.460086711333133e-05
4.4350498273892924e-10
3.239529304532862e-12
1.2640734292634903e-10
9.68422633751409e-11
8.324903266743178e-11
6.560972468441784e-13
0.0023676485288888216
3.2783769188943213e-13
1.0525596735533327e-05
4.8578250755326735e-08
2.812157617881894e-09
1.5724584301324285e-08
4.822857879119985e-14
2.0377582542370487e-13
3.1877572803651333e-10
6.194230081746355e-06
3.0824253739736296e-12
2.1081348222651286e-08
6.053865035937633e-07
0.004136204719543457
5.605689455917377e-14
2.0571288672499577e-08
4.1584379169290475e-13
3.3925375529653135e-12
1.0116112456179036e-13
1.8209244875833086e-11
1.4115298556729994e-13
4.824721600016346e-08
2.9162171809316018e-12
1.0028666265482489e-12
3.1757881047145275e-11
4.3708587860180614e-09
3.2259608873097534e-10
1.5828971163325822e-12
1.2668682529692887e-06
0.17658209800720215
2.1439056085981179e-10
1.2558459729916649e-06
1.1794368219852913e-05
2.7020942638955603e-07
1.8525252443168938e-09
9.374250681259966e-11
3.106475521263974e-09
9.487116869877354e-08
9.792039179501444e-09
0.008471373468637466
2.6456337121061324e-10
3.2921987358491833e-10
0.0043494729325175285
1.1243417308293147e-10
1.94729761204826e-08
2.2835492177741834e-12
3.889862390527021e-11
2.4345692963834153e-06
3.128993730783236e-10
9.173569681664162e-10
4.4564607559749447e-10
1.041152231161073e-13
1.1786825313518656e-13
3.673423978195478e-12
2.52473228101735e-07
1.2907515838378458e-06
5.285308302127589e-10
1.75746173169955e-09
3.109290982235974e-13
5.585763175239809e-14
0.0008277908200398088
2.2224223465228468e-14
2.085771910742551e-07
1.2847721997388817e-08
5.620764964575642e-10
0.16691182553768158
1.6501434174642782e-06
1.0145566164965203e-08
5.204489070820273e-07
1.0744572165322097e-07
5.902335760765709e-05
0.0011776989558711648
2.9424815990893027e-13
8.979682775134279e-09
8.90979208634235e-05
1.6882704301224294e-07
1.2820135175672931e-08
6.557060316936258e-08
4.2195745209028246e-07
2.5634652047301643e-05
8.316578220361748e-13
2.8766418067038835e-11
6.584680800614251e-09
4.726349978056987e-09
9.610636908519155e-08
1.1660893584064524e-08
1.8839533311165724e-07
2.7694093660102226e-05
4.039501177999227e-09
1.56641757342868e-08
3.87181741745915e-14
2.0617226255126297e-06
1.391171977616068e-08
8.014831021085911e-10
6.758868575929e-09
0.0047726440243422985
2.1685367812551704e-07
3.511748891682487e-09
3.1993488414094884e-10
3.339933039338272e-13
1.4086635503895995e-12
5.067830443294952e-06
2.6684017842559804e-11
1.3776269724985468e-06
4.955004505660665e-13
0.9997376799583435
4.9639181654015374e-12
1.083294454140571e-09
1.2735400407859476e-11
0.01007307879626751
7.18842319002988e-10
7.270246071833242e-10
1.2986975050921501e-08
2.224742274847813e-06
2.1822398055260095e-11
9.354522262583487e-06
1.969103067267497e-07
2.6494992866332723e-08
2.1136675343313982e-07
3.1289597579586825e-09
1.5114281354255965e-12
1.4939990578000106e-08
2.810816113196779e-06
1.19105592055746e-09
1.683667107954534e-07
1.2118820613693515e-08
1.1274732258925724e-09
1.4103203847815049e-11
4.842723342335375e-07
8.11080369533812e-11
3.2014543194236467e-06
5.7514512263878714e-08
2.8075991184706162e-11
1.3451777647333074e-07
4.777770193364894e-12
2.8071010793606632e-11
6.600238521059509e-06
3.644168300453998e-09
1.400645572857684e-07
4.448172330739908e-05
5.04823294278367e-10
2.6319550983089357e-09
8.149610001596808e-13
1.948017525066348e-09
2.0004658836114686e-06
7.500183252240333e-10
3.0656054084143847e-11
1.7022817752837885e-14
0.00033860618714243174
1.0978961489938044e-10
3.3538579913283684e-08
2.2534188057199422e-11
2.849592306911064e-12
3.0926617095429574e-15
2.775211050548565e-12
2.1746103584519005e-08
3.5403939335765244e-08
6.088335169351922e-09
2.0792533916846878e-07
1.79102039510326e-06
1.6556099353692844e-06
2.728301959353807e-11
2.471087778843639e-09
3.872257730108686e-05
1.2079693078703713e-05
2.4305186752116015e-09
1.4196083952811023e-07
3.477355958736439e-09
8.787006677835052e-09
5.598050356603324e-10
9.771771170008492e-10
6.048766348909496e-11
1.210980427046593e-09
1.586249567253617e-07
2.8926433515152894e-06
7.799118861839816e-07
7.203033192126895e-08
6.893203874369647e-08
1.9014248509030551e-10
1.282494482791538e-13
1.5327888958083236e-09
1.6804260760672207e-10
6.652511785887327e-08
6.058797339392186e-07
3.5173891888007347e-07
2.49612526204146e-07
6.34679850008979e-07
8.394277634105052e-11
1.9223571712245757e-07
1.5083527316051004e-08
2.7441007799389183e-10
9.74435533862561e-06
2.245366658826242e-06
3.716330021497072e-11
3.1585985996868127e-13
1.5552580057143217e-10
0.0003539425088092685
1.3062832759924703e-10
5.138955202710349e-06
4.76632976642577e-06
1.6220177201375918e-08
9.150553648140658e-10
9.810273426946736e-11
7.369173604665491e-10
3.5849991490977118e-06
4.968497705704067e-06
1.4450584728820104e-07
4.742556902748163e-10
1.2860384979163086e-10
3.061100869672373e-05
2.1154232532349937e-10
3.007343138961005e-07
2.980591606860372e-10
1.1171373159868381e-07
1.703528464125359e-11
9.793432582227979e-06
1.7560326456833586e-11
8.275195568785421e-07
7.535812945880238e-11
4.853072166355332e-09
5.0875130497285426e-11
7.664094425763324e-08
2.3259327797120477e-09
1.1710039160561792e-08
1.5493711543967947e-05
2.2240977115561833e-10
0.00011126292520202696
2.9885924845984846e-08
4.737277237154558e-10
1.1249459697104669e-11
2.2304357116809115e-06
7.313868195524265e-07
1.0259268492518459e-06
6.837815730298402e-11
1.9238832749124413e-09
4.7017974793561734e-06
4.9405308288896777e-08
2.636879159467753e-09
2.3640258639545664e-09
3.6196868222759804e-06
6.24122478143363e-08
4.3781596126279965e-09
3.176768359480775e-08
7.004624436035556e-09
4.6554029609069403e-07
0.00029351410921663046
2.5461398736451903e-14
9.451392912751544e-08
6.754090264848855e-08
5.634458871695003e-11
3.1548353339461155e-13
1.4212709174898919e-05
3.308790326173039e-07
1.996716127905529e-05
1.387641335170997e-09
1.0938678940419777e-07
1.5355434257458e-08
4.70779773671659e-13
1.3626106920128223e-05
4.384301973914262e-06
1.3443619481523505e-11
7.359053455502362e-08
4.060684943851811e-08
7.841938036434737e-12
0.0001618254609638825
8.585102073688233e-11
7.029309773143311e-11
5.547799632882322e-12
1.9644692983433742e-08
3.809215058936388e-07
0.0035739173181355
3.483652255553693e-11
9.391009020767727e-13
2.7100705679572457e-08
2.6547684228717117e-07
7.767600451735746e-11
8.5335188487079e-05
5.278792514218367e-09
2.0004964795816704e-08
2.9737854973649336e-12
0.00043599886703304946
3.306338840047829e-05
6.564824503235353e-14
9.716136446513701e-06
1.22202790109327e-08
1.1606422958720941e-05
6.975842126166754e-08
1.4332814316730946e-05
4.874936565535393e-10
7.877456326133014e-11
2.380698971293782e-10
1.2282328498258721e-05
0.00010138233483303338
2.5407491648365976e-06
8.349156921383383e-10
0.008940358646214008
5.909374767298914e-09
0.0015509562799707055
1.633077459928245e-07
8.278883655010727e-12
9.8635644096845e-10
7.149603686862349e-10
2.6939230846068085e-09
2.5923214313008924e-13
0.00011008095316356048
1.5622826765593345e-07
4.2431644309282035e-10
0.037307608872652054
5.3116948231339556e-14
1.088048520614393e-05
8.740891644265503e-06
3.207007142486118e-12
1.4802677313074941e-12
2.0965561231545138e-10
1.377543776747911e-13
2.4335058697033674e-06
0.00012848633923567832
1.1666409136523725e-06
1.6741837083333877e-11
8.371649329319553e-08
1.3170722013455816e-05
0.00010516830661799759
3.163473302758568e-11
3.9892825043352786e-08
0.002406769897788763
1.7726662804307125e-08
2.5948714578699194e-15
0.004491553641855717
7.664902046400357e-11
3.505349899235455e-10
2.4835731693428897e-08
3.8206562886318116e-14
5.4706853630515084e-11
4.830564535041049e-07
8.586915356545433e-08
3.6287453895056387e-06
3.705440621004641e-09
1.156495628151788e-07
3.4042376122894735e-12
2.8670014279308376e-11
3.73372817039086e-12
2.746209020187962e-07
0.03866509348154068
1.8761085129881394e-08
5.3763947960305813e-08
3.6570136785485374e-07
7.610411856262544e-09
2.3109937019052083e-14
1.3178669178159907e-07
1.431382035121942e-08
8.551116629021416e-13
1.3821647992795505e-10
6.137529595662272e-08
1.9518598976669965e-12
4.797335577677586e-07
1.0592752369698033e-11
1.333252953372721e-06
3.1226932151184883e-09
1.9728590549586263e-18
5.501394184648234e-07
8.971234172205911e-11
1.803383484211274e-11
3.2271822419716045e-05
8.005906693142606e-07
0.2497425377368927
1.6282946128584608e-12
4.4792967945905815e-11
1.9245142368617962e-07
3.1554216661788814e-07
2.677628785363595e-08
2.931377640624788e-10
2.5900567801606655e-10
1.063573199644452e-05
1.8859090992421473e-13
7.101376344603727e-12
2.3796731252190284e-10
2.0785684371610325e-12
5.57581806788221e-05
4.782922147228419e-08
1.9717170118838112e-09
1.2368026546027977e-05
0.000499255140312016
8.337682080123907e-14
1.1832755575369447e-07
2.0651684806693993e-08
0.03782159835100174
9.109918963853958e-19
2.218879835425014e-08
5.5509565694000784e-11
1.0446358405039047e-12
2.027858714281905e-10
2.227973187884924e-11
7.43867332175796e-08
7.382580657910864e-10
1.879560507234146e-09
6.179540212869483e-10
4.087688012077706e-06
3.762996581002653e-09
3.9402081597472716e-10
1.9759985647738176e-08
2.551396391936578e-07
2.9434313546516933e-05
1.3612933891238299e-08
7.056566442287249e-11
3.3428697364477206e-14
2.182508396231242e-09
1.7257325568564852e-09
1.18659837511359e-08
0.00011867340072058141
9.788976740310318e-09
1.9067197839606025e-14
1.570332405775865e-13
2.6448894629993447e-08
1.296742084377911e-05
1.843444424887153e-10
4.5015590899311064e-07
8.71728900619928e-07
5.184576323813417e-09
0.00733844842761755
6.916384825972344e-11
0.00015214555605780333
4.324555291645993e-08
0.0002020914835156873
5.675910436098164e-11
1.0747072502759192e-11
4.5166618178882345e-07
1.542764360706883e-09
3.471946037961193e-14
1.860054875423879e-14
1.6325729288411972e-13
0.8457213044166565
6.708377213726635e-07
2.382870567529949e-10
2.319950204165977e-10
6.97968744134414e-07
5.057168334272888e-13
9.549888657645056e-10
2.0863508837232203e-11
0.00037585687823593616
0.0001641355047468096
5.873267241440772e-07
6.656765416668264e-11
2.1088636045774045e-11
1.2204100130475126e-06
8.22662337557345e-12
2.18720983165277e-12
3.0846662030237226e-12
0.001364339841529727
2.5225284083774113e-09
2.1830549812307254e-08
7.60830562285264e-06
1.868520616010727e-11
7.943631863405187e-11
2.7535435043191114e-10
3.142261675748159e-06
1.9545818759070244e-06
4.615243734060193e-13
1.9511382731707272e-08
0.016305934637784958
2.0405758680008823e-11
2.4797387254693604e-08
4.6000419473557486e-08
1.813333483369206e-08
1.008043142292081e-07
1.9948825306492085e-13
1.7156602805101784e-09
2.277231033076532e-06
2.281672463813611e-12
1.4202410056896042e-06
3.948663973379028e-14
5.627721861856116e-07
1.611446123206406e-06
3.468810254227822e-13
2.2326227672175847e-11
6.944511805884179e-12
6.257163537304322e-11
5.390246116121489e-08
3.976148121864753e-08
5.791051444248296e-05
1.467071039304435e-12
6.791959437360204e-14
4.600134717591686e-10
7.160244619441869e-11
2.0372648013022854e-09
7.76137625280171e-08
0.0562669113278389
2.6698812050085508e-09
1.5183578625510563e-06
7.354226738698344e-08
1.7823452132595397e-12
1.634925683902111e-05
2.5654198210212087e-10
0.00010101610678248107
3.033760187509671e-10
6.258858709085047e-11
1.2557605259644333e-05
2.437846972902502e-11
8.230523603153586e-14
2.3630597478785376e-10
5.8133291531703435e-06
1.3148127031570311e-09
2.984123781413217e-10
4.430147926021838e-13
1.591311110660243e-10
9.424556274284512e-11
2.336304760763852e-10
3.3777425301195763e-10
6.05191416980233e-08
4.632730865594681e-10
3.674815174381507e-10
1.0633130660686607e-12
1.847337085340695e-18
1.7557195697293082e-09
0.0003106407239101827
1.543258854042051e-09
1.1133450411593415e-10
1.856229459917813e-06
6.973951797994982e-12
1.2242010183349805e-10
1.0646418191484486e-09
2.5603972275689557e-08
1.2269345461390913e-05
5.4298496365845494e-08
4.391675023640573e-09
3.8296965598760835e-10
8.709817755914173e-09
0.00014571410429198295
4.66319605152421e-08
1.0455735719006043e-05
5.981102418894935e-11
1.26510030895588e-07
0.0007495034951716661
9.008489267048336e-12
5.99294669445527e-10
5.266654223845535e-09
0.0003571735287550837
3.0963562380748044e-07
9.597333701094612e-07
2.1375355844610415e-14
7.785848077368485e-10
3.9626269426662475e-05
2.411303578683799e-14
2.0449135440525623e-10
1.4060451414277253e-10
1.1260935517398707e-09
2.6929950536214164e-07
1.0472278426376658e-11
5.1637139009130806e-09
2.004996304094675e-06
5.203425189392874e-06
1.1664556950563565e-05
1.2381371101988226e-11
6.876998526195166e-08
3.32244133463902e-13
0.00012211168359499425
7.941916221887446e-12
1.7903052304535372e-11
2.888641290610394e-07
1.692976813426339e-13
1.577806152397443e-08
4.4591314463104936e-07
3.8370449146896135e-06
1.4683779454571777e-06
1.262036031235425e-09
5.1169807974149606e-11
1.3991903122234639e-11
0.00015535597049165517
1.0558183494158158e-10
2.4678486809648348e-08
3.062690666411072e-06
0.36703503131866455
5.016488266451624e-11
1.5132381122384686e-05
1.854566562542459e-07
2.766914301843837e-11
7.708188753952072e-09
3.0573385489951477e-10
5.309499950811869e-09
5.1152495572637235e-09
1.1969386832788587e-06
3.343170738075857e-13
7.884644219302572e-06
7.174828006023537e-12
2.1944063506275846e-15
1.2802198537387177e-12
7.571500371117423e-11
6.90144191795028e-11
1.7993208034638997e-09
8.628707748314923e-10
2.795262427828047e-14
7.397458290370196e-08
3.0242104003264103e-06
1.454005655432411e-06
1.5201079861526523e-07
3.8882320950506255e-05
1.0796267815749161e-05
2.0298979164223852e-10
2.2749857464532397e-07
1.875463784273279e-09
1.002122496096547e-09
2.5517018002574332e-05
2.4124019546434283e-05
7.433694285130521e-12
1.8233988896554365e-07
1.997666254638375e-09
8.623854408362774e-10
2.3665818389417836e-06
7.501818721777909e-09
4.018778365644238e-11
1.1841447822291684e-09
8.91470647301773e-11
2.0108315368361218e-07
3.968942110077478e-06
5.141631120864076e-09
6.172378719249139e-10
1.5151380150513205e-11
5.455506046914138e-10
1.6734136806917377e-05
2.1348147129174322e-05
1.522873667447744e-11
1.1456833703960001e-08
4.602410008658353e-09
1.0385023188064224e-06
1.5387701963326395e-13
2.8005315844126244e-09
3.4765477350295654e-16
1.035859245601678e-10
2.466491908718199e-13
0.0007131300517357886
1.5283245502484277e-10
4.791582373388746e-14
1.164076474102771e-11
0.43538472056388855
4.7501589467424665e-11
2.8710374078144696e-09
1.3182784941792591e-12
7.996743079274893e-05
4.771186050411824e-12
0.0006846018368378282
2.1738255640002535e-09
1.330583017988829e-06
1.4677911663874e-11
1.6888469789311245e-11
5.179960735519906e-13
1.10384014817555e-07
1.7357610574558757e-13
3.689332288558944e-07
2.0258676680651178e-10
1.3160569097177277e-13
6.425772198781488e-07
5.412596482123888e-10
4.493994509857657e-09
1.8252652167483063e-10
1.002786829268354e-11
6.025716592361618e-10
2.274467725271734e-09
1.5803450992279977e-08
7.972695420521703e-12
7.479389410036674e-07
5.712554734804698e-11
1.1290742918390606e-07
5.17077660333598e-06
4.910451906203761e-11
1.15444586941231e-13
4.0312802466850595e-13
1.5164924871413632e-09
5.227976038191251e-11
1.1176630367731866e-12
7.0470566231398135e-15
4.031567180790008e-12
3.7270963225422005e-12
1.313560016313886e-08
3.407506568575691e-11
5.509923420299323e-11
1.5218384987747413e-06
3.426595185374026e-08
8.102215787175737e-09
1.485494749431382e-08
3.5583585145104735e-07
1.049703367576784e-15
4.405803721851953e-09
1.4435833861625724e-07
8.592436984145024e-08
0.00010685566667234525
9.940142626874149e-05
1.2604722542164382e-05
0.0012682684464380145
3.3953200251346516e-09
1.8135910828664947e-10
2.694677732506534e-06
0.6308963298797607
8.734176049074449e-08
5.490047101375239e-07
1.6312446185495766e-12
3.1061272238730453e-06
3.480397481325781e-07
7.478658517356962e-05
1.7629257428875e-11
1.8095501985726514e-08
2.742356628004927e-06
2.7907002930760427e-08
0.005753341130912304
8.940188145345473e-09
1.0396566274550878e-08
1.8332133322473965e-06
1.184269016185624e-09
3.1781510508434394e-15
4.772702233424297e-10
1.0530179395118466e-08
1.2823545003648462e-10
1.8290115255670258e-10
0.0383005291223526
8.310523753607413e-07
3.8236562353854975e-12
6.088512805035862e-07
7.363159526541097e-10
3.8882769226589176e-10
1.1601753158174688e-07
1.997864318425968e-09
1.1129960064693023e-08
5.6160152916984174e-11
6.8150914599163226e-12
9.824675362324342e-05
8.460505923233927e-14
1.0110634551807607e-09
1.1029965829578714e-10
1.974236170099175e-07
1.664173332471819e-08
6.822785508120432e-05
1.1271033070617623e-13
5.348089193724093e-10
0.004722914658486843
1.4177582663421617e-08
