3.632470324532733e-08
0.0019027575617656112
1.0834235418533122e-11
4.00090822017668e-13
2.237020702011705e-08
2.28210454006339e-11
2.1217631818171157e-10
6.583143454192211e-14
4.362916972144859e-11
1.3320052526244464e-12
2.42591138288617e-08
1.4483562127409755e-09
0.00013191046309657395
7.040795779110183e-15
1.8605137430682817e-09
1.1349259206039353e-12
1.5184453019500936e-14
6.396077001369349e-10
4.637291933914586e-14
4.247856840583486e-12
8.914899080991745e-05
8.336109580397988e-10
4.5220962391345765e-12
1.0808372426229784e-11
5.84973403050526e-10
4.749505023937672e-06
1.282750332620708e-07
1.3157074578050085e-14
9.187420269007873e-10
4.099158559256466e-07
5.648745968755975e-07
9.365282800568447e-14
7.407884861088121e-10
1.0511461492890284e-11
5.6000186710036814e-09
5.463331176347452e-12
8.440540710807909e-09
2.1582386485613503e-12
1.6302563465853126e-11
4.0625099018143374e-07
1.6450059157756572e-18
9.372718157152349e-10
1.1360306141974807e-12
5.158836211194284e-05
1.0065330513508997e-11
1.7357941256221365e-13
3.0125302751503324e-13
1.8143732349873432e-10
3.576178869479918e-06
3.991006565229327e-07
6.874338134865189e-15
2.9518703020120496e-12
2.801039998903687e-12
5.6948191821948324e-12
5.57220112065715e-12
8.975799270505291e-12
1.4124632019552052e-11
2.6468305086742305e-13
1.4186293917362036e-08
2.7715023913279114e-16
2.691431518542231e-06
5.407183578959188e-16
5.220845999444335e-13
3.521966718267322e-08
3.4596416753629455e-07
2.543958288470094e-08
1.3699349432627628e-09
1.2415361436142143e-17
1.132376192813922e-09
7.470245533269804e-10
1.3628334727400215e-06
1.0064864523415262e-12
8.211762292376079e-08
2.137130829767196e-15
1.9153821324141562e-12
4.2609801104154243e-11
5.714145823176864e-11
2.6819867571248324e-07
1.64614948516828e-06
1.3563550781657552e-13
1.621034505967206e-19
7.610262382296354e-14
1.9813941776192223e-07
2.1312622500158085e-10
5.831019556090666e-10
1.116589641894075e-15
9.822154645178216e-09
1.1613221669037888e-11
7.396448227113203e-14
1.105542057899811e-08
2.09308104182071e-09
3.259051339910002e-08
1.3907410799911206e-17
4.349383741076955e-14
7.557505316002633e-11
4.1062452374972247e-13
1.039923186354607e-14
1.407728100755179e-13
4.746258582599694e-06
9.147532313872817e-18
3.116962909999188e-09
4.4957756961672146e-10
1.9700551140509198e-13
2.431396640148681e-15
2.5937813794063623e-16
5.767343525496516e-13
1.6436662519936363e-07
4.036743270381671e-13
2.0309447457123042e-09
1.3562678541009787e-12
2.0842716116388493e-14
1.6809767119929653e-11
9.224846309052737e-08
1.816946176846912e-10
5.776225293629977e-07
4.560078356585784e-11
7.62440631463246e-12
1.860646879625616e-11
3.3373878747383623e-12
1.863091902976066e-09
4.326176393574903e-14
4.759920235741788e-10
6.9621669811659875e-15
7.717783319094451e-07
6.643823623984088e-16
1.1230748969692783e-10
3.3440433755416166e-10
4.599245984060474e-11
1.3225088613209174e-13
5.149776004936824e-13
2.048791778464575e-16
6.403172658764333e-09
5.961804341557951e-16
9.135097023174176e-15
8.807338132453893e-14
8.075850752020663e-12
5.626192289831522e-10
6.18168294330701e-11
5.891412032700549e-13
1.189416676261601e-09
7.175282590310417e-11
6.533344004688857e-11
4.258334342921444e-07
0.00013770110672339797
9.963837532822595e-10
5.695973553931921e-11
1.1590252195492479e-11
1.2324968892425247e-14
1.9152416130363385e-14
1.4560242253417247e-15
1.5741221328258344e-14
1.9899148518201515e-14
8.080038860214245e-09
1.935595239643817e-09
2.488086714436122e-08
2.0342012518881347e-09
1.4082276469061517e-13
2.921689112866943e-09
7.35872994483966e-12
1.5731058838715424e-16
7.556289866413783e-16
9.790328964198736e-11
2.429460238127963e-14
3.570862681066822e-13
3.6319363315440167e-12
5.685857340509415e-11
3.080527122278909e-08
6.495298049413734e-11
2.6472609221136307e-16
1.0835267579001329e-11
6.849390388197207e-07
4.207102799426763e-17
6.633157356716879e-10
1.7839036912020495e-15
0.0008612907840870321
2.348035932353554e-10
1.1250163127474178e-12
9.091941202731338e-14
1.4564242366510655e-15
5.7615305755487345e-12
2.924602227061257e-11
1.3216244987290793e-08
9.671420331258673e-10
4.821961496759286e-08
1.1207349067884897e-12
8.382832027882818e-16
2.542302812713615e-09
3.9703516519566583e-19
3.1469027383934645e-09
9.099014597335753e-11
2.465505666293666e-08
1.6115505729885626e-07
4.190078506383088e-09
1.9635494027170353e-05
2.749460840417456e-17
6.742981213392341e-07
1.7577861388673455e-10
0.11474697291851044
3.330632148532925e-17
8.034996279437934e-12
2.8883013602348795e-12
2.443552471476096e-09
1.1723216527311647e-13
1.9147018497610302e-13
0.0005655844579450786
3.474006915471506e-10
3.111670254796195e-09
0.002234285930171609
2.1951212549053967e-12
2.3796476941728706e-12
3.301854789583558e-08
1.2978534220570745e-15
7.561765883595806e-13
2.700978639897755e-15
8.216806575422897e-12
5.369484856743156e-09
8.272314389046187e-09
0.00022074900334700942
6.255805828914163e-07
9.48781917031738e-07
2.600599094659253e-15
1.0613623695199248e-11
1.7418752204512167e-11
6.809030561605312e-10
9.305145454163721e-08
1.9058497540688302e-15
2.436220484014484e-06
3.57795797113411e-14
1.6251064011737863e-14
4.7705936594866216e-05
7.354152009586556e-13
5.185884274089281e-12
1.6482063448981267e-14
2.4217142065286173e-15
7.440354349340719e-14
1.0582875171016143e-15
3.179569830535911e-05
3.534622952400951e-13
3.376313714286566e-13
5.975990535755926e-12
1.795324051141422e-16
8.695872797878645e-13
4.300134900936392e-12
1.3839627222012041e-08
5.186883014872553e-16
9.497826969351308e-10
7.965005391352697e-12
3.2053098917477277e-14
4.8364635999451414e-14
1.1219844964216463e-07
9.92016579992594e-10
5.940353867443446e-15
7.112928681381886e-15
2.514806973774597e-10
1.6212405862248147e-09
2.978909341422309e-10
1.8516487898523337e-07
2.6089402638262982e-08
3.2587890164137434e-09
4.74777444026131e-08
7.414390879034727e-09
5.8922018979501445e-06
5.2604885236277266e-17
5.200330658173928e-14
1.149388939580831e-08
3.1352918039573296e-09
4.9788095196103e-14
1.6521777859262706e-15
3.405762560859671e-09
1.9820488909433863e-16
2.888968144570958e-12
7.21592091634804e-11
2.4953162799934425e-11
1.679838258725718e-19
1.5147051432681975e-14
1.6382697864969487e-08
2.956684203025972e-11
5.720104151803426e-17
1.6791163943707943e-06
5.719436155151442e-14
4.540033626820872e-10
2.2044568861318004e-12
3.1930298249188693e-12
1.3997835246329967e-14
4.793877792508283e-07
7.479707825330806e-11
6.405727427071233e-16
1.5878600517771346e-11
7.881886116001269e-12
1.4234733183848824e-11
1.7346725167399768e-09
7.345372818020127e-14
6.47996656333305e-11
5.351399878783525e-12
2.604540725315019e-07
2.681594746603566e-12
9.569562919864438e-10
2.108887543761373e-11
1.0470449377311675e-13
9.622490304561637e-11
0.0037605108227580786
7.747000090041478e-12
4.073571341356441e-11
1.3594546766516197e-14
0.003067240584641695
2.263640013280832e-12
1.2776329993968716e-10
1.8994215089662703e-09
8.60738424979246e-11
1.8997826922717564e-10
9.858538873211587e-22
9.910712969815881e-17
5.047033971306014e-12
2.7214400438041464e-12
1.0555314218160805e-12
1.7176441746789145e-13
1.2278424321721104e-07
1.0628719346978625e-14
1.0621090673623712e-08
3.1143314923459675e-12
4.767263515371989e-13
2.5905175782270362e-09
3.2723246503752054e-16
1.6308767669670488e-09
6.140567383999124e-14
8.603309037402695e-12
1.5813045317614183e-11
8.176098020840072e-08
3.15457972244193e-11
4.755333193884326e-08
8.495844028288957e-09
0.000214064828469418
2.5270664704422127e-15
3.806772674863623e-09
7.010064084767009e-09
7.381981959042605e-08
0.000269709707936272
1.5370053674246265e-08
1.3832233317119936e-16
5.596227149219646e-13
1.0117644442319087e-15
1.5718443907575264e-11
2.6336769679176364e-13
3.0491468351101503e-05
6.742773450696404e-09
5.046247447682006e-11
6.18772255656097e-11
5.470426889253588e-10
3.8000781188429755e-08
6.626142234726629e-13
6.400009855411781e-09
1.2282722582079852e-11
2.412462827975411e-14
6.133605450799051e-13
7.434740214966318e-13
3.8791449978418935e-13
5.092110001887751e-13
2.823030221046907e-12
3.625574976467283e-16
3.439817874095752e-06
2.040204449826888e-09
1.5529622943502575e-12
1.0687719598223566e-09
9.767232205995903e-16
1.7547495900771537e-08
1.9343229240575965e-08
5.999614245411067e-07
3.2775299835252625e-11
2.593434364830949e-13
5.319000014741837e-12
2.6636717720407432e-08
2.347324808485429e-13
5.287065273432145e-13
1.699544838196232e-09
1.2737737364984687e-14
7.46596447859238e-12
2.7523341245005994e-11
1.0196693580363358e-14
2.7802184376923833e-06
5.494073277479718e-16
2.8807899533737913e-13
4.863151548128997e-10
1.2874642453216453e-14
6.102376937100473e-10
4.472909943906839e-15
8.233436687987705e-08
4.765683941226895e-12
2.16807863433301e-16
2.4389303629397978e-15
0.00041776872240006924
1.237933366926569e-12
1.0211933382242577e-10
0.009488271549344063
6.066552538631256e-17
8.020033747356548e-13
6.362288083525125e-14
1.4089941236319903e-12
7.180669904169323e-13
4.2451800408294105e-10
1.7691331066771454e-08
1.9743822576856473e-08
5.133409253232912e-09
8.691407782281807e-14
1.1701722923973534e-10
4.341885073699814e-09
1.2830009407313603e-13
5.322686774889007e-06
1.0604171696892485e-15
3.1667686928221785e-19
1.0900629628541464e-14
3.248415225698409e-07
2.6434629489813233e-06
2.1631644392394733e-11
1.7306973996294994e-12
8.796509663256194e-14
1.9955402608129447e-10
9.560112630424555e-06
2.0129604927365818e-10
9.07999583588939e-15
4.541914533275765e-13
8.630044920875102e-13
6.933539964393276e-08
5.673949544870993e-06
1.5736689729095588e-10
4.6474046833111515e-10
2.657058795207945e-09
7.358283633015356e-15
4.677980225409328e-10
1.2038039022641694e-14
1.672004751990773e-14
1.342474909016289e-09
4.907212136640027e-11
3.558853212126678e-10
2.8428306122997224e-14
4.78027730246855e-12
3.3837014096563673e-17
7.675078825727911e-16
6.125284741226311e-12
2.0259013217005517e-11
2.3245112432124238e-11
1.3708300120041095e-11
1.2362774090443574e-15
7.134704901545774e-06
1.089956072064524e-06
1.2150176420533398e-09
1.9939582784900267e-07
3.4882462340363186e-19
1.3581810343055167e-08
6.548862074851058e-08
1.7087406793334092e-12
6.041494526876079e-10
9.09327266263027e-11
1.4919168123128657e-09
4.388909008901272e-14
8.53039772152897e-09
7.266699720252789e-13
2.43172859236071e-13
1.6921261267177634e-11
1.8902269343940709e-13
7.502214960375397e-10
1.2598612431080625e-10
2.3051431596865513e-10
1.9772008184604375e-16
9.101066796891877e-14
1.0794399228630791e-12
2.5176180296738277e-15
9.383778198923665e-09
7.511962579753728e-11
3.865674707420608e-12
7.361642961889459e-10
1.4663683600701916e-09
1.47848443557419e-12
3.4247383155161515e-05
5.632784905174049e-07
6.082917156091661e-12
7.239212209242396e-06
2.7104255195808946e-07
8.700258291582941e-08
1.2876158642192038e-15
1.663529904105676e-11
1.4486140064063265e-19
3.041161633632328e-08
2.1406498795784046e-09
8.725982544870072e-16
6.766503590077688e-13
1.0362552107616847e-16
4.084061515641224e-07
1.0092430363650706e-12
6.163396903957619e-08
2.537023554495424e-16
1.0867110544765524e-09
4.879920773026569e-11
7.22106662659483e-12
1.2128097259659666e-15
4.333537528822262e-09
4.779263207410622e-09
3.6906179501361436e-11
8.199646859358091e-16
9.072215092879865e-13
1.503484663156751e-11
1.4535310346834585e-13
9.170432468952328e-11
3.935739234517399e-10
1.0746809100447128e-18
2.8567610083074513e-11
1.5289543242591463e-10
1.2150442978142717e-11
6.356954600050813e-06
0.00032113268389366567
7.65934794158974e-15
1.0472742811851177e-10
5.322569940346966e-09
1.556814681509533e-12
5.908785283281759e-07
2.7879252590323408e-14
1.5289965474285516e-12
2.7809920165322577e-12
3.620129791670479e-05
2.1487280010834553e-10
4.2807325684179887e-08
5.67838658801107e-16
3.8181515566202434e-17
2.0624880034366564e-19
2.1946314123638677e-12
3.8428851212302106e-08
7.15285955465994e-11
9.634574388295292e-11
1.0263997632506058e-13
3.43646428308092e-16
1.7397254747919533e-09
1.891126011344113e-08
3.1034397802802947e-15
5.948629677732242e-07
2.0661220290207893e-08
1.3374977191863043e-14
5.425128228597753e-12
6.495993147836998e-05
5.171418848703979e-10
2.3155756825876672e-12
4.4493896414476986e-12
1.910212610312101e-08
1.3185866287734882e-10
1.6460238327908883e-07
9.05494843636437e-16
1.5943964370990216e-08
3.8253381018371613e-10
1.9853274907844116e-14
4.332291680952949e-08
2.85644771724769e-13
1.4680373759952772e-15
9.908810483238994e-08
3.680993357346729e-11
4.800716681824246e-12
6.090076901978103e-13
1.426577568963694e-06
3.10832001559902e-06
1.7606655879336824e-13
1.8136399805729387e-17
1.7696945864569165e-14
2.419893396776729e-09
1.8122450740065688e-07
1.1737748478664626e-15
9.138452798304608e-13
0.0002605523623060435
2.8074887184409083e-17
4.926968121682362e-13
7.586280778917875e-13
5.819674711755873e-14
5.4736966070834114e-09
1.814450824831615e-12
6.143924344975682e-12
8.691659843405042e-17
7.478538621707997e-11
6.6939101088792086e-06
9.889074151572808e-13
4.197248798520903e-11
1.1170382396841205e-09
8.185229577462039e-11
5.541919989582311e-08
1.9406967144419696e-09
3.0424916058757745e-11
0.008422976359724998
1.8836522498344064e-16
1.1423802008525552e-11
1.0161083707771468e-07
2.3977948532954985e-12
1.965392987246517e-10
6.564060458913445e-05
2.6889607246838743e-15
9.832777925211644e-10
3.217702215785323e-10
5.8429505842233585e-15
1.1063577761176099e-13
5.0105709306080826e-06
0.0031863374169915915
2.680919939171411e-12
1.5054421416693321e-18
1.5444585699242452e-07
5.870542258963694e-15
6.235831733647501e-06
4.701733793965879e-12
1.2351049545090975e-13
2.867239345505368e-05
6.632713855144606e-14
1.4620554387393542e-14
2.9641306298344716e-08
7.813783647891981e-11
2.4261113951151714e-11
1.87639096968506e-12
1.0936451050325147e-10
2.791994688777777e-07
1.5782552348353462e-11
1.7105772136285472e-15
3.400884088233802e-11
3.0380640494639954e-13
1.984343522831722e-10
1.157335338675125e-11
8.596612462684339e-13
4.431726949860604e-07
4.5922087747035656e-14
2.184465049180461e-17
6.342753405830237e-11
6.068865706200868e-14
2.640870206960244e-07
6.744907367003949e-13
9.211663719408281e-15
2.8799956908187596e-07
3.379603194519909e-11
2.5728499331023613e-09
6.470176061590394e-10
2.135622408083737e-12
4.3953515826977707e-10
9.354340635425729e-10
0.002506796969100833
1.0728080750144198e-12
5.407645360146207e-13
4.924536264679807e-16
1.5213000997826853e-11
0.0011612687958404422
9.14527920623312e-15
7.31450811031209e-09
8.522464867155577e-08
3.40445505120357e-10
9.681321716525915e-12
8.163009113104636e-08
7.076982508924545e-16
1.7365625539118856e-13
1.970924291827547e-12
2.07571129338599e-13
3.3645766294582158e-12
1.8161509629521788e-08
7.575407857431105e-13
1.0138027306538788e-07
7.375514643470638e-10
1.9273252698653875e-12
4.476373249869925e-16
2.7305438484656337e-16
6.413136948574261e-12
3.637363822208491e-16
1.0604739486552717e-07
2.278958291153252e-16
1.5635788020232355e-12
3.328420308933989e-18
6.085960101625881e-15
4.704159764089451e-14
1.0380977327750784e-11
1.6528667323711943e-09
1.158303596267285e-13
3.1308556642512114e-18
1.669371130219588e-08
4.695602846673875e-16
1.1428515078737433e-10
1.1316710635199379e-15
1.343186765154561e-13
8.993775716913664e-16
3.2733345656406343e-13
1.3447363882146401e-11
8.797357807510675e-12
1.513907714853353e-18
1.8614164218888618e-05
9.610942684062929e-13
5.371301813283935e-05
1.0664145348032728e-12
1.8275897462061153e-09
6.02826304429982e-08
5.62621338406899e-10
6.992609027652952e-17
6.6183796012815165e-15
7.017103044459905e-12
1.357351595487541e-13
1.2589945752594645e-09
4.371582917883643e-07
1.0711070702260073e-12
4.101686736726882e-18
2.5646554324687543e-11
2.547194122293206e-10
9.33048625029187e-07
6.519713241504022e-11
5.404678660170248e-08
1.8901548060057394e-07
6.723633418914687e-07
2.0062170173295972e-15
4.1771968506800275e-14
8.666754813813071e-11
1.753247943270253e-06
5.124819297229466e-13
6.065740493438679e-14
1.3354722796066198e-05
1.6178159979025505e-19
2.580782476613308e-09
2.44059626498881e-15
7.677717803744599e-05
1.7674201444606297e-06
3.845999853226839e-13
1.320162919928993e-16
2.699620210808596e-14
1.99370446367364e-12
5.544116277178546e-09
1.9093065670161558e-11
1.8849410921006893e-10
7.576195226732807e-11
1.734370263237802e-14
1.2220307231414207e-11
1.1214521404069068e-14
1.2425741546806535e-09
4.775766271336579e-08
0.00025214417837560177
4.477024653781747e-11
2.7303394745104015e-07
3.9931737759880525e-15
1.3924305798486479e-15
4.159858235652791e-09
5.143744458147026e-11
8.335388629321372e-11
4.623205501377784e-18
2.4962156246790797e-15
3.58085124052554e-11
3.3401149901468585e-11
1.6579782823100686e-05
7.617504513995378e-15
3.164910824735023e-14
1.9568874794601768e-17
9.310737944523417e-12
3.949572006251012e-12
7.307869587247495e-13
2.8416884730736447e-13
7.589175598718412e-13
1.4805636716630488e-09
2.016665778597701e-13
1.232370596630089e-13
1.939116645033323e-09
1.0018047502668992e-10
4.4345062344408603e-11
1.2994858661352637e-11
2.7182472939202285e-10
6.56674421870701e-13
9.206066464706453e-10
2.1468781613576127e-12
2.6023190269341967e-09
3.743105025932891e-08
6.961499821045436e-08
9.251714949698453e-09
0.0022195333149284124
1.9909913717697236e-08
7.450720677362396e-14
3.134251302938651e-09
3.0192035538334494e-09
9.149065532954026e-11
4.949599619052947e-10
1.6885844900116354e-07
1.082210210334722e-09
1.118274084443982e-10
5.51350021193997e-10
3.3949973908542486e-12
0.0009247004636563361
3.073994003357979e-16
1.67657804306387e-10
2.898994656526724e-14
1.5299490840892105e-10
2.333438780741104e-12
9.863769821543897e-14
7.593019332589098e-15
2.2367922791755035e-10
9.190402345399251e-13
6.840531909801939e-07
6.839484534282292e-11
2.625704688397068e-11
2.512124406064964e-12
2.5093085161825845e-12
1.3646180539728103e-12
7.480284276567675e-17
4.50467929624665e-09
1.4557001505361052e-14
7.978080869552873e-12
1.2030860752076933e-09
3.0697862030137912e-09
7.797176238000247e-09
2.9372241756999784e-15
3.362623790525987e-10
0.00028656297945417464
7.178993200795958e-06
5.4607651626668207e-17
1.132379288942961e-15
8.307402508955786e-12
1.8524985365142577e-11
2.0611788897895167e-07
5.5175451880995485e-12
5.840964689696193e-08
1.5212754389537508e-09
3.416631214059329e-11
4.345723573351279e-05
2.5069181106007754e-11
2.103887674969815e-13
2.024967554747903e-10
3.785176261317247e-08
4.063194410264259e-06
2.597847696961253e-07
5.178367734615108e-10
5.1905972575649884e-11
1.7681554137505273e-11
3.652563616688732e-15
3.31593016933418e-11
1.3819210664678394e-08
4.513994067423255e-09
2.8499253304503647e-11
2.1525188742543833e-07
4.023706281358619e-13
5.1709870604099706e-05
4.1497638658682945e-12
1.0299808783642561e-09
3.9300832033184463e-10
1.4482387086900417e-05
1.4242120503771272e-11
1.8262494093341337e-15
1.2129452173562094e-13
4.000049565937389e-15
5.122473625829294e-13
8.84444947835128e-12
9.74019693025796e-13
1.1903965313475595e-10
7.080480299292979e-12
1.3939249754457705e-10
3.4550660943377665e-11
3.5662309910700074e-11
2.0953129509226898e-10
3.4066892644520064e-14
5.668591139020018e-13
3.0175744125671145e-09
3.2324930492738657e-12
8.987328242726633e-12
1.006492400534853e-08
4.228896122171477e-10
6.53880703922749e-14
1.3333832704631732e-08
3.8131345303504816e-11
2.1301597996625787e-07
1.4545031845614176e-11
4.0370069369150745e-16
6.229940868740513e-11
6.941320348369251e-12
7.975680019038384e-15
3.594728630566682e-15
1.3897350470415404e-07
2.584901562443381e-16
2.8518164392477008e-12
1.7956208466785029e-06
1.1847014670069247e-15
7.360576037562794e-10
1.7863600602793073e-17
3.1385014385824656e-15
1.206491368399218e-13
9.626978680898901e-07
2.0177451357417282e-15
1.1562978130541524e-08
6.616544645510203e-09
3.442209217871223e-17
1.0012941942250109e-07
1.4032018214038544e-07
3.178632747892631e-17
9.743484181481751e-17
2.3443316177207407e-09
1.750335570926964e-10
2.0912203311249447e-14
4.964923430879602e-15
1.3063416451006282e-12
0.08330204337835312
0.013099387288093567
5.772907152312712e-11
4.9585901251703035e-06
6.2915609078118e-07
8.0627907508065e-14
2.180096999533144e-15
1.9441633836137472e-14
2.508635033509959e-15
7.803145282703206e-12
1.1155493195857957e-10
3.218401294167311e-14
3.971539676989044e-12
3.5446859240428983e-15
2.788146602483721e-08
1.1439848049906473e-15
4.2713305115071876e-11
1.3552199184911629e-13
1.1244033260027209e-07
4.688954291509617e-08
9.019837828028177e-12
9.004688813173123e-13
3.768914957902325e-09
8.566346612814689e-17
7.03293023116198e-15
8.638187685766283e-15
3.864738390424449e-12
1.5455451588680669e-12
1.9460750014504286e-13
1.404000388172122e-10
7.870123823472408e-12
6.139973418584077e-09
8.245858680311358e-07
1.3744856151138261e-14
9.800984468455454e-10
5.968896210628571e-11
5.035814820697482e-11
1.4758638545487885e-16
7.599557241095775e-14
2.218422494315586e-12
7.78566162396992e-16
5.0430312370508545e-08
1.6117624812919673e-13
1.1530927324088225e-09
2.4156009224146624e-12
1.7761435378016444e-10
2.526663323010325e-10
7.53075851461435e-14
1.0948542072952705e-09
4.2438444425307864e-10
4.6713171525381014e-11
2.200868735559102e-16
3.7435207711489227e-11
2.14346451863029e-17
2.0624295871130016e-07
6.057740975506931e-10
6.90445608537071e-15
2.1095836189033434e-07
1.0664911878968675e-13
1.3912407467384091e-12
1.486088079889546e-18
0.0002693938440643251
5.024881843951334e-09
1.0961376695206582e-08
6.111962742557167e-14
7.75225857899825e-13
1.3864293183301267e-17
1.31889535737173e-07
3.3030759168274767e-16
3.8160866466796506e-08
1.2321333953124736e-09
2.6147058354727103e-14
1.7081003278462958e-10
4.7856783425004323e-08
2.065839835893417e-14
2.6315852539357098e-15
1.634654871239286e-16
8.105627280485805e-10
1.407497451921813e-09
3.4355257896336033e-13
0.00015452905790880322
2.291990517733558e-14
2.7481844213229478e-15
3.8091752685431857e-07
2.9332289375183507e-10
4.919806644460576e-15
1.7989885839689301e-12
7.308287547184988e-13
7.305534656225094e-15
1.4885791210783594e-10
2.1908185335317576e-11
2.5866729203016803e-08
3.1947290608513867e-06
1.5343778764914662e-12
4.2788933203932733e-13
2.1948031499879894e-12
2.1860758536718095e-08
9.287972613236661e-10
5.0769620429491624e-05
1.4993231161497533e-05
5.5144441096777186e-11
1.9443479812308873e-11
1.6137120806281047e-10
1.6053665558360408e-12
7.863306902312905e-13
3.5058457872882975e-13
4.32658309179601e-09
2.484674250201324e-14
1.2638425861410951e-09
3.974398588013628e-11
1.0517055976100309e-11
4.765345895663131e-09
3.762456179945417e-10
1.4094637729080567e-13
1.8257576440278145e-12
2.3305196009459905e-05
0.999416708946228
0.03483453765511513
0.839891791343689
1.0
2.5169839545924333e-07
0.09570109844207764
0.00013635789218824357
0.0007178669329732656
0.31161463260650635
0.14731507003307343
8.005601443983323e-07
0.002220775466412306
8.768518455326557e-05
0.00012266392877791077
0.613571286201477
0.0026765051297843456
0.9999814033508301
0.01815151423215866
0.3877115547657013
9.129833051702008e-05
0.9999969005584717
3.884988686309043e-08
0.9953280687332153
0.0038739240262657404
7.042322522465838e-06
0.061077721416950226
0.17348763346672058
1.9129609427182004e-05
1.1719529169340603e-07
0.1479901820421219
0.15084519982337952
0.9999566078186035
0.026816653087735176
1.550113120174501e-05
0.02114427462220192
0.5121201872825623
0.0010554830078035593
0.0013955741887912154
0.0029252488166093826
2.1208757971180603e-05
0.9999772310256958
0.9989979863166809
0.21319171786308289
0.9964116215705872
0.9999996423721313
1.3118209380991175e-06
4.775919296662323e-05
1.5006850873078292e-08
3.3566240745130926e-05
0.003975722007453442
0.0006040739826858044
0.05838523805141449
0.9999990463256836
8.219452674040895e-09
0.00012207838881295174
5.709797278541373e-06
0.025493325665593147
0.045293644070625305
7.02426632415154e-06
0.9998064637184143
0.9990547299385071
3.1097228202270344e-05
0.19323019683361053
0.1892307996749878
0.006267155054956675
1.0980721754094702e-06
0.0017338512698188424
0.005351680796593428
0.9886569380760193
0.43524330854415894
2.64702903223224e-05
0.11001584678888321
0.0010118840727955103
0.01797906868159771
0.009908569976687431
5.557856184168486e-07
0.9999959468841553
0.9839411377906799
0.0034729987382888794
0.997525155544281
4.142251697203392e-08
3.006726387866365e-07
0.0006277624634094536
0.0009214117308147252
0.012906821444630623
0.00011626406922005117
0.013718750327825546
0.8375813961029053
0.999962329864502
0.011555942706763744
1.9066701497649774e-05
0.4145509600639343
0.9947794675827026
0.06268151849508286
1.2611207012014347e-06
0.038781095296144485
2.390218689640733e-09
2.2499666721214305e-14
0.0005987546755932271
0.9986642599105835
0.9865614771842957
0.9597221612930298
0.5254051685333252
1.2502864592534024e-05
0.00024462526198476553
2.4916152696619065e-08
0.9665191173553467
0.017693964764475822
0.006898318417370319
0.1674932837486267
0.9481977820396423
0.02427532896399498
1.9957278052373795e-09
1.0
0.9571859240531921
0.011094455607235432
0.06271009892225266
8.6773514340166e-05
2.555283936089836e-05
0.9986323714256287
0.9506334066390991
4.4982033386986586e-07
0.002095369156450033
0.9540875554084778
0.8681784868240356
0.00029715904383920133
0.4921605587005615
4.897714456220115e-10
0.00018915548571385443
6.779143912893915e-11
0.5617448091506958
2.761399442441359e-11
0.37126198410987854
8.880866516847163e-05
4.825748192160972e-07
0.026604874059557915
0.9916213750839233
0.00012185904779471457
0.9828692078590393
0.9853082299232483
0.03409608453512192
2.714204470066761e-07
0.0041279359720647335
0.004231127444654703
0.9571644067764282
0.0037062896881252527
0.9958537817001343
2.4619529526148654e-08
5.747542218159651e-06
0.8202940225601196
0.9992257356643677
1.597816481080372e-05
0.9922916293144226
0.01249567698687315
0.9135829210281372
0.32155391573905945
0.9999998807907104
0.0007129513542167842
3.908229700755328e-06
2.45569538037671e-07
6.406937700376147e-07
9.316343493992463e-05
0.9997527003288269
0.00043051131069660187
0.9994992017745972
0.005113906227052212
0.018247326835989952
0.6689417958259583
0.00013124050747137517
0.9308443069458008
0.9999110698699951
0.9641143083572388
0.9134156107902527
0.14788870513439178
0.8874009847640991
0.43301576375961304
0.25183770060539246
0.08007051795721054
5.311583353598097e-14
0.9927780032157898
0.9989156723022461
0.957624614238739
1.6115566268126713e-06
1.227219659227785e-09
0.9750605821609497
1.1530433766893111e-05
0.9623985886573792
0.9999366998672485
5.5842574511189014e-05
0.16585169732570648
0.00128995964769274
0.9691085815429688
4.1477574086457025e-06
3.479866427369416e-05
0.0381452813744545
1.6833366922597293e-09
0.9982129335403442
0.8688509464263916
0.9292998909950256
2.3234427715124184e-07
0.0029272621031850576
0.002631904324516654
1.520933068377417e-07
0.8795657157897949
9.141613332985798e-08
8.918406706470705e-07
0.0009885940235108137
0.9071491956710815
1.5010898096079472e-05
2.3267975279850361e-07
2.8807075068471022e-05
0.9454146027565002
0.7551943063735962
0.9802078604698181
0.7880553603172302
0.0014816672774031758
0.0034551466815173626
0.000306913279928267
1.6542874163860688e-06
6.964859977642845e-08
0.8211289048194885
0.5118778944015503
0.7800685167312622
0.9626457691192627
0.9999998807907104
5.456189683172852e-06
0.16942022740840912
0.05174202844500542
0.5614392161369324
7.88397471751523e-07
0.006945854052901268
0.001579197822138667
0.13110601902008057
0.9575810432434082
0.9818896055221558
0.09654781967401505
0.49038979411125183
0.5491783618927002
4.025312591693364e-06
0.06747494637966156
0.48989424109458923
0.01169742364436388
0.00037765951128676534
5.504709969100796e-12
1.5168414392974228e-05
0.03260071203112602
0.9999681711196899
0.26198291778564453
0.0010944318491965532
4.081424413016066e-05
0.9999604225158691
0.0017248112708330154
0.9169711470603943
2.5499468847556273e-06
0.12266387045383453
0.06627202033996582
0.021699028089642525
0.06117584556341171
9.331153592029295e-07
1.0
0.9999996423721313
9.265156108995143e-08
0.9629935622215271
8.577659138531146e-10
0.998502254486084
0.5403300523757935
2.1051901910595916e-07
0.022360382601618767
0.7934004068374634
5.69619373891328e-07
0.9878677129745483
0.995311439037323
6.326838075665364e-08
0.7839523553848267
0.9998173117637634
0.06098824366927147
4.2475458030821756e-05
0.9994783997535706
0.20006567239761353
0.000991767505183816
0.6442342400550842
0.7304089665412903
2.1994750465381685e-09
0.0007134267361834645
0.12611031532287598
2.9568548143288353e-06
0.995835542678833
0.9999043941497803
0.9990763664245605
0.3075038194656372
1.9270077200594926e-10
0.9328671097755432
1.0707118462960352e-06
0.7775775790214539
0.14820949733257294
0.9866843819618225
0.7274646759033203
0.04452158883213997
0.046450451016426086
0.20363251864910126
1.0
0.15542683005332947
0.9784053564071655
0.9999773502349854
0.7487666606903076
1.1444034271335113e-06
0.0667262002825737
6.072605742701853e-07
0.8493960499763489
0.9977381229400635
4.507358652983129e-10
0.0026931660249829292
0.00013876057346351445
8.049832831602544e-05
0.007079239934682846
0.01231751125305891
0.6848583817481995
0.9917346239089966
2.3470208816434024e-06
0.9970080256462097
0.042780376970767975
0.19428423047065735
7.434783455551042e-09
0.9530880451202393
7.628967457762315e-10
0.037548549473285675
3.1702243177278433e-06
0.9713068604469299
6.419166311388835e-05
0.001160997897386551
0.09655118733644485
0.9798428416252136
0.0012308176374062896
0.26548582315444946
0.9977099895477295
0.001975203398615122
0.0017392367590218782
0.9977366924285889
0.6168965697288513
3.3509277272969484e-05
3.493410076771397e-06
0.05135655403137207
0.46605584025382996
0.010609949938952923
0.019204875454306602
0.9998040795326233
2.1419644326670095e-05
0.1281733363866806
0.0007422121125273407
0.000608769478276372
0.03133285045623779
0.3141368627548218
0.00018565240316092968
0.20980674028396606
0.44514840841293335
0.0006632493459619582
0.9987882971763611
0.1769319325685501
1.5615016835113238e-08
0.9986152648925781
3.9760007553013565e-07
0.9791790246963501
1.0578476462852482e-11
0.060651086270809174
1.4755687338663392e-08
4.866616620802233e-08
0.9999300241470337
0.9772890210151672
0.9998273849487305
0.891113817691803
1.0
0.14225076138973236
7.558444963251532e-07
0.0197325199842453
0.0011804609093815088
0.9989411234855652
1.0532288570175297e-06
0.018002180382609367
0.988405704498291
0.8329265117645264
0.18278555572032928
0.9069340825080872
0.9970182180404663
8.044149581110105e-06
0.00015896023251116276
0.0003955135471187532
0.10302405059337616
0.9613507390022278
2.0908125925034327e-11
0.007237120531499386
0.9999957084655762
0.977460503578186
0.01091008447110653
4.775138222612441e-07
3.794252450006752e-07
8.856491717779136e-07
2.008236776873673e-07
0.4381919503211975
0.9976537823677063
0.03014289401471615
0.9763142466545105
0.0722895935177803
0.003024513367563486
0.4137794077396393
0.01025497354567051
2.3292473088076804e-06
1.2247807035237201e-07
0.015140125527977943
0.027345702052116394
0.9949666857719421
7.813151751179248e-05
0.05684174969792366
0.41654276847839355
0.5538545846939087
0.00015775184147059917
0.975608766078949
2.4326323909917846e-05
9.608399705030024e-05
0.0009589434484951198
0.2578129768371582
3.0073049401835306e-06
1.2161078757344512e-06
0.012034827843308449
0.2806825041770935
0.8255103826522827
0.998499870300293
1.6610469174338505e-05
0.02557896263897419
2.611046511447057e-05
0.0001706622279016301
0.0003745125432033092
0.5800532102584839
0.9999613761901855
0.9999895095825195
0.9988662004470825
9.351007975055836e-06
0.9878249168395996
0.06738384068012238
1.9043521888306714e-06
0.001224102103151381
0.9999827146530151
0.999998927116394
0.026007449254393578
0.0003019232244696468
0.01857043243944645
0.9929272532463074
0.02542596124112606
0.9706900119781494
3.847584917338054e-09
1.3636694120577886e-06
0.8860391974449158
7.37431537345401e-06
0.0005224326741881669
0.003390685422345996
1.420352236891631e-05
0.00214251596480608
0.10505228489637375
0.9996172189712524
0.00019908667309209704
0.41221773624420166
0.00039815824129618704
0.8894609808921814
2.7018443233828293e-06
1.8221887785330182e-06
0.1954890489578247
0.0045682103373110294
0.9985670447349548
0.9835392236709595
1.0
0.0014160473365336657
0.037848226726055145
0.7407323122024536
4.6620931243523955e-05
0.31180742383003235
0.00010764929174911231
0.9993652701377869
0.00013976861373521388
4.8711768840803416e-08
0.9999854564666748
0.9929853081703186
0.05040336772799492
0.1629807949066162
0.998595654964447
0.9900375604629517
2.53671578320791e-06
0.9919033646583557
0.14834778010845184
5.877173947510528e-08
3.183820808771998e-05
0.9988119602203369
1.9666924799821572e-06
0.9792985916137695
0.9904429316520691
0.7422685027122498
0.9997138381004333
1.9894021534128115e-05
0.0009280774975195527
0.00010252055653836578
0.34386566281318665
1.706262082734611e-05
4.1678460682703644e-10
0.0002975604438688606
0.9998878240585327
0.0005258025485090911
0.0008377135382033885
0.26661884784698486
0.00020405482791829854
0.9999847412109375
2.2590727510873876e-08
8.939525173445872e-07
1.331226599177171e-06
0.9989759922027588
0.7624942660331726
0.15067040920257568
0.011097569018602371
1.346090471088246e-06
0.9999698400497437
4.611507392837666e-05
0.09017089009284973
0.9999973773956299
3.620906500145793e-05
0.07465241104364395
6.675560939584102e-07
0.00026156261446885765
0.00038650885107927024
2.1726118575315922e-05
0.00015000866551417857
3.964278789680975e-07
0.004734748508781195
0.0002680684847291559
0.2355959117412567
0.034719474613666534
0.0001747358328429982
0.9999990463256836
4.795244876731886e-07
0.032347265630960464
0.5044187903404236
5.970766658869309e-10
0.9725802540779114
0.000571270240470767
3.7592180888168514e-05
3.7625173376909515e-07
0.014531692489981651
1.0
6.311337870101852e-07
0.6962175369262695
0.9914319515228271
1.40837846629438e-06
0.0063684056513011456
0.4219646453857422
0.20095346868038177
0.00012631548452191055
0.9999685287475586
3.7852169043617323e-06
0.00011853643809445202
0.013003588654100895
0.27763158082962036
0.9810158014297485
0.607403576374054
0.996385931968689
0.00109519949182868
2.4125283744069748e-05
3.2976874990708893e-06
2.3935689341669786e-07
1.0985824701492675e-05
2.816950473061297e-05
1.2824967598135117e-05
0.16708040237426758
0.981406569480896
2.786163804557873e-06
7.176494546001777e-05
0.015353795140981674
0.9370838403701782
0.9987897276878357
2.3529076997874654e-07
0.9996059536933899
0.026103969663381577
0.9982377290725708
0.21121910214424133
0.11122576147317886
0.03113667108118534
0.10007847100496292
0.2727130055427551
0.00016768967907410115
0.9983419179916382
0.0002174695546273142
0.05993872135877609
0.0007037091418169439
0.00010608860611682758
0.22355304658412933
0.8221827149391174
6.271899337662035e-07
0.0006577730528078973
0.9908599257469177
4.7406032535946e-05
7.770070453716471e-08
0.9999945163726807
6.085227255425707e-08
0.0001161933469120413
0.04755358770489693
0.9999667406082153
0.0002013621269725263
0.9999468326568604
0.49687010049819946
0.9990092515945435
1.98045757571208e-09
0.00013809821393806487
4.0864101436000055e-08
0.9999799728393555
0.22299833595752716
0.9964762330055237
4.895773236057721e-05
0.9998213648796082
0.9997135996818542
0.000245487637585029
0.5598687529563904
9.989829413825646e-05
0.0001407206291332841
0.0006693119066767395
0.03546597808599472
0.9986066222190857
1.7999047486227937e-05
0.47153353691101074
0.974197268486023
0.04739641025662422
0.20642822980880737
0.004675059113651514
0.9999758005142212
0.25921759009361267
0.013865982182323933
0.00013281163410283625
2.5185524918924784e-06
0.9999809265136719
0.9672278761863708
0.9391263127326965
0.003029519459232688
0.012983682565391064
0.001148811774328351
0.9435611963272095
1.0
0.0022985581308603287
0.9997568726539612
0.23505723476409912
0.014898720197379589
0.0002121432771673426
0.003222217783331871
0.0026878919452428818
0.9999533891677856
0.9833155870437622
0.015132967382669449
0.9909007549285889
0.0008875330095179379
0.9945852160453796
0.03935926780104637
2.528983486627112e-06
0.9990135431289673
6.103346822783351e-05
0.012373541481792927
0.36363422870635986
0.9999991655349731
2.4290494060608125e-09
0.8794515132904053
0.9994394183158875
0.8487900495529175
0.9886006712913513
0.0005610347143374383
2.220948829290137e-07
3.6740839277626947e-06
0.9531040191650391
7.161331083693767e-09
0.005741197150200605
0.984122633934021
0.921180248260498
8.743777289055288e-05
0.00017505083815194666
0.7983779907226562
0.1426493525505066
0.623842179775238
0.9994780421257019
0.0003269197477493435
5.66828077808168e-07
0.13791537284851074
0.7794643640518188
0.005163151305168867
0.0037518974859267473
0.999476969242096
0.2176928073167801
1.3057140257899391e-08
0.9960728883743286
0.007779486943036318
0.6391774415969849
8.81790547282435e-05
1.0104692083068301e-10
0.27095991373062134
0.5728549361228943
0.07871449738740921
0.9990598559379578
0.2286244034767151
8.921280603146897e-09
0.9998971223831177
0.5271406769752502
0.9881947040557861
0.0015444798627868295
0.5372264385223389
1.5336926173503684e-09
0.0017704640049487352
0.003631432307884097
0.8770131468772888
1.1999892421954428e-06
0.0013037987519055605
2.7203566332900664e-07
1.0
0.9488996863365173
1.7089103465650624e-08
7.57073430577293e-05
0.1690412163734436
2.1719611140724737e-06
0.025875475257635117
0.9674612879753113
0.0008892792975530028
0.00015384364814963192
0.9999486207962036
0.0006562561611644924
8.64968569658231e-06
0.0029917932115495205
5.259647384292521e-09
1.6245013512161677e-06
8.860327943693846e-05
0.03279424086213112
0.0033332647290080786
0.9597538709640503
0.002219150075688958
2.676745580743045e-08
0.037010855972766876
0.0019169709412381053
0.9999901056289673
0.028101729229092598
0.9997410178184509
0.0003781267732847482
0.0016216965159401298
0.0001435204758308828
0.9568979740142822
0.0008885886636562645
2.7716393624643842e-09
0.07970013469457626
1.9993576643173583e-06
0.003501416649669409
3.4703789424384013e-06
0.8591800928115845
0.0004014318692497909
0.9967323541641235
0.002808016026392579
0.6960342526435852
0.12006442993879318
0.9552480578422546
0.167618989944458
0.004465690813958645
7.374487154265807e-07
0.026560865342617035
0.9503218531608582
0.08066125214099884
6.809244951000437e-06
0.002755605150014162
0.20755615830421448
0.014518622308969498
0.9993082284927368
0.9982514977455139
0.9999116659164429
0.9997938275337219
0.00098378153052181
1.0
0.999992847442627
0.0015191822312772274
0.9968422651290894
0.9999998807907104
0.027178537100553513
0.013540017418563366
0.000409306725487113
0.9588647484779358
2.6693101062846836e-06
0.04460931196808815
2.5653535285635742e-12
0.4997609853744507
0.9983042478561401
0.9904953241348267
0.9999438524246216
0.0014915256761014462
0.9946666955947876
0.42329850792884827
0.00017679014126770198
0.9586676955223083
1.912206062115729e-05
0.9952576756477356
0.004863981157541275
0.00232046190649271
1.846381536552144e-07
0.9942660927772522
2.527399374230299e-06
2.4202174486731565e-08
3.265231498517096e-05
0.9999781847000122
1.945692019944545e-06
0.9984433054924011
0.9336771368980408
0.0003114458522759378
0.9998413324356079
0.047673121094703674
0.004868264775723219
0.00029541333788074553
0.07590533047914505
5.5953446320700095e-08
0.000286113063339144
0.9947125911712646
0.9999998807907104
0.9995502829551697
0.0007182498229667544
0.2692885100841522
0.5379639863967896
0.9952371120452881
0.5977680683135986
0.998252809047699
0.08641111105680466
0.9999151229858398
0.011709006503224373
0.0020093016792088747
0.2215109020471573
0.9830111265182495
0.9957452416419983
3.4449491067789495e-05
0.8143455982208252
0.014189262874424458
0.7015408873558044
0.9846231341362
0.9764502644538879
0.9798667430877686
0.9989196062088013
0.9861664772033691
6.456082890515802e-11
0.7726540565490723
0.2356225550174713
4.782521045854082e-06
1.6640418834867887e-05
3.395757175894687e-06
0.9964118599891663
2.647591827553697e-05
0.03398771956562996
0.005007852800190449
0.4001593589782715
0.19206254184246063
8.158332639141008e-05
0.09666918963193893
0.007414806634187698
0.0012507621431723237
0.9314542412757874
0.9939936995506287
1.3158882211428136e-05
0.9893486499786377
0.9999614953994751
0.0014376629842445254
3.860818864609428e-08
7.3186802183045074e-06
0.00039507210021838546
0.028913386166095734
1.086260181182297e-05
1.2539637384012536e-10
4.1979760112553777e-07
0.4281328022480011
7.038422154437285e-06
0.9398791193962097
0.0002668220840860158
0.7559103965759277
0.018307039514183998
0.8239617347717285
0.7537491917610168
0.00015803788846824318
3.4827313356800005e-05
0.02002542093396187
1.2877769961505692e-07
0.0004643526626750827
0.07029426842927933
0.999647855758667
3.8785147316033886e-10
0.8548949360847473
0.0002648714871611446
0.844478189945221
0.40042737126350403
0.9359068274497986
4.527000302401163e-11
0.9999984502792358
0.9990699887275696
0.0024469413328915834
7.056527829263359e-05
0.00307296309620142
0.2726236581802368
0.9999691247940063
2.6352547592978226e-06
4.1076965828779066e-08
0.006412644404917955
0.039321690797805786
0.006159988231956959
0.7892678380012512
0.04319508746266365
1.9723422155948356e-05
0.07123280316591263
0.003409933764487505
0.43078774213790894
1.0
0.00014124627341516316
0.0014421949163079262
0.0001439042971469462
0.001899301540106535
0.9999822378158569
0.9999518394470215
1.7301913430856075e-06
0.9994456171989441
8.440229066764005e-07
0.08439165353775024
0.38554131984710693
7.0179326030483935e-06
0.4511677026748657
5.755864913226105e-05
4.797243491339032e-07
0.9926072359085083
1.797242475731764e-05
3.238722229070845e-06
1.5281344758477644e-06
0.2765439748764038
0.8069381713867188
0.010705245658755302
0.8683668375015259
0.9932429194450378
0.0001516441407147795
2.80461722468317e-06
0.9999984502792358
0.0009978660382330418
0.01631639339029789
0.05216656252741814
3.111713522230275e-05
3.626707439252641e-06
0.4842310845851898
3.897296027566277e-11
0.9464882612228394
0.9572387933731079
0.007123202551156282
0.036415379494428635
0.016260327771306038
0.9969559907913208
0.01033135037869215
0.9995940327644348
0.01383857149630785
0.9987736344337463
0.5959187150001526
0.29933175444602966
0.9145967960357666
0.9852768778800964
0.0032792137935757637
0.9966707825660706
9.375593776894675e-07
0.0003335018700454384
0.0018527718493714929
0.07152023911476135
0.024001115933060646
0.0003145111259073019
0.22678521275520325
0.0008136972319334745
6.048865408558868e-09
1.2583066677507304e-07
3.5039660062352596e-10
0.8250110149383545
0.276739239692688
0.9204648733139038
0.9998096823692322
5.527551820705412e-07
1.473167277055154e-08
5.841900747871609e-12
3.167226850564475e-06
1.8045441265712725e-06
0.0038897739723324776
0.035144973546266556
0.8916645646095276
1.4451924243985559e-06
0.00031516156741417944
0.9979704022407532
0.9882287979125977
0.0017967196181416512
0.9995526671409607
1.1459854931672453e-07
1.7158485206891783e-05
0.9866622090339661
0.9912002682685852
0.3125689923763275
2.0191659132251516e-05
0.957569420337677
0.4534280598163605
0.13294972479343414
7.4576123552105855e-06
0.3982585370540619
0.7866843342781067
0.9997195601463318
