17.725284576416016
20.82707405090332
16.772920608520508
17.802000045776367
18.982051849365234
18.405529022216797
17.06084442138672
17.98196029663086
18.412174224853516
17.056907653808594
21.697650909423828
19.92276954650879
19.54446029663086
20.440383911132812
17.995025634765625
19.64430046081543
20.615991592407227
21.187400817871094
15.859724044799805
19.866512298583984
17.26235008239746
10.429850578308105
17.307056427001953
20.248315811157227
17.337169647216797
19.800962448120117
21.357025146484375
18.61562728881836
22.259517669677734
21.23684310913086
20.594839096069336
4.820868492126465
19.58755111694336
21.381006240844727
18.231067657470703
18.043567657470703
19.59376335144043
13.66501235961914
18.408823013305664
19.618671417236328
18.814130783081055
21.136123657226562
11.76724624633789
19.067459106445312
18.171236038208008
20.194135665893555
20.26436424255371
15.453499794006348
19.59344482421875
20.449344635009766
19.10480308532715
19.65979766845703
19.15263557434082
18.23120880126953
21.707990646362305
14.694952011108398
19.05152702331543
18.48802375793457
19.626239776611328
18.110815048217773
23.26021957397461
19.51256561279297
18.175798416137695
21.88988494873047
20.416561126708984
21.840656280517578
16.86262321472168
15.995814323425293
21.57586669921875
21.163286209106445
19.42254066467285
12.360448837280273
19.668590545654297
12.588512420654297
15.709778785705566
19.9768009185791
15.006738662719727
19.52261734008789
18.908178329467773
20.311397552490234
19.31631088256836
20.353363037109375
17.18157386779785
20.465869903564453
16.519397735595703
16.852088928222656
23.008607864379883
21.293922424316406
19.39303970336914
21.416282653808594
20.54149055480957
19.659177780151367
19.995840072631836
18.675199508666992
9.161514282226562
20.383459091186523
18.206951141357422
19.46708106994629
21.24226188659668
18.98025894165039
18.52691078186035
11.84321117401123
12.963912963867188
21.011211395263672
18.247812271118164
20.822372436523438
15.762494087219238
14.423951148986816
20.600662231445312
17.635391235351562
20.83344268798828
20.593502044677734
19.467304229736328
19.599477767944336
9.267829895019531
19.773521423339844
17.95001983642578
17.676679611206055
15.872056007385254
17.526504516601562
17.169984817504883
18.909740447998047
21.718704223632812
13.839656829833984
21.07310676574707
15.894691467285156
20.685338973999023
14.922066688537598
15.442286491394043
21.018342971801758
15.481128692626953
17.256467819213867
19.801633834838867
18.95528221130371
18.409996032714844
15.545100212097168
19.527130126953125
20.85049057006836
15.158003807067871
15.197285652160645
16.578096389770508
17.205366134643555
18.129179000854492
20.87946128845215
17.58021354675293
14.721867561340332
13.244277000427246
17.132692337036133
15.78545093536377
17.778141021728516
22.115522384643555
17.296798706054688
18.820974349975586
22.658763885498047
18.893943786621094
16.652223587036133
21.11412239074707
19.461856842041016
16.693557739257812
14.718571662902832
21.093286514282227
17.468822479248047
19.44475746154785
16.46462631225586
20.772052764892578
17.38625717163086
21.21755027770996
19.281448364257812
19.8413028717041
17.70210075378418
21.850093841552734
15.59742259979248
18.587543487548828
18.240873336791992
19.35608673095703
19.202383041381836
12.404632568359375
13.24502182006836
19.961109161376953
21.40195083618164
13.065629959106445
15.620509147644043
18.085262298583984
21.434677124023438
22.067716598510742
13.42038345336914
18.406261444091797
15.28292179107666
21.793155670166016
7.882721424102783
17.057077407836914
18.0071964263916
8.482229232788086
23.21320152282715
22.43299102783203
17.80841636657715
18.704181671142578
19.071596145629883
21.00069236755371
13.607154846191406
16.738128662109375
17.672832489013672
21.028762817382812
21.637351989746094
17.118717193603516
10.79971981048584
17.355459213256836
19.37264633178711
18.584699630737305
17.471939086914062
19.25214958190918
20.79287338256836
22.505035400390625
18.766677856445312
19.178775787353516
20.746849060058594
19.06229019165039
20.368175506591797
15.296218872070312
17.865962982177734
18.662633895874023
18.079486846923828
16.51776695251465
21.240766525268555
18.47246551513672
21.42685890197754
18.81783103942871
22.07499885559082
19.050762176513672
17.37293243408203
17.101242065429688
15.286584854125977
20.118019104003906
19.652053833007812
21.45652198791504
18.167600631713867
18.45987892150879
16.412151336669922
19.464614868164062
20.53612518310547
17.72513198852539
21.584394454956055
23.48208236694336
17.209266662597656
21.32852554321289
19.411788940429688
21.935565948486328
17.51172637939453
19.12360954284668
19.45047378540039
17.944917678833008
19.414390563964844
20.603864669799805
18.019023895263672
18.208744049072266
19.678464889526367
20.32567596435547
16.50595474243164
20.802566528320312
16.97796058654785
12.31749439239502
17.766220092773438
18.12565803527832
21.025907516479492
18.898033142089844
17.10334014892578
16.919204711914062
16.320863723754883
17.0731143951416
17.737558364868164
21.970504760742188
17.245525360107422
18.85921859741211
18.092512130737305
21.351097106933594
18.354469299316406
21.395830154418945
19.436635971069336
18.413454055786133
18.490890502929688
20.18098258972168
19.624221801757812
19.73390769958496
21.255207061767578
16.670129776000977
19.29401969909668
20.01367950439453
19.323333740234375
20.012393951416016
21.631139755249023
19.692310333251953
18.231374740600586
21.674678802490234
16.49283218383789
17.201868057250977
19.42251968383789
23.2772274017334
19.626251220703125
17.577680587768555
13.15777587890625
19.812679290771484
20.002696990966797
15.453595161437988
19.778732299804688
21.667516708374023
20.479320526123047
16.998424530029297
18.361465454101562
18.9339656829834
20.37506103515625
16.592878341674805
11.972945213317871
20.39560317993164
19.91402244567871
17.905433654785156
19.79513931274414
19.521902084350586
15.170197486877441
21.760604858398438
18.301767349243164
13.508952140808105
16.733074188232422
17.33087158203125
22.298616409301758
20.702177047729492
19.475582122802734
19.308191299438477
21.546920776367188
21.35194969177246
19.19696044921875
13.02659797668457
19.742721557617188
18.387136459350586
22.0102596282959
14.063024520874023
16.217369079589844
17.602598190307617
13.416194915771484
20.577903747558594
20.44032859802246
20.210216522216797
18.64185333251953
19.56481170654297
12.9747953414917
16.440134048461914
20.057634353637695
16.314109802246094
20.279354095458984
21.880136489868164
19.894210815429688
19.399093627929688
16.662761688232422
19.019603729248047
18.475534439086914
15.495068550109863
23.194194793701172
19.652433395385742
22.16594123840332
18.310951232910156
18.892988204956055
22.24250602722168
14.629210472106934
20.235538482666016
20.15874481201172
22.30168342590332
14.017987251281738
18.732162475585938
18.594406127929688
21.029632568359375
18.398235321044922
20.489646911621094
20.237829208374023
18.617603302001953
19.517276763916016
18.138507843017578
19.18339729309082
21.10569953918457
17.646596908569336
19.052021026611328
21.490148544311523
16.603290557861328
19.382240295410156
11.249444961547852
20.801639556884766
18.514978408813477
15.32339096069336
19.351465225219727
19.886659622192383
19.84715461730957
19.531051635742188
20.552156448364258
17.416513442993164
22.385086059570312
18.796558380126953
21.04403305053711
18.455053329467773
17.986827850341797
18.347305297851562
20.966693878173828
19.36988067626953
21.253101348876953
19.638452529907227
18.02925682067871
22.11101722717285
19.376258850097656
20.071617126464844
13.298218727111816
20.512371063232422
19.635114669799805
21.19649887084961
16.294143676757812
21.69872283935547
13.12515926361084
19.118497848510742
16.84366226196289
20.4893798828125
19.82972526550293
19.64295196533203
16.447551727294922
19.133371353149414
19.033525466918945
10.471426010131836
20.113374710083008
17.607973098754883
16.9133243560791
23.0172061920166
15.883214950561523
17.759485244750977
21.38312530517578
19.14365005493164
16.05901336669922
22.273860931396484
23.81386375427246
17.30743408203125
21.241870880126953
19.994958877563477
18.047224044799805
12.362385749816895
16.999332427978516
20.825706481933594
19.29877281188965
16.826818466186523
12.430459022521973
19.641328811645508
15.104782104492188
19.70928382873535
20.004154205322266
21.37717628479004
19.103235244750977
21.36446189880371
14.899534225463867
15.414422035217285
15.52556037902832
14.552199363708496
18.952281951904297
21.137432098388672
16.77777099609375
15.44502067565918
18.53010368347168
17.62774658203125
20.83315086364746
17.619319915771484
17.489057540893555
20.88456916809082
18.419910430908203
17.872447967529297
18.751859664916992
16.43988609313965
18.075172424316406
17.29461097717285
14.87682056427002
15.039931297302246
17.765531539916992
15.52044677734375
20.066152572631836
17.433475494384766
19.329605102539062
20.875337600708008
18.510623931884766
16.995319366455078
13.719049453735352
20.373157501220703
21.483421325683594
20.59546661376953
19.375732421875
18.769651412963867
18.12078285217285
18.807268142700195
15.446488380432129
18.824190139770508
19.874725341796875
19.151920318603516
14.137861251831055
17.227998733520508
20.2825870513916
11.998703956604004
17.30901527404785
17.091629028320312
19.96116828918457
16.431074142456055
20.89606475830078
14.805946350097656
16.607980728149414
21.31963348388672
18.03652000427246
9.80284309387207
20.424030303955078
18.35439109802246
11.74098014831543
18.94546127319336
14.297677040100098
18.563751220703125
14.799156188964844
15.867437362670898
19.803977966308594
18.271928787231445
18.212833404541016
19.892593383789062
19.465112686157227
18.113567352294922
21.175756454467773
19.956418991088867
17.433168411254883
17.79529571533203
17.78697967529297
14.746184349060059
20.703197479248047
20.09336280822754
18.15132713317871
16.747758865356445
20.775314331054688
18.284067153930664
17.179101943969727
13.076147079467773
19.431303024291992
16.503963470458984
15.457955360412598
20.590736389160156
21.256633758544922
21.686193466186523
10.558539390563965
15.782869338989258
19.17104721069336
17.23560905456543
20.663162231445312
16.81818389892578
19.89580726623535
18.197526931762695
21.7222900390625
19.974098205566406
15.03371524810791
22.68765640258789
21.340641021728516
23.45899772644043
20.16791343688965
15.748549461364746
12.820207595825195
17.368513107299805
19.12228775024414
17.123262405395508
19.506608963012695
17.266510009765625
21.046907424926758
18.25278091430664
20.888734817504883
10.50404167175293
21.778804779052734
18.54562759399414
17.578903198242188
21.92691993713379
20.172012329101562
18.01727867126465
18.593608856201172
18.387479782104492
17.834074020385742
15.546723365783691
19.169532775878906
15.933125495910645
20.02857780456543
10.871833801269531
18.106870651245117
17.869028091430664
21.14805030822754
21.204975128173828
23.040922164916992
20.293930053710938
19.91799545288086
20.429615020751953
20.3435115814209
17.900753021240234
19.558624267578125
21.08746910095215
19.302953720092773
21.942842483520508
17.924394607543945
20.42070770263672
14.33812141418457
18.849470138549805
20.413192749023438
18.31748390197754
15.460192680358887
19.030113220214844
19.508846282958984
18.202136993408203
21.24875831604004
19.472280502319336
17.351160049438477
20.790752410888672
18.438447952270508
15.137598991394043
20.922286987304688
18.959718704223633
18.662757873535156
20.580055236816406
16.526506423950195
20.306129455566406
18.06867790222168
20.233184814453125
19.402446746826172
18.46306800842285
21.656749725341797
17.854511260986328
18.712759017944336
19.518991470336914
17.42727279663086
19.37732696533203
20.97144889831543
20.301616668701172
21.209854125976562
14.226737022399902
18.968582153320312
16.00982666015625
17.092836380004883
19.2351016998291
9.883306503295898
20.54364013671875
17.598424911499023
19.70732307434082
17.45342445373535
20.556577682495117
21.873682022094727
13.76689338684082
20.4202880859375
17.405746459960938
18.375734329223633
15.908539772033691
18.991622924804688
19.73573112487793
21.211944580078125
15.109808921813965
19.854385375976562
18.695205688476562
17.95467185974121
17.198429107666016
20.540796279907227
19.74722671508789
21.115802764892578
12.651745796203613
18.183090209960938
17.278831481933594
20.711734771728516
15.78182315826416
20.619680404663086
17.355764389038086
18.19561767578125
16.58183479309082
13.842945098876953
20.218046188354492
17.769113540649414
17.977462768554688
17.196264266967773
20.581052780151367
16.235252380371094
18.166423797607422
15.4108304977417
17.50753402709961
18.448143005371094
20.2996826171875
15.213138580322266
20.73382568359375
19.08700942993164
20.00499153137207
19.686264038085938
20.19215202331543
13.242975234985352
21.531770706176758
18.572668075561523
17.425704956054688
17.56292724609375
23.29648208618164
23.79574966430664
16.860382080078125
19.366802215576172
18.042417526245117
19.314407348632812
21.85759735107422
18.93859100341797
19.282428741455078
21.450273513793945
14.831710815429688
17.49060821533203
14.27793025970459
21.952899932861328
17.47340965270996
17.459875106811523
20.24905776977539
21.093212127685547
13.047835350036621
17.409704208374023
21.493162155151367
16.21491050720215
21.200761795043945
22.150043487548828
19.052474975585938
18.35889434814453
21.20257568359375
22.046554565429688
23.04755210876465
16.5584659576416
14.56535530090332
19.144006729125977
23.46883201599121
14.808369636535645
20.118244171142578
16.54384994506836
19.514070510864258
19.48275375366211
19.18123435974121
18.069072723388672
19.30384063720703
16.56836700439453
19.48789405822754
15.094073295593262
17.873371124267578
15.102441787719727
19.617504119873047
15.128031730651855
8.39864730834961
17.58901023864746
18.49079704284668
21.358491897583008
19.906198501586914
16.3158016204834
19.046785354614258
18.17279815673828
15.380768775939941
20.74019432067871
16.662612915039062
21.602670669555664
19.0855770111084
23.014041900634766
18.981809616088867
17.182151794433594
15.242323875427246
18.695693969726562
9.897970199584961
17.254138946533203
15.972389221191406
18.38500213623047
21.12657928466797
19.94875717163086
11.101673126220703
18.92845916748047
18.972383499145508
19.181447982788086
18.742910385131836
22.56633758544922
17.577404022216797
19.859737396240234
21.43248176574707
19.84645652770996
22.892488479614258
17.259532928466797
18.037254333496094
18.304073333740234
16.2275333404541
19.24574851989746
19.54228973388672
18.850215911865234
22.13652992248535
14.26751708984375
19.38783836364746
18.271453857421875
19.96884536743164
15.8914213180542
18.046772003173828
18.68635368347168
18.414339065551758
20.206464767456055
20.66140365600586
13.59771728515625
16.160367965698242
17.699466705322266
20.176334381103516
17.72808074951172
20.684844970703125
17.171649932861328
19.787569046020508
15.339263916015625
20.049325942993164
12.528602600097656
14.698538780212402
17.59475326538086
7.855360507965088
20.841829299926758
18.924589157104492
19.23459243774414
21.556541442871094
20.113096237182617
20.652738571166992
22.812034606933594
16.496540069580078
18.69186019897461
17.35013771057129
22.29883575439453
21.145217895507812
16.432647705078125
20.102462768554688
17.538471221923828
17.932992935180664
19.94333839416504
13.459526062011719
16.230457305908203
17.55518913269043
21.370067596435547
12.502647399902344
22.10304069519043
22.838909149169922
19.221731185913086
16.95711326599121
18.511917114257812
17.34737777709961
19.602895736694336
12.532515525817871
20.577972412109375
7.526961326599121
20.682153701782227
12.989888191223145
17.88330841064453
21.450000762939453
16.552541732788086
17.508195877075195
20.586185455322266
21.497705459594727
22.255950927734375
18.25778579711914
12.68073558807373
18.691898345947266
19.049190521240234
20.9771671295166
17.04073715209961
18.45803451538086
18.849262237548828
21.459930419921875
19.50288963317871
18.852664947509766
19.902868270874023
17.343141555786133
16.24281120300293
19.25505828857422
19.571109771728516
16.220813751220703
16.541379928588867
19.238941192626953
14.507912635803223
19.465768814086914
18.341033935546875
16.592077255249023
17.557666778564453
20.422321319580078
20.872098922729492
18.437591552734375
22.467987060546875
22.453763961791992
19.74094581604004
19.421117782592773
21.204734802246094
19.279813766479492
18.78319549560547
19.21535873413086
16.23152732849121
20.68002700805664
19.869918823242188
19.94137191772461
17.64637565612793
20.600793838500977
17.487768173217773
15.456916809082031
17.0784912109375
16.701522827148438
11.790977478027344
18.9517822265625
16.311481475830078
18.60696792602539
21.006668090820312
22.324329376220703
21.667308807373047
16.375415802001953
20.35003089904785
17.003890991210938
15.3818941116333
23.678701400756836
19.595951080322266
21.664281845092773
20.1863956451416
20.544103622436523
20.28179168701172
15.550810813903809
16.46961784362793
17.548992156982422
20.202892303466797
19.06563949584961
20.72921371459961
19.216909408569336
19.842426300048828
19.93736457824707
20.1420955657959
18.44369125366211
20.12789535522461
15.359583854675293
19.715852737426758
19.440710067749023
15.603022575378418
16.242069244384766
20.316818237304688
16.868947982788086
17.22816276550293
17.12959098815918
20.3087158203125
14.126547813415527
19.973419189453125
19.648117065429688
13.391448020935059
17.628347396850586
18.509374618530273
16.307498931884766
18.956989288330078
19.107101440429688
10.327274322509766
18.866100311279297
20.115644454956055
21.892610549926758
9.62497615814209
20.511249542236328
21.145700454711914
16.015832901000977
17.65703582763672
17.575307846069336
19.48199462890625
19.381221771240234
22.03163719177246
19.07001495361328
8.413354873657227
17.07438087463379
22.91546630859375
16.6825008392334
19.114946365356445
10.229921340942383
16.899335861206055
20.361623764038086
20.85420036315918
17.107385635375977
20.01075553894043
11.046238899230957
16.763566970825195
20.07331085205078
18.503332138061523
20.791412353515625
12.273468971252441
17.985116958618164
20.51973533630371
20.779773712158203
20.737548828125
20.130468368530273
16.91983985900879
18.485811233520508
15.023597717285156
17.144983291625977
18.444599151611328
19.60291290283203
16.98898696899414
17.888591766357422
17.556018829345703
17.495681762695312
20.760480880737305
20.671817779541016
23.236543655395508
16.294506072998047
18.19402503967285
18.4781494140625
18.255313873291016
8.23403549194336
-17.624813079833984
-17.06168556213379
-21.184295654296875
-18.846092224121094
-23.088533401489258
-28.061267852783203
-27.06920623779297
-29.182849884033203
-17.104467391967773
-22.976051330566406
-18.13577651977539
-19.288330078125
-15.511526107788086
-9.225882530212402
-22.602275848388672
-16.45557975769043
-19.479534149169922
-24.960222244262695
-22.364656448364258
-12.586556434631348
-19.29462242126465
-21.570308685302734
-18.86914825439453
-30.511333465576172
-21.97438621520996
-26.32876968383789
-22.895498275756836
-26.684526443481445
-24.0846004486084
-17.10747528076172
-27.109394073486328
-23.231008529663086
-20.78901481628418
-21.27086639404297
-14.865567207336426
-22.196670532226562
-24.88396453857422
-28.39592170715332
-15.533411026000977
-17.18674087524414
-25.944683074951172
-23.855016708374023
-19.035146713256836
-27.183359146118164
-17.51363182067871
-25.36200523376465
-17.82084083557129
-26.054542541503906
-16.909591674804688
-24.503936767578125
-20.65000343322754
-19.94980239868164
-18.981719970703125
-20.661060333251953
-25.338878631591797
-19.793628692626953
-16.496219635009766
-14.441315650939941
-26.88605308532715
-22.325204849243164
-23.57680892944336
-20.392332077026367
-25.77318572998047
-23.984485626220703
-17.796815872192383
-22.777374267578125
-6.655162811279297
-20.613773345947266
-23.712373733520508
-22.439279556274414
-18.235883712768555
-27.9501895904541
-26.2966365814209
-18.356586456298828
-20.437267303466797
-21.899951934814453
-24.76952362060547
-23.795503616333008
-16.977760314941406
-26.53057861328125
-12.721673965454102
-18.70697593688965
-25.60097312927246
-21.97846794128418
-18.897890090942383
-18.020204544067383
-20.519773483276367
-20.68449592590332
-19.30059051513672
-20.58551597595215
-12.185224533081055
-22.579349517822266
-20.103229522705078
-19.497539520263672
-21.518474578857422
-25.702661514282227
-25.50406265258789
-21.573991775512695
-22.857852935791016
-15.009068489074707
11.318140029907227
-23.17084503173828
-26.03470230102539
-19.991134643554688
-21.804662704467773
-20.462852478027344
-20.758665084838867
-25.334026336669922
-17.119007110595703
-10.211362838745117
-18.32528305053711
-19.275676727294922
-18.073335647583008
-29.78058624267578
-26.450828552246094
-21.302724838256836
-26.462675094604492
-10.07635498046875
-17.458866119384766
-24.072179794311523
-19.148582458496094
-26.707860946655273
-23.934158325195312
-19.112321853637695
-24.04096031188965
-15.95557689666748
-27.063451766967773
-16.997262954711914
-22.54022789001465
-21.594486236572266
-8.066591262817383
-26.823368072509766
-20.532194137573242
-20.61824607849121
-22.15338897705078
-25.144187927246094
-24.99243927001953
-26.37177848815918
-24.724084854125977
-26.378177642822266
-12.546965599060059
-27.04868507385254
-18.130599975585938
-20.054031372070312
-22.135663986206055
-21.728137969970703
-29.059701919555664
-20.963651657104492
-25.22010040283203
-27.500520706176758
-22.51470947265625
-13.868271827697754
-20.484804153442383
-21.252458572387695
-20.92951011657715
-27.184972763061523
-32.86207580566406
-25.276123046875
-13.75219440460205
-21.97077751159668
-23.504920959472656
-23.901838302612305
-17.170455932617188
-12.373377799987793
-19.411256790161133
-21.21448516845703
-21.80430793762207
-27.274173736572266
-12.196969032287598
-17.976390838623047
-12.2802152633667
-26.458118438720703
-19.65882110595703
-28.425228118896484
-15.3219633102417
-15.846474647521973
-26.516098022460938
-28.162960052490234
-20.109296798706055
-10.92454719543457
-25.72226333618164
-24.087215423583984
-24.380054473876953
-22.469470977783203
-22.74444580078125
-25.924169540405273
-16.79820442199707
-27.176311492919922
-19.813608169555664
-21.894596099853516
-25.396366119384766
-21.50944709777832
-19.3802547454834
-21.553462982177734
-25.389816284179688
-13.018708229064941
-9.807818412780762
-19.160064697265625
-20.230281829833984
-20.628231048583984
-28.76007843017578
-16.883281707763672
-18.37312889099121
-21.725603103637695
-24.154264450073242
-17.01734161376953
-23.61127471923828
-15.945281028747559
-24.696266174316406
-21.858850479125977
-18.30303955078125
-21.61489486694336
-17.941761016845703
-25.842885971069336
-23.902345657348633
-17.712947845458984
-21.367046356201172
-22.819246292114258
-20.757966995239258
-21.99228286743164
-29.17361068725586
-22.629425048828125
-23.51659393310547
-21.00018882751465
-22.38753890991211
-19.811264038085938
-25.183956146240234
-26.883319854736328
-21.702167510986328
-21.071502685546875
-14.323668479919434
-26.878578186035156
-16.227087020874023
-22.835237503051758
-4.021382808685303
-11.427980422973633
-25.822933197021484
-16.919057846069336
-26.37226104736328
-16.684934616088867
-24.69266700744629
-19.818021774291992
-20.408130645751953
-25.527000427246094
-19.02983856201172
-18.55387306213379
-23.349327087402344
-15.072493553161621
-22.97703742980957
-20.014190673828125
-18.57567596435547
-25.766826629638672
-24.954322814941406
-19.01971435546875
-21.551103591918945
-27.464879989624023
-24.1036434173584
-27.517942428588867
-22.28964614868164
-18.9133243560791
-29.444652557373047
-18.847673416137695
-19.293548583984375
-13.22536849975586
-19.542360305786133
-30.031179428100586
-23.032861709594727
-21.030933380126953
-27.884803771972656
-21.062515258789062
-28.81488609313965
-26.77749252319336
-23.724727630615234
-19.390300750732422
-18.435335159301758
-20.854372024536133
-24.83417320251465
-22.510501861572266
-8.027993202209473
-27.785423278808594
-22.726699829101562
-16.621910095214844
-21.901220321655273
-19.95414161682129
-21.25796890258789
-22.254901885986328
-10.621577262878418
-17.189523696899414
-12.463339805603027
-17.944580078125
-23.603609085083008
-22.04910659790039
-19.607080459594727
-19.255508422851562
-22.42542839050293
-23.73781967163086
-24.470991134643555
-24.820833206176758
-24.12551498413086
-20.67501449584961
-22.26009750366211
-22.290016174316406
-15.980380058288574
-22.39140510559082
-22.002574920654297
-12.605914115905762
-22.823040008544922
-19.190332412719727
-22.09288787841797
-25.62912940979004
-17.260574340820312
-19.4714298248291
-24.753555297851562
-26.156726837158203
-24.926525115966797
-26.658477783203125
-26.83812713623047
-18.860885620117188
-14.450319290161133
-25.462295532226562
-21.820409774780273
-14.3984956741333
-23.98612403869629
-19.78407859802246
-23.08592414855957
-20.640335083007812
-27.586772918701172
-22.803497314453125
-28.965702056884766
-18.280624389648438
-30.884254455566406
-15.985676765441895
-24.82876968383789
-22.65352439880371
-24.744722366333008
-19.324649810791016
-20.963607788085938
-20.007646560668945
-12.729621887207031
-30.156618118286133
-26.32023811340332
-19.423725128173828
-25.708452224731445
-27.289857864379883
-19.404150009155273
-20.252185821533203
-24.800697326660156
-18.72026252746582
-20.29191780090332
-21.36236572265625
-24.671207427978516
-15.806086540222168
-20.10649871826172
-26.662742614746094
-22.82196807861328
-22.693147659301758
-26.387802124023438
-22.568565368652344
-21.865222930908203
-25.955350875854492
-21.393905639648438
-15.971922874450684
-30.326187133789062
-4.2570929527282715
-19.780834197998047
-23.442543029785156
-15.225281715393066
-19.92017364501953
-12.372060775756836
-19.534297943115234
-16.467369079589844
-23.50064468383789
-20.723785400390625
-20.596694946289062
-14.985239028930664
-21.236454010009766
-23.45278549194336
-26.699995040893555
-15.752978324890137
-22.283254623413086
-26.867366790771484
-18.5338191986084
-21.8136043548584
-22.488157272338867
-21.447399139404297
-18.104961395263672
-23.001745223999023
-17.878637313842773
-25.406005859375
-21.70319366455078
-22.432708740234375
-23.077898025512695
-15.78215503692627
-13.424160957336426
-28.132360458374023
-24.082035064697266
-24.735387802124023
-27.593385696411133
-14.677660942077637
-24.454814910888672
-19.238265991210938
-27.524497985839844
-16.7493839263916
-24.874662399291992
-19.9495849609375
-18.471851348876953
-23.62782096862793
-26.767730712890625
-23.14168930053711
-22.933189392089844
-17.604354858398438
-15.32104778289795
-27.25397491455078
-26.9172306060791
-25.153282165527344
-27.961984634399414
-18.15402603149414
-21.82086944580078
-18.490999221801758
-26.135765075683594
-22.97471809387207
-27.981365203857422
-11.825240135192871
-26.8787899017334
-3.435971736907959
-26.416893005371094
-14.653817176818848
-22.394365310668945
-19.232147216796875
-26.795787811279297
-28.072614669799805
-22.151357650756836
-18.806385040283203
-26.700769424438477
-18.039506912231445
-24.006614685058594
-18.0894775390625
-26.193096160888672
-20.099506378173828
-20.0725040435791
-11.742252349853516
-24.48415756225586
-26.690750122070312
-26.64594078063965
-26.144020080566406
-20.038589477539062
-15.684618949890137
-23.068031311035156
-17.878767013549805
-20.0312557220459
-13.010245323181152
-5.3448967933654785
-27.255088806152344
-17.6439266204834
-23.63848114013672
-23.164215087890625
-23.164024353027344
-18.833595275878906
-22.071147918701172
-22.46521759033203
-19.630508422851562
-18.549625396728516
-22.801795959472656
-22.36625862121582
-21.93136978149414
-25.802160263061523
-12.107437133789062
-19.08406639099121
-25.931901931762695
-22.568668365478516
-21.48552894592285
-22.482906341552734
-18.26222038269043
-20.866043090820312
-17.676122665405273
-17.35167121887207
-22.383766174316406
-22.477481842041016
-28.301464080810547
-22.63039207458496
-24.82443618774414
-11.509835243225098
-25.7530460357666
-21.658517837524414
-26.760223388671875
-23.482585906982422
-30.7003173828125
-23.725997924804688
-12.287501335144043
-19.253536224365234
-23.347776412963867
-26.463117599487305
-10.081859588623047
-25.340547561645508
-23.467498779296875
-16.119173049926758
-29.326828002929688
-19.264015197753906
-26.154048919677734
-21.766647338867188
-26.294803619384766
-10.23857307434082
-18.137956619262695
-24.172475814819336
-23.31137466430664
-25.53554344177246
-29.255859375
-29.526262283325195
-23.35016632080078
-25.75405502319336
-20.235544204711914
-26.923181533813477
-22.490474700927734
-21.64888572692871
-15.038065910339355
-24.359853744506836
-21.114803314208984
-21.744781494140625
-22.949317932128906
-25.05029296875
-19.41927146911621
-20.09361457824707
-26.303388595581055
-22.107255935668945
-28.065080642700195
-25.32227325439453
-18.10791015625
-16.854167938232422
-16.311626434326172
-20.25577163696289
-20.413270950317383
-15.545363426208496
-20.387649536132812
-20.50275421142578
-20.895872116088867
-23.564573287963867
-20.70903205871582
-17.618614196777344
-19.813955307006836
-21.532983779907227
-17.724441528320312
-24.686569213867188
-22.234264373779297
-21.359586715698242
-20.158382415771484
-24.14142608642578
-17.845264434814453
-25.11993980407715
-25.917247772216797
-25.826990127563477
-13.020142555236816
-19.502273559570312
-14.216314315795898
-23.0524845123291
-22.98587989807129
-21.329700469970703
-19.38837432861328
-21.614891052246094
-14.719085693359375
-22.256351470947266
-14.31930160522461
-20.89424705505371
-23.767478942871094
-23.859249114990234
-22.131916046142578
-20.479171752929688
-12.21345329284668
-15.804198265075684
-24.96863555908203
-23.649744033813477
-23.09152603149414
-20.948097229003906
-16.57969093322754
-19.52496910095215
-23.126893997192383
-22.94227409362793
-14.008790016174316
-19.287246704101562
-20.78386116027832
-19.212818145751953
-20.375076293945312
-20.13855743408203
-16.596492767333984
-21.940216064453125
-20.659578323364258
-18.433393478393555
-21.404367446899414
-27.308040618896484
-25.580583572387695
-19.12285614013672
-21.789833068847656
-22.965097427368164
-24.437936782836914
-17.596847534179688
-25.53205108642578
-21.634769439697266
-26.471948623657227
-16.6347599029541
-18.677194595336914
-19.904205322265625
-23.212675094604492
-24.193838119506836
-21.389978408813477
-23.887115478515625
-21.635086059570312
-24.187131881713867
-17.090801239013672
-21.629150390625
-23.60245704650879
-23.451175689697266
-23.018835067749023
-19.607202529907227
-26.084434509277344
-20.12099838256836
-24.207679748535156
-23.78490447998047
-24.621278762817383
-16.033557891845703
-24.27686309814453
-18.00322151184082
-25.725412368774414
-24.97245216369629
-18.093048095703125
-21.27855682373047
-18.991180419921875
-17.84911346435547
-25.77073860168457
-19.252635955810547
-9.493420600891113
-16.0140380859375
-18.367210388183594
-23.402767181396484
-22.90677833557129
-12.655405044555664
-21.557594299316406
-24.459468841552734
-19.000635147094727
-21.444067001342773
-22.36597442626953
-22.63723373413086
-18.94767189025879
-12.156566619873047
-12.261762619018555
-12.784270286560059
-26.516773223876953
-15.909911155700684
-23.981243133544922
-20.162229537963867
-19.24432945251465
-19.765901565551758
-24.20217514038086
-21.480846405029297
-23.89917755126953
-9.679420471191406
-22.223403930664062
-19.81060028076172
-26.847030639648438
-24.592714309692383
-15.674739837646484
-26.289201736450195
-22.62209701538086
-22.58544158935547
-20.57847023010254
-13.286808967590332
-24.484922409057617
-20.751062393188477
-24.582164764404297
-22.9573974609375
-24.84909439086914
-25.84254264831543
-23.682964324951172
-12.147549629211426
-24.719581604003906
-15.984575271606445
-18.051193237304688
-23.185070037841797
-18.794906616210938
-24.023971557617188
-7.957481861114502
-26.445716857910156
-19.559778213500977
-17.40516471862793
-21.399234771728516
-24.646934509277344
-12.761024475097656
-22.141220092773438
-24.303821563720703
-19.912700653076172
-15.332584381103516
-15.458952903747559
-23.223773956298828
-16.96750259399414
-23.109209060668945
-21.532445907592773
-17.799358367919922
-21.203338623046875
-19.492267608642578
-13.179337501525879
-21.180641174316406
-24.579137802124023
-28.10433578491211
-18.918659210205078
-21.168964385986328
-27.09367561340332
-29.484054565429688
-25.74736785888672
-19.794139862060547
-21.685192108154297
-21.198871612548828
-24.949172973632812
-20.74256134033203
-21.59975814819336
-5.243135929107666
-23.72016716003418
-26.190444946289062
-21.88005828857422
-21.97454833984375
-23.353254318237305
-14.572314262390137
-24.195138931274414
-21.846981048583984
-25.135190963745117
-23.069683074951172
-17.137393951416016
-18.483665466308594
-24.89306640625
-21.65291976928711
-19.850818634033203
-11.738839149475098
-21.116954803466797
-4.006773471832275
-23.14480972290039
-20.709922790527344
-27.10007095336914
-11.296639442443848
-10.690805435180664
-23.497337341308594
-22.726707458496094
-23.36465835571289
-23.87605857849121
-23.776453018188477
-20.020219802856445
-21.03907585144043
-18.463226318359375
-19.433624267578125
-21.923847198486328
-21.915172576904297
-20.143573760986328
-25.396272659301758
-23.123003005981445
-22.82841682434082
-17.522441864013672
-23.112194061279297
-17.991060256958008
-22.05870819091797
-21.113967895507812
-26.547266006469727
-22.104537963867188
-20.477840423583984
-21.42071533203125
-11.269403457641602
-11.82040786743164
-13.484017372131348
-25.15940284729004
-19.158817291259766
-22.114381790161133
-21.78756332397461
-26.663841247558594
-25.620826721191406
-25.79959487915039
-25.649490356445312
-24.43655014038086
-17.014619827270508
-9.728549003601074
-20.821788787841797
-18.868288040161133
-18.205846786499023
-18.506755828857422
-20.85247802734375
-7.06795072555542
-13.920870780944824
-22.99163818359375
-23.256505966186523
-15.91527271270752
-24.74874496459961
-24.36787223815918
-22.796646118164062
-17.123714447021484
-22.035572052001953
-22.38133430480957
-25.825231552124023
-27.68076515197754
-17.057903289794922
-22.32704734802246
-25.495113372802734
-27.279102325439453
-24.004581451416016
-26.735809326171875
-25.733173370361328
-17.62862205505371
-21.5903263092041
-17.110980987548828
-23.52531623840332
-19.870805740356445
-23.324398040771484
-23.90492820739746
-13.689591407775879
-23.234973907470703
-25.777503967285156
-18.68838882446289
-27.74370765686035
-14.12414264678955
-23.49838638305664
-18.6573486328125
-23.16763687133789
-23.375452041625977
-24.867618560791016
-26.646495819091797
-25.781326293945312
-22.849918365478516
-21.607036590576172
-15.508110046386719
-23.30574607849121
-21.216259002685547
-25.559261322021484
-16.527873992919922
-23.9062557220459
-18.763965606689453
-19.00314712524414
-19.020566940307617
-27.79092788696289
-19.88226318359375
-12.269110679626465
-19.978519439697266
-22.786701202392578
-21.44046401977539
-23.294206619262695
-21.473766326904297
-21.663345336914062
-19.63302230834961
-18.849191665649414
-20.100500106811523
-24.833694458007812
-22.664730072021484
-17.9720516204834
-18.006629943847656
-19.022199630737305
-23.335987091064453
-18.29630470275879
-21.781667709350586
-11.938230514526367
-13.714612007141113
-27.448652267456055
-20.47247314453125
-20.660869598388672
-15.995741844177246
-17.870162963867188
-23.890045166015625
-20.198856353759766
-20.125364303588867
-18.75324821472168
-20.896581649780273
-28.66556739807129
-16.900779724121094
-26.69701385498047
-11.146364212036133
-21.27325439453125
-21.063806533813477
-18.942119598388672
-20.88606834411621
-18.02588653564453
-18.23130989074707
-19.71726417541504
-10.811736106872559
-22.963863372802734
-10.988170623779297
-26.984432220458984
-8.689436912536621
-27.91064453125
-25.05504035949707
-22.053878784179688
-22.436172485351562
-22.690196990966797
-16.290664672851562
-22.4912052154541
-21.10928726196289
-24.732311248779297
-24.46126365661621
-29.664966583251953
-18.641666412353516
-22.210439682006836
-23.625904083251953
-21.33884048461914
-24.619735717773438
-23.410568237304688
-20.93106460571289
-24.841960906982422
-29.401050567626953
-20.401994705200195
-21.22589111328125
-23.95416831970215
-22.3747615814209
-26.64599609375
-23.232728958129883
-27.32939910888672
-23.386760711669922
-25.839664459228516
-19.71300506591797
-22.86852264404297
-15.454126358032227
-21.222492218017578
-25.96949005126953
-16.274456024169922
-18.568071365356445
-25.654794692993164
-16.85116195678711
-22.854080200195312
-15.593722343444824
-19.086673736572266
-22.570119857788086
-17.138811111450195
-20.62044334411621
-21.593120574951172
-20.456056594848633
-11.11003589630127
-23.245601654052734
-21.349390029907227
-13.14635944366455
-22.528915405273438
-21.62646484375
-20.206584930419922
-13.656006813049316
-21.779050827026367
-22.77614402770996
-22.492046356201172
-23.094104766845703
-23.133346557617188
-25.75377082824707
-21.497411727905273
-17.809341430664062
-5.420759677886963
-22.573280334472656
-15.932658195495605
-28.283512115478516
-28.51364517211914
-23.61540985107422
-26.698589324951172
-24.23250961303711
-17.0039005279541
-20.73078727722168
-21.655349731445312
-20.55070686340332
-20.5924015045166
-10.970714569091797
-24.444305419921875
-21.72294807434082
-18.60536766052246
-17.229867935180664
-13.987654685974121
-18.46626091003418
-20.467811584472656
-25.249425888061523
-28.712997436523438
-22.17239761352539
-27.610733032226562
-17.439027786254883
-27.291568756103516
-16.223491668701172
-27.309762954711914
-22.71339988708496
-18.140708923339844
-14.418335914611816
-20.07117462158203
-24.647396087646484
-21.576942443847656
-25.826736450195312
-23.00832748413086
-16.963409423828125
-27.74664878845215
-17.641109466552734
-25.07097816467285
-18.453685760498047
-15.106195449829102
-21.05687713623047
-25.82056999206543
-24.539682388305664
-19.743032455444336
-19.509666442871094
-17.98438835144043
-20.19967269897461
-21.094131469726562
-19.113496780395508
-18.38776969909668
-16.45228385925293
-22.733854293823242
-15.346015930175781
-25.09926414489746
-6.697228908538818
-19.773181915283203
-20.045204162597656
