-20.102184295654297
-16.036266326904297
-18.43807029724121
-21.272560119628906
-23.001314163208008
-19.933561325073242
-21.475040435791016
-21.454483032226562
-13.561521530151367
-20.672931671142578
-13.961926460266113
-16.739704132080078
-12.763592720031738
-18.592775344848633
-18.405696868896484
-17.797677993774414
-17.173734664916992
-21.09436798095703
-20.465547561645508
-20.653188705444336
-19.31901741027832
-20.326309204101562
-22.338830947875977
-19.813783645629883
-21.3376407623291
-20.96088981628418
-16.299415588378906
-20.337230682373047
-21.23729133605957
-15.23016357421875
-20.50068473815918
-18.66351318359375
-20.328411102294922
-14.99126148223877
-16.683752059936523
-18.372028350830078
-21.67643928527832
-22.25728988647461
-16.101144790649414
-19.77127456665039
-21.349031448364258
-20.40990447998047
-24.696359634399414
-18.724485397338867
-20.03400421142578
-21.860139846801758
-17.029762268066406
-20.90004539489746
-20.00098419189453
-18.565078735351562
-21.678035736083984
-24.563112258911133
-24.038053512573242
-20.12431526184082
-21.305204391479492
-18.12183380126953
-17.986093521118164
-17.230226516723633
-22.625789642333984
-21.155481338500977
-16.11564826965332
-20.363344192504883
-17.84800148010254
-16.66231918334961
-19.47861099243164
-18.73061180114746
-20.774261474609375
-14.173730850219727
-21.100914001464844
-19.092287063598633
-9.555660247802734
-19.098026275634766
-22.854263305664062
-20.33449363708496
-14.561267852783203
-21.194665908813477
-17.319461822509766
-16.14883041381836
-20.36964988708496
-22.517587661743164
-18.590654373168945
-15.362764358520508
-21.30371856689453
-22.83953285217285
-13.035343170166016
-19.440656661987305
-18.90464973449707
-14.880376815795898
-15.97296142578125
-19.553762435913086
-12.281588554382324
-19.6584529876709
-21.823759078979492
-21.24811553955078
-24.489009857177734
-19.10748291015625
-21.292926788330078
-21.351970672607422
-23.892061233520508
-21.64157485961914
-17.090036392211914
-23.468021392822266
-23.52932357788086
-17.62558364868164
-25.48841094970703
-21.147409439086914
-20.85887336730957
-17.434057235717773
-19.364376068115234
-16.6959285736084
-13.539262771606445
-21.708267211914062
-13.829573631286621
-18.93983268737793
-19.981462478637695
-19.381113052368164
-17.69743537902832
-9.548164367675781
-17.504634857177734
-22.044958114624023
-20.33257484436035
-18.87287712097168
-22.439287185668945
-20.245506286621094
-19.328214645385742
-19.202699661254883
-19.152029037475586
-17.731504440307617
-20.486618041992188
-21.07295799255371
-17.133268356323242
-18.68998146057129
-16.137954711914062
-18.03893280029297
-19.671463012695312
-18.975065231323242
-19.142911911010742
-24.93634033203125
-15.595418930053711
-17.47810935974121
-23.143972396850586
-22.387617111206055
-18.520666122436523
-21.23770523071289
-20.670934677124023
-20.240026473999023
-24.248552322387695
-19.67018699645996
-18.446352005004883
-19.990371704101562
-23.818607330322266
-11.014095306396484
-20.046646118164062
-19.36290168762207
-19.6967716217041
-16.296762466430664
-19.6646728515625
-22.82267951965332
-14.490754127502441
-20.787765502929688
-13.275901794433594
-15.26898193359375
-20.182016372680664
-19.034957885742188
-21.616289138793945
-14.844252586364746
-16.789690017700195
-18.234235763549805
-12.899125099182129
-20.351037979125977
-18.803667068481445
-22.02126693725586
-22.3427791595459
-15.521285057067871
-21.91480255126953
-9.831645965576172
-16.797225952148438
-20.118362426757812
-18.533353805541992
-19.33576011657715
-20.576095581054688
-21.580345153808594
-19.78554344177246
-19.135482788085938
-19.01425552368164
-26.013877868652344
-15.325798034667969
-20.481388092041016
-19.081405639648438
-18.541383743286133
-20.09152603149414
-14.827837944030762
-16.583677291870117
-22.347461700439453
-18.574087142944336
-19.942068099975586
-21.908945083618164
-15.346792221069336
-19.0212459564209
-16.410974502563477
-16.971128463745117
-17.483322143554688
-21.103403091430664
-17.153963088989258
-19.805383682250977
-18.001440048217773
-20.852922439575195
-19.844947814941406
-20.91997528076172
-24.236738204956055
-21.137758255004883
-18.89904022216797
-14.394344329833984
-18.338348388671875
-19.2476806640625
-19.095558166503906
-18.81511878967285
-15.482097625732422
-16.647207260131836
-22.659093856811523
-22.39737892150879
-16.283491134643555
-17.0434513092041
-20.354780197143555
-21.80375862121582
-18.300174713134766
-16.271650314331055
-20.191247940063477
-17.556819915771484
-18.850622177124023
-16.262563705444336
-16.44809913635254
-19.45940589904785
-17.795835494995117
-17.658855438232422
-18.508039474487305
-18.997528076171875
-19.668794631958008
-19.158679962158203
-21.942102432250977
-18.70429039001465
-17.879287719726562
-21.584016799926758
-19.46508026123047
-21.0616455078125
-18.845552444458008
-18.384836196899414
-15.572572708129883
-21.449504852294922
-17.7580509185791
-18.525266647338867
-16.86547088623047
-15.741692543029785
-18.640668869018555
-18.479629516601562
-18.272619247436523
-17.248754501342773
-18.300748825073242
-17.3095703125
-16.18246078491211
-15.344514846801758
-17.141393661499023
-22.564590454101562
-17.370210647583008
-14.781089782714844
-16.349061965942383
-21.551435470581055
-16.074745178222656
-18.922204971313477
-18.92938232421875
-20.982223510742188
-19.074129104614258
-21.20505142211914
-20.35618019104004
-18.02823829650879
-21.536205291748047
-21.680294036865234
-14.504740715026855
-22.578458786010742
-19.37952995300293
-21.834577560424805
-17.76833152770996
-23.34932518005371
-16.64417839050293
-13.777994155883789
-18.72538948059082
-20.792150497436523
-16.496639251708984
-15.477690696716309
-21.61410903930664
-18.981924057006836
-18.107860565185547
-22.98729133605957
-17.054304122924805
-17.051244735717773
-15.104940414428711
-22.18276023864746
-16.828100204467773
-17.362796783447266
-16.35068702697754
-19.31418800354004
-10.909399032592773
-16.521326065063477
-15.728340148925781
-16.747438430786133
-21.83022117614746
-15.614490509033203
-20.617408752441406
-22.0356502532959
-14.471238136291504
-19.86308479309082
-17.766510009765625
-20.234638214111328
-18.29253578186035
-16.16133689880371
-20.21453285217285
-16.97555923461914
-13.413334846496582
-17.04239845275879
-20.730487823486328
-20.899076461791992
-16.836257934570312
-19.861299514770508
-21.308155059814453
-15.757966995239258
-17.197315216064453
-18.880002975463867
-21.3904972076416
-21.653427124023438
-15.40361213684082
-23.606142044067383
-15.976930618286133
-20.080503463745117
-24.437986373901367
-20.01840591430664
-20.304195404052734
-21.327241897583008
-16.664045333862305
-18.97852897644043
-23.382165908813477
-23.34468650817871
-20.489505767822266
-19.013324737548828
-18.4013614654541
-18.45235824584961
-13.647704124450684
-17.410083770751953
-22.76265525817871
-16.064050674438477
-18.01716423034668
-22.006757736206055
-16.305912017822266
-17.33114242553711
-20.172286987304688
-11.911559104919434
-17.12892723083496
-18.942487716674805
-20.48145294189453
-20.99357032775879
-20.686901092529297
-21.526525497436523
-15.394549369812012
-19.62446403503418
-22.292755126953125
-18.949316024780273
-20.22411346435547
-26.421188354492188
-19.28011131286621
-16.97799301147461
-20.88343620300293
-15.938804626464844
-12.036550521850586
-14.0532808303833
-16.520816802978516
-19.43734359741211
-18.10894203186035
-14.583656311035156
-18.048131942749023
-18.207136154174805
-21.65220069885254
-24.097475051879883
-17.96764373779297
-18.54046058654785
-21.135303497314453
-25.75337028503418
-21.486474990844727
-18.684782028198242
-19.084627151489258
-19.97019386291504
-16.584741592407227
-19.449586868286133
-20.80150604248047
-15.130107879638672
-20.796314239501953
-19.83096694946289
-19.02094841003418
-22.41671371459961
-18.800016403198242
-11.75145149230957
-12.46863079071045
-20.03358268737793
-21.32249641418457
-19.52257537841797
-19.760114669799805
-23.641292572021484
-19.021377563476562
-20.16488265991211
-22.22340202331543
-19.103464126586914
-17.014039993286133
-13.984094619750977
-21.20362663269043
-19.83551025390625
-18.943557739257812
-22.309097290039062
-22.947526931762695
-20.65557098388672
-15.398330688476562
-22.583608627319336
-21.94831657409668
-17.59101104736328
-23.138198852539062
-10.720865249633789
-22.14845848083496
-16.282339096069336
-17.557458877563477
-21.101848602294922
-18.724349975585938
-18.49195671081543
-19.73834991455078
-20.693361282348633
-19.190940856933594
-16.54433822631836
-19.706695556640625
-21.804956436157227
-18.551374435424805
-19.763151168823242
-19.085494995117188
-22.70607566833496
-17.374542236328125
-17.128082275390625
-19.17862892150879
-16.472450256347656
-22.45057487487793
-20.54476547241211
-14.140277862548828
-19.344253540039062
-20.51146697998047
-15.26458740234375
-20.378042221069336
-11.926202774047852
-22.94053840637207
-21.149532318115234
-20.12731170654297
-17.997438430786133
-20.34049415588379
-20.546627044677734
-14.937643051147461
-20.817983627319336
-21.110939025878906
-19.38422203063965
-20.80330467224121
-11.715350151062012
-19.820484161376953
-18.11098861694336
-20.700529098510742
-17.35411834716797
-18.859525680541992
-17.21125602722168
-19.184856414794922
-18.757160186767578
-15.269184112548828
-18.066789627075195
-19.221033096313477
-18.937524795532227
-18.16551399230957
-19.475814819335938
-20.73571014404297
-21.283479690551758
-15.930357933044434
-9.504825592041016
-13.678367614746094
-20.48439598083496
-18.208093643188477
-19.640878677368164
-18.95975112915039
-15.919031143188477
-23.022462844848633
-22.03053092956543
-14.849817276000977
-19.08780860900879
-18.965147018432617
-15.453887939453125
-18.487483978271484
-20.482454299926758
-20.863866806030273
-17.736143112182617
-18.99991798400879
-22.789342880249023
-21.49424934387207
-14.967997550964355
-19.149608612060547
-18.766014099121094
-17.412477493286133
-21.195138931274414
-20.18513298034668
-20.896589279174805
-18.689542770385742
-19.746591567993164
-15.454212188720703
-11.189016342163086
-20.688583374023438
-19.564411163330078
-20.121261596679688
-21.084016799926758
-19.774324417114258
-21.17542266845703
-19.298254013061523
-19.545011520385742
-21.86361312866211
-19.292348861694336
-22.12944984436035
-17.549583435058594
-15.908110618591309
-16.410480499267578
-18.20171356201172
-17.7706356048584
-14.459630012512207
-18.357030868530273
-24.44166374206543
-16.197858810424805
-21.326202392578125
-15.891148567199707
-20.19148063659668
-23.386449813842773
-22.006732940673828
-25.341947555541992
-18.088300704956055
-17.69243049621582
-12.774226188659668
-20.376708984375
-23.778398513793945
-25.554967880249023
-19.55585479736328
-19.81256103515625
-15.66640853881836
-17.558609008789062
-22.06427001953125
-16.151182174682617
-18.45268440246582
-18.570419311523438
-20.974369049072266
-22.144119262695312
-19.182170867919922
-21.94632911682129
-22.345674514770508
-14.6004638671875
-14.791156768798828
-16.119491577148438
-17.856828689575195
-19.935651779174805
-16.47918128967285
-21.434829711914062
-21.130441665649414
-21.67485237121582
-21.382219314575195
-18.605758666992188
-21.260498046875
-17.75906753540039
-17.82906150817871
-20.06574058532715
-23.361019134521484
-18.671295166015625
-16.7419376373291
-18.601625442504883
-16.096494674682617
-19.887584686279297
-21.452489852905273
-17.278270721435547
-16.412233352661133
-18.60063934326172
-19.366477966308594
-17.638181686401367
-18.955183029174805
-21.34827995300293
-15.442602157592773
-12.592013359069824
-19.894546508789062
-21.37976837158203
-18.38709259033203
-13.061422348022461
-17.282363891601562
-19.247417449951172
-18.750070571899414
-17.990407943725586
-20.63921546936035
-15.027518272399902
-14.73260498046875
-14.155221939086914
-16.52016258239746
-18.89946937561035
-15.354364395141602
-19.0944881439209
-15.815248489379883
-13.901213645935059
-22.247007369995117
-18.64497184753418
-18.06721305847168
-21.936363220214844
-17.605920791625977
-17.498210906982422
-17.21266746520996
-20.644868850708008
-22.197200775146484
-22.489696502685547
-16.436548233032227
-22.85393714904785
-19.54487419128418
-18.437923431396484
-19.103181838989258
-19.35970687866211
-15.368500709533691
-18.678775787353516
-20.277172088623047
-18.932872772216797
-20.95315170288086
-20.468276977539062
-20.46950912475586
-23.2391357421875
-20.471227645874023
-21.22025489807129
-20.80097770690918
-19.39095115661621
-19.306007385253906
-15.649516105651855
-19.227092742919922
-18.469797134399414
-19.99246597290039
-14.00151538848877
-18.410173416137695
-23.15797233581543
-18.159147262573242
-15.811385154724121
-14.444357872009277
-22.609933853149414
-13.767148971557617
-20.35640525817871
-20.49795150756836
-16.99696922302246
-18.592615127563477
-19.971811294555664
-18.735267639160156
-19.708810806274414
-19.647851943969727
-15.12833309173584
-16.3646240234375
-19.671979904174805
-19.687938690185547
-14.403470993041992
-18.877635955810547
-19.12337875366211
-18.00126838684082
-18.022974014282227
-16.025650024414062
-22.103418350219727
-15.466588020324707
-18.55119514465332
-16.630525588989258
-23.33431625366211
-17.859577178955078
-16.885906219482422
-20.490427017211914
-17.776039123535156
-19.081113815307617
-14.535238265991211
-19.3765926361084
-18.734420776367188
-22.374311447143555
-15.905466079711914
-18.288787841796875
-15.97833251953125
-18.7769832611084
-16.6866512298584
-20.176054000854492
-17.951223373413086
-20.340974807739258
-17.955835342407227
-16.2677059173584
-20.001649856567383
-14.82492446899414
-20.13226890563965
-20.377681732177734
-25.81035804748535
-22.605823516845703
-20.710206985473633
-21.1236515045166
-20.60236167907715
-17.04522132873535
-17.66940689086914
-13.868907928466797
-20.80156135559082
-15.386338233947754
-22.713048934936523
-18.001646041870117
-20.57905387878418
-25.910844802856445
-13.723211288452148
-16.648191452026367
-17.92275619506836
-22.71341896057129
-19.4870662689209
-18.110401153564453
-19.635576248168945
-18.858333587646484
-23.075925827026367
-17.163524627685547
-20.505952835083008
-16.382448196411133
-18.624874114990234
-19.56728744506836
-19.122432708740234
-22.76695442199707
-23.93402099609375
-18.97101402282715
-16.49806022644043
-18.039913177490234
-18.87485694885254
-21.28005599975586
-18.77176284790039
-18.540630340576172
-18.44718360900879
-18.94963836669922
-17.515626907348633
-22.799285888671875
-15.592273712158203
-12.908092498779297
-23.11617088317871
-21.91634750366211
-20.791818618774414
-19.706378936767578
-21.001710891723633
-20.89063835144043
-14.65573787689209
-18.15901756286621
-18.699647903442383
-17.19547462463379
-13.302644729614258
-20.852338790893555
-20.890958786010742
-19.247007369995117
-20.453590393066406
-14.397357940673828
-22.255643844604492
-19.496049880981445
-18.318025588989258
-16.09632682800293
-19.810993194580078
-21.620527267456055
-21.07431411743164
-23.707672119140625
-23.122634887695312
-19.686264038085938
-18.795591354370117
-20.707454681396484
-21.43855094909668
-16.605426788330078
-20.442716598510742
-19.946134567260742
-21.752727508544922
-14.11455249786377
-20.36855125427246
-19.8507137298584
-16.451892852783203
-17.928508758544922
-16.18199920654297
-18.87257957458496
-17.60582160949707
-19.772249221801758
-15.546256065368652
-17.280418395996094
-17.133895874023438
-15.65711784362793
-20.692537307739258
-19.63193130493164
-21.039209365844727
-16.544050216674805
-15.464365005493164
-16.841737747192383
-21.60074806213379
-18.632469177246094
-19.725446701049805
-19.25159454345703
-20.44341278076172
-17.918834686279297
-19.48314094543457
-22.12287712097168
-16.11264991760254
-18.108352661132812
-21.522722244262695
-17.540992736816406
-18.89643096923828
-18.693267822265625
-22.395261764526367
-18.82179069519043
-19.422014236450195
-17.80601692199707
-20.025239944458008
-21.939714431762695
-18.797088623046875
-15.607494354248047
-23.487268447875977
-15.407228469848633
-23.711584091186523
-19.466323852539062
-18.771677017211914
-20.025043487548828
-18.06399917602539
-20.4785213470459
-26.230684280395508
-14.372414588928223
-24.01078987121582
-18.339284896850586
-17.280189514160156
-20.984222412109375
-19.75930404663086
-18.1876163482666
-17.599538803100586
-20.459165573120117
-18.11808967590332
-20.064428329467773
-19.87073516845703
-19.587675094604492
-20.09888458251953
-17.389360427856445
-18.356281280517578
-18.89935874938965
-14.922344207763672
-18.022689819335938
-19.928897857666016
-23.028722763061523
-19.822195053100586
-19.244205474853516
-19.367658615112305
-20.36469841003418
-16.31595802307129
-16.421545028686523
-17.397541046142578
-17.335866928100586
-22.02532958984375
-23.659297943115234
-16.192712783813477
-15.774964332580566
-16.472360610961914
-19.02561378479004
-21.835935592651367
-17.523645401000977
-19.333209991455078
-20.536516189575195
-17.786043167114258
-19.497690200805664
-15.315467834472656
-14.193304061889648
-20.65987205505371
-16.299072265625
-18.67354393005371
-17.64180564880371
-19.176748275756836
-19.480133056640625
-22.003381729125977
-18.796720504760742
-21.68936538696289
-19.161592483520508
-22.566429138183594
-19.269817352294922
-19.08452796936035
-20.413650512695312
-20.583736419677734
-17.9422550201416
-20.89970588684082
-18.716154098510742
-17.34615135192871
-19.252687454223633
-21.424880981445312
-17.272504806518555
-19.075727462768555
-18.938905715942383
-19.24409294128418
-20.202001571655273
-22.533348083496094
-18.900920867919922
-17.320308685302734
-20.335464477539062
-21.680274963378906
-20.792524337768555
-17.62547492980957
-20.495454788208008
-19.72762680053711
-18.20391082763672
-18.06861686706543
-10.709699630737305
-22.075145721435547
-18.53824806213379
-20.53946304321289
-21.715450286865234
-20.170198440551758
-20.570926666259766
-16.8479061126709
-16.30289649963379
-15.470830917358398
-20.83880615234375
-18.62328338623047
-17.002716064453125
-15.358531951904297
-19.608293533325195
-18.62112045288086
-16.688884735107422
-18.45952033996582
-17.321470260620117
-20.07657814025879
-18.488651275634766
-18.15313148498535
-13.926702499389648
-12.636006355285645
-18.05073356628418
-11.011198997497559
-17.775859832763672
-25.032777786254883
-11.20740032196045
-20.482912063598633
-17.69243621826172
-13.403648376464844
-24.76841163635254
-20.21645736694336
-19.88239097595215
-24.887496948242188
-23.573875427246094
-20.77943229675293
-20.258459091186523
-18.56743812561035
-21.801925659179688
-16.777143478393555
-14.070642471313477
-17.12140464782715
-15.69874095916748
-20.68670082092285
-16.84143829345703
-19.651445388793945
-16.652578353881836
-21.92232894897461
-20.02435874938965
-20.36334228515625
-18.520116806030273
-18.153141021728516
-14.295888900756836
-17.112672805786133
-17.5896053314209
-18.514909744262695
-18.599824905395508
-18.478195190429688
-17.374338150024414
-21.274869918823242
-17.885066986083984
-19.733285903930664
-16.718585968017578
-15.53091812133789
-20.076080322265625
-23.898303985595703
-18.837770462036133
-21.695520401000977
-21.08210563659668
-21.481597900390625
-22.390474319458008
-19.580902099609375
-12.92220687866211
-22.532705307006836
-21.470102310180664
-20.602188110351562
-18.698314666748047
-24.063125610351562
-14.2135591506958
-18.790904998779297
-19.512727737426758
-11.453720092773438
-19.81133270263672
-25.373197555541992
-15.975252151489258
-15.327863693237305
-21.929649353027344
-20.804075241088867
-21.012800216674805
-22.840299606323242
-15.90625
-23.384187698364258
-11.268776893615723
-23.9461612701416
-15.371988296508789
-21.355573654174805
-16.324064254760742
-19.230804443359375
-17.02949333190918
-20.94271469116211
-16.79142951965332
-19.987886428833008
-20.305191040039062
-22.90791130065918
-20.591136932373047
-24.3065185546875
-20.348957061767578
-8.998170852661133
-24.852615356445312
-16.605680465698242
-17.65509796142578
-15.161492347717285
-20.47137451171875
-21.928466796875
-17.278413772583008
-17.978084564208984
-21.763776779174805
-22.028770446777344
-19.061433792114258
-20.996000289916992
-19.86396026611328
-23.468454360961914
-19.432445526123047
-22.464019775390625
-21.539905548095703
-14.357827186584473
-20.82219886779785
-19.146339416503906
-15.987625122070312
-23.167221069335938
-22.61176300048828
-22.67691993713379
-16.429119110107422
-19.348358154296875
-21.12388801574707
-21.517223358154297
-17.77113151550293
-16.253910064697266
-20.582815170288086
-21.076642990112305
-19.466135025024414
-24.014423370361328
-19.90087890625
-19.60624885559082
-22.519136428833008
-16.37843894958496
-16.836339950561523
-21.25503921508789
-19.343774795532227
-22.89838409423828
-26.16455078125
-21.86693000793457
-21.688922882080078
-20.7874813079834
-19.693777084350586
-18.056236267089844
-18.37871551513672
-25.815052032470703
-22.484403610229492
-15.943466186523438
-20.28755760192871
-18.648025512695312
-19.625411987304688
-21.99044418334961
-18.33791160583496
-20.82994270324707
-16.93381690979004
-24.08805274963379
-19.050695419311523
-11.670679092407227
-18.398380279541016
-24.21563720703125
-19.22821807861328
-16.676902770996094
-21.341022491455078
-16.653947830200195
-18.271827697753906
-21.613862991333008
-23.710512161254883
-16.78215217590332
-18.385862350463867
-24.681678771972656
-21.357555389404297
-14.87111759185791
-21.15753746032715
-19.789926528930664
-16.28604507446289
-17.12009048461914
-21.307096481323242
-14.615513801574707
-22.661535263061523
-23.931299209594727
-21.526899337768555
-24.927236557006836
-18.662294387817383
-21.410160064697266
-23.66741371154785
-23.81135368347168
-23.17047882080078
-18.512371063232422
-26.566518783569336
-21.861608505249023
-17.501462936401367
-25.24872398376465
-21.891582489013672
-21.733476638793945
-18.14964485168457
-19.700153350830078
-16.566608428955078
-13.530648231506348
-22.366865158081055
-15.274420738220215
-20.910175323486328
-18.056299209594727
-18.880504608154297
-17.869441986083984
-14.327681541442871
-19.49673080444336
-22.09323501586914
-20.36035919189453
-19.650442123413086
-21.305727005004883
-21.162343978881836
-20.56043815612793
-17.37866973876953
-16.77992820739746
-17.654827117919922
-23.035953521728516
-23.473121643066406
-16.766813278198242
-18.53814125061035
-16.44902801513672
-20.645671844482422
-25.27186393737793
-20.699691772460938
-21.050695419311523
-24.19403839111328
-16.0572566986084
-18.493932723999023
-23.02668571472168
-23.735126495361328
-18.836807250976562
-22.991891860961914
-17.94240951538086
-21.19211769104004
-25.530235290527344
-19.347684860229492
-20.33112907409668
-21.089885711669922
-23.234596252441406
-10.119351387023926
-19.96246910095215
-20.861928939819336
-21.435121536254883
-17.28529930114746
-15.592243194580078
-24.671142578125
-14.845280647277832
-21.853586196899414
-14.615715026855469
-15.44277286529541
-21.18507957458496
-20.633203506469727
-21.102022171020508
-16.01622772216797
-20.387876510620117
-18.470624923706055
-17.15638542175293
-19.8039608001709
-18.637256622314453
-27.25263023376465
-22.657869338989258
-18.39784049987793
-18.946622848510742
-15.618450164794922
-15.134726524353027
-20.009355545043945
-18.693910598754883
-19.01421546936035
-18.714656829833984
-20.64554214477539
-20.21048355102539
-19.384923934936523
-19.043861389160156
-30.4921932220459
-17.510311126708984
-22.67339515686035
-18.155630111694336
-17.146196365356445
-21.36115264892578
-16.576356887817383
-18.047962188720703
-24.270170211791992
-21.00520896911621
-19.119625091552734
-21.748016357421875
-15.664473533630371
-10.746517181396484
-18.561586380004883
-18.037519454956055
-19.945613861083984
-20.158592224121094
-19.294071197509766
-22.045272827148438
-18.331037521362305
-21.414793014526367
-20.96954917907715
-22.593053817749023
-22.495845794677734
-21.74062156677246
-17.933290481567383
-15.854145050048828
-20.001447677612305
-19.307859420776367
-18.307567596435547
-18.072458267211914
-14.460607528686523
-18.724355697631836
-21.694292068481445
-22.505727767944336
-16.527446746826172
-17.364761352539062
-20.20624351501465
-24.097122192382812
-20.765451431274414
-15.031044006347656
-20.95737075805664
-21.51811408996582
-16.34084701538086
-16.39468765258789
-17.046897888183594
-19.397722244262695
-19.978731155395508
-20.217872619628906
-19.684595108032227
-18.21992301940918
-21.188968658447266
-20.317886352539062
-23.524349212646484
-18.28098487854004
-21.461654663085938
-23.45528221130371
-19.88143539428711
-21.312532424926758
-19.125341415405273
-20.265554428100586
-15.091432571411133
-22.147184371948242
-18.756446838378906
-20.536348342895508
-17.2387638092041
-15.374794006347656
-19.035865783691406
-19.74355125427246
-18.590883255004883
-18.77100372314453
-18.665246963500977
-17.16742706298828
-18.568819046020508
-17.097583770751953
-19.662363052368164
-25.06855010986328
-19.699167251586914
-18.134878158569336
-19.557743072509766
-21.121213912963867
-15.40667724609375
-20.561479568481445
-20.718412399291992
-21.666872024536133
-20.62032127380371
-23.265649795532227
-19.570833206176758
-20.899335861206055
-20.622867584228516
-21.789997100830078
-15.39880084991455
-22.90477180480957
-21.189205169677734
-21.47211456298828
-16.81760597229004
-23.480133056640625
-19.06479835510254
-12.434650421142578
-20.040925979614258
-24.56249237060547
-15.903810501098633
-15.158817291259766
-21.799911499023438
-18.975399017333984
-22.663434982299805
-20.6787109375
-18.330123901367188
-19.660301208496094
-17.621292114257812
-22.42098617553711
-18.176074981689453
-27.51795196533203
-18.57089614868164
-20.119394302368164
-10.12842845916748
-19.301137924194336
-16.27086639404297
-14.627132415771484
-23.886505126953125
-17.62769889831543
-22.31112289428711
-21.782567977905273
-15.639686584472656
-20.11501121520996
-17.7092227935791
-20.848291397094727
-19.84023666381836
-18.467607498168945
-20.068784713745117
-21.02303695678711
-13.18474006652832
-18.01252555847168
-17.164464950561523
-21.55588150024414
-17.747684478759766
-17.541929244995117
-23.377216339111328
-16.839176177978516
-18.083280563354492
-20.06509017944336
-22.06138801574707
-21.89661979675293
-11.370479583740234
-25.091867446899414
-17.825464248657227
-20.701692581176758
-26.38344955444336
-21.493074417114258
-21.8015193939209
-21.8520450592041
-19.481218338012695
-21.298234939575195
-23.677928924560547
-22.194570541381836
-20.528417587280273
-20.23600959777832
-19.863000869750977
-14.272371292114258
-16.940399169921875
-18.123136520385742
-24.327653884887695
-17.392375946044922
-18.496837615966797
-21.261642456054688
-15.55177116394043
-17.496206283569336
-18.604154586791992
-16.28519058227539
-18.8254451751709
-20.94692039489746
-21.52167510986328
-18.666767120361328
-23.50491714477539
-22.916513442993164
-18.00397491455078
-18.98162078857422
-23.172399520874023
-19.85708236694336
-21.845460891723633
-26.71074104309082
-20.552616119384766
-21.816513061523438
-22.401939392089844
-16.867874145507812
-17.977136611938477
-5.285049915313721
-14.756772994995117
-19.93486976623535
-17.102323532104492
-17.770946502685547
-18.653017044067383
-19.0418758392334
-23.820219039916992
-23.849199295043945
-18.950387954711914
-21.176891326904297
-21.40108299255371
-23.88970375061035
-23.952438354492188
-18.725860595703125
-17.415719985961914
-23.332143783569336
-19.087247848510742
-18.17089080810547
-20.504308700561523
-17.051807403564453
-22.717679977416992
-19.19264793395996
-17.60087013244629
-24.63508415222168
-21.971202850341797
-16.704252243041992
-16.67545509338379
-20.578901290893555
-21.760303497314453
-19.06763458251953
-23.008745193481445
-23.77583885192871
-19.476572036743164
-20.641292572021484
-23.129804611206055
-17.959022521972656
-12.015591621398926
-12.783863067626953
-20.697063446044922
-19.79414939880371
-18.954845428466797
-23.409530639648438
-22.417173385620117
-21.1178035736084
-17.143341064453125
-22.185625076293945
-24.417770385742188
-18.46070098876953
-25.309917449951172
-14.5497407913208
-23.86309242248535
-18.672714233398438
-18.9449520111084
-24.108566284179688
-19.35740089416504
-20.29863929748535
-21.919092178344727
-20.8323917388916
-24.4669246673584
-18.043428421020508
-20.03839111328125
-23.038251876831055
-19.20363998413086
-18.98322868347168
-18.950443267822266
-23.5583438873291
-17.614864349365234
-18.75552749633789
-21.95274543762207
-18.006256103515625
-20.226478576660156
-21.37677764892578
-17.526491165161133
-20.020442962646484
-20.671037673950195
-16.995357513427734
-21.77625846862793
-11.920246124267578
-25.77048110961914
-20.13883399963379
-17.56742286682129
-17.34071159362793
-19.521438598632812
-20.675033569335938
-17.78215980529785
-21.8948917388916
-20.866506576538086
-15.818643569946289
-20.35188102722168
-17.500558853149414
-18.718353271484375
-20.491228103637695
-21.698505401611328
-16.09183692932129
-18.335296630859375
-19.305818557739258
-20.546133041381836
-20.73419189453125
-15.390789985656738
-16.712186813354492
-18.43158531188965
-15.476910591125488
-16.949188232421875
-20.898983001708984
-23.219310760498047
-18.862775802612305
-15.12417221069336
-10.279800415039062
-15.095874786376953
-21.88479232788086
-19.907636642456055
-20.114164352416992
-22.267229080200195
-17.14048194885254
-23.925931930541992
-21.36634063720703
-15.283660888671875
-20.68748664855957
-19.769882202148438
-16.030820846557617
-19.692216873168945
-21.443500518798828
-19.74864959716797
-22.711942672729492
-18.7589054107666
-26.954023361206055
-21.25959014892578
-17.72739601135254
-17.37256622314453
-19.246488571166992
-16.41407012939453
-21.41582679748535
-20.998794555664062
-22.360950469970703
-17.86907958984375
-19.73127555847168
-16.472705841064453
-12.117021560668945
-19.21299171447754
-18.58643341064453
-19.760967254638672
-20.70549964904785
-19.390090942382812
-21.0684814453125
-20.090965270996094
-17.51017951965332
-27.84928321838379
-21.407299041748047
-27.272537231445312
-18.62708854675293
-17.697650909423828
-16.99309730529785
-18.49775505065918
-17.285945892333984
-18.366411209106445
-20.23265838623047
-22.954200744628906
-19.6125431060791
-20.769472122192383
-18.850311279296875
-18.485998153686523
-23.138917922973633
-23.485931396484375
-24.593584060668945
-19.020553588867188
-21.095869064331055
-16.013540267944336
-19.757766723632812
-24.2656307220459
-25.2708683013916
-19.807992935180664
-22.114789962768555
-16.893688201904297
-17.424562454223633
-21.071691513061523
-17.242605209350586
-20.533281326293945
-19.947141647338867
-23.78363037109375
-21.63079833984375
-19.268770217895508
-23.59392738342285
-19.26114273071289
-17.316991806030273
-14.290263175964355
-18.37769889831543
-16.304004669189453
-22.781278610229492
-16.995328903198242
-20.54681968688965
-21.289125442504883
-22.203481674194336
-19.42423439025879
-15.525506019592285
-21.03510856628418
-15.237394332885742
-19.147348403930664
-18.496875762939453
-24.129796981811523
-19.283042907714844
-17.2120361328125
-19.483694076538086
-17.09400749206543
-20.689361572265625
-21.879377365112305
-20.361011505126953
-13.166688919067383
-19.912485122680664
-18.05112648010254
-18.575727462768555
-20.171119689941406
-22.24638557434082
-16.641332626342773
-15.444002151489258
-19.430023193359375
-19.896495819091797
-20.306983947753906
-16.26398277282715
-18.56720542907715
-18.784948348999023
-19.102392196655273
-17.428186416625977
-22.22035789489746
-17.374826431274414
-12.252975463867188
-16.293773651123047
-21.370058059692383
-20.26506233215332
-18.171913146972656
-16.658214569091797
-16.50942611694336
-16.126008987426758
-23.66779327392578
-16.04081916809082
-17.876333236694336
-20.80381202697754
-15.560401916503906
-17.660799026489258
-16.961448669433594
-18.901453018188477
-23.629209518432617
-22.97975730895996
-18.965566635131836
-21.50388526916504
-19.133052825927734
-18.27506446838379
-19.21337127685547
-20.68726921081543
-17.46415901184082
-18.61615562438965
-20.257448196411133
-20.017141342163086
-19.286314010620117
-20.792583465576172
-21.647193908691406
-23.897830963134766
-20.860692977905273
-21.13417625427246
-22.379741668701172
-22.109298706054688
-19.860475540161133
-15.934645652770996
-21.70112419128418
-18.92389488220215
-19.530532836914062
-13.134478569030762
-19.432506561279297
-23.416593551635742
-19.404783248901367
-15.009880065917969
-16.217487335205078
-22.269556045532227
-18.058908462524414
-19.57600212097168
-19.877544403076172
-15.707598686218262
-18.016691207885742
-18.468751907348633
-18.698450088500977
-21.907243728637695
-20.709152221679688
-14.40534782409668
-17.705577850341797
-18.27227783203125
-20.465158462524414
-14.132413864135742
-20.34815788269043
-19.761640548706055
-19.834508895874023
-18.757963180541992
-19.67203140258789
-21.62770652770996
-14.309300422668457
-18.211645126342773
-17.357921600341797
-24.466806411743164
-14.832547187805176
-19.50421905517578
-22.159391403198242
-18.558029174804688
-19.182992935180664
-17.725812911987305
-21.29362678527832
-21.384899139404297
-22.53118133544922
-16.683961868286133
-17.13140106201172
-15.089746475219727
-18.671924591064453
-18.849355697631836
-19.22005844116211
-20.838687896728516
-21.672536849975586
-18.251176834106445
-17.072324752807617
-21.9616756439209
-16.49994659423828
-20.820344924926758
-22.06386375427246
-26.534578323364258
-22.97266387939453
-21.775344848632812
-22.04458999633789
-20.209428787231445
-20.100561141967773
-18.815214157104492
-13.103158950805664
-22.134950637817383
-15.174699783325195
-22.466501235961914
-17.501169204711914
-19.72775650024414
-27.344118118286133
-14.223726272583008
-16.734861373901367
-17.289302825927734
-25.356197357177734
-20.23438835144043
-19.979124069213867
-24.832101821899414
-17.031864166259766
-22.180938720703125
-17.232769012451172
-20.647464752197266
-15.048501968383789
-19.644760131835938
-22.562036514282227
-18.595619201660156
-22.297664642333984
-22.735183715820312
-18.891033172607422
-18.749624252319336
-20.801559448242188
-19.829504013061523
-20.208290100097656
-20.80422592163086
-16.867578506469727
-18.94402503967285
-19.193912506103516
-19.16967010498047
-22.94525718688965
-15.35218334197998
-14.427570343017578
-22.824241638183594
-21.204898834228516
-21.639184951782227
-23.125879287719727
-23.209070205688477
-19.910444259643555
-18.224515914916992
-18.989877700805664
-20.263057708740234
-18.879819869995117
-17.538726806640625
-21.25452995300293
-23.585233688354492
-19.12229347229004
-22.118244171142578
-16.85698127746582
-22.217857360839844
-19.717248916625977
-18.009244918823242
-16.516761779785156
-18.98434066772461
-21.08786392211914
-21.23511505126953
-22.5461483001709
-22.838481903076172
-23.628625869750977
-21.687162399291992
-22.14671516418457
-20.59735107421875
-20.20626449584961
-19.288799285888672
-22.24453353881836
-22.476221084594727
-19.845884323120117
-21.3149471282959
-18.824190139770508
-18.710094451904297
-18.957120895385742
-17.891904830932617
-18.22966957092285
-19.647857666015625
-23.123960494995117
-17.899036407470703
-19.140195846557617
-19.542245864868164
-16.94668197631836
-24.32237434387207
-20.362207412719727
-21.593769073486328
-16.90188980102539
-16.895910263061523
-17.982927322387695
-21.861745834350586
-19.33103370666504
-19.96477699279785
-19.670499801635742
-22.372404098510742
-16.933626174926758
-21.88712501525879
-23.171144485473633
-18.632505416870117
-20.075401306152344
-24.556324005126953
-19.922998428344727
-21.200851440429688
-20.015457153320312
-21.975868225097656
-17.69082260131836
-19.316425323486328
-17.093402862548828
-20.478300094604492
-22.336084365844727
-19.082210540771484
-15.28686237335205
-21.22972297668457
-16.55976104736328
-23.67501449584961
-18.228267669677734
-21.284732818603516
-21.707979202270508
-21.113283157348633
-20.25635528564453
-25.008848190307617
-13.92135238647461
-24.09615135192871
-18.42487335205078
-17.96375274658203
-23.4271183013916
-23.54234504699707
-18.125289916992188
-18.175289154052734
-20.59674835205078
-20.379613876342773
-21.8333683013916
-20.688966751098633
-19.610715866088867
-18.121557235717773
-16.268924713134766
-19.82850456237793
-19.165151596069336
-16.637514114379883
-18.64790916442871
-21.323362350463867
-23.140981674194336
-18.64479637145996
-19.566417694091797
-19.584604263305664
-20.22013282775879
-17.311119079589844
-18.51816749572754
-15.424406051635742
-19.402244567871094
-20.074846267700195
-28.308732986450195
-16.99293327331543
-14.043313980102539
-20.56256675720215
-19.159381866455078
-23.550363540649414
-18.556249618530273
-19.69633674621582
-18.97687339782715
-18.637033462524414
-20.483043670654297
-18.75649070739746
-14.49935245513916
-20.413362503051758
-15.054811477661133
-18.1370906829834
-16.233949661254883
-17.974443435668945
-19.1501522064209
-25.53389549255371
-21.435420989990234
-25.952817916870117
-21.292800903320312
-24.73166275024414
-22.855669021606445
-18.177927017211914
-21.3853702545166
-22.917757034301758
-12.787883758544922
-21.217655181884766
-20.02187156677246
-18.97941780090332
-20.327777862548828
-20.23243522644043
-19.47166633605957
-20.668228149414062
-18.88273811340332
-20.822439193725586
-19.146663665771484
-18.11344337463379
-19.675384521484375
-15.855867385864258
-19.787370681762695
-21.19822120666504
-21.388517379760742
-22.264644622802734
-21.374826431274414
-20.854721069335938
-15.917296409606934
-19.770376205444336
-15.977579116821289
-21.745094299316406
-21.30499267578125
-22.84541130065918
-26.371549606323242
-21.524503707885742
-22.1060733795166
-19.088258743286133
-16.203020095825195
-15.761516571044922
-19.949134826660156
-18.663774490356445
-17.930261611938477
-18.581178665161133
-19.21261978149414
-18.929235458374023
-16.918642044067383
-19.69500732421875
-18.64429473876953
-20.4564266204834
-19.28913116455078
-20.171903610229492
-13.081316947937012
-16.298616409301758
-17.379289627075195
-15.995943069458008
-18.1788330078125
-26.395336151123047
-18.057016372680664
-19.754066467285156
-22.91649055480957
-19.275856018066406
-24.12859535217285
-16.849811553955078
-19.57596778869629
-25.784177780151367
-25.76984977722168
-20.566970825195312
-20.99957847595215
-18.675914764404297
-22.191099166870117
-17.11619758605957
-16.072731018066406
-16.64256477355957
-16.76422691345215
-22.566783905029297
-17.673879623413086
-21.411785125732422
-19.30036163330078
-24.06637191772461
-22.89407730102539
-21.203161239624023
-19.06431007385254
-19.08082389831543
-17.48322105407715
-17.672542572021484
-16.469423294067383
-18.205942153930664
-19.909046173095703
-17.463422775268555
-17.397480010986328
-20.859865188598633
-18.500211715698242
-20.677268981933594
-18.73700523376465
-16.34883689880371
-21.85875129699707
-23.408498764038086
-18.157306671142578
-21.20256233215332
-20.257328033447266
-21.657419204711914
-19.692697525024414
-19.731861114501953
-12.821067810058594
-21.027467727661133
-21.76356315612793
-18.566680908203125
-21.469797134399414
-21.146024703979492
-18.555130004882812
-18.51355743408203
-21.886165618896484
-15.590925216674805
-20.64204978942871
-27.755695343017578
-16.337215423583984
-18.88096809387207
-24.019933700561523
-21.780561447143555
-21.533432006835938
-22.201372146606445
-16.32636260986328
-23.078693389892578
-11.58188247680664
-24.67873191833496
-16.13855743408203
-21.55747413635254
-17.398250579833984
-21.500690460205078
-19.47599983215332
