12.189457893371582
11.839591026306152
12.496745109558105
18.53826332092285
23.753084182739258
19.90193748474121
14.548604011535645
18.97577476501465
21.30852508544922
22.628292083740234
16.389863967895508
6.191471099853516
17.7446231842041
21.370365142822266
15.137828826904297
16.63567543029785
17.107961654663086
18.819753646850586
15.32827377319336
18.155094146728516
16.867090225219727
19.04771614074707
11.732793807983398
16.900981903076172
12.464571952819824
16.29262924194336
14.426292419433594
16.6798095703125
16.200119018554688
24.418941497802734
18.67082405090332
11.762267112731934
14.227529525756836
13.823930740356445
21.84881591796875
17.924617767333984
18.703933715820312
18.726524353027344
17.20362663269043
14.423070907592773
18.75804901123047
18.762666702270508
16.270490646362305
11.987832069396973
19.059694290161133
17.532590866088867
15.966997146606445
19.541913986206055
11.424131393432617
16.429176330566406
17.3833065032959
18.359006881713867
19.081140518188477
17.130949020385742
22.397615432739258
15.606576919555664
17.745006561279297
14.131720542907715
18.036365509033203
9.093587875366211
12.47201919555664
13.675597190856934
15.76755142211914
17.28289794921875
21.083723068237305
20.886770248413086
15.810057640075684
9.968291282653809
22.856956481933594
12.396310806274414
12.918139457702637
16.773473739624023
19.19379997253418
20.467588424682617
21.27361488342285
17.394502639770508
19.117380142211914
19.20541000366211
15.739839553833008
18.963438034057617
16.12214469909668
13.507566452026367
17.68491554260254
21.06220054626465
11.12854290008545
16.430767059326172
18.954059600830078
16.86098861694336
5.636003017425537
16.090675354003906
15.533899307250977
15.579727172851562
12.285877227783203
17.31878089904785
18.86023712158203
12.286580085754395
18.80698585510254
18.80241584777832
23.648027420043945
18.182567596435547
16.45380210876465
14.434189796447754
21.29261016845703
18.728740692138672
18.317489624023438
15.869227409362793
10.391552925109863
16.22845458984375
13.120537757873535
6.317978382110596
17.069971084594727
8.007036209106445
22.321735382080078
17.246227264404297
20.561071395874023
18.302400588989258
17.929805755615234
11.550348281860352
17.42173194885254
15.946992874145508
12.715363502502441
14.596033096313477
18.119686126708984
14.017413139343262
15.532703399658203
16.937543869018555
10.762574195861816
20.8476505279541
20.898550033569336
21.645837783813477
13.294034957885742
16.197978973388672
15.36810302734375
16.941497802734375
17.803232192993164
18.33794403076172
11.712174415588379
17.585187911987305
14.233558654785156
18.692481994628906
5.912752151489258
16.385229110717773
18.552486419677734
16.276012420654297
18.435640335083008
14.88326644897461
18.463804244995117
12.77095890045166
17.675687789916992
20.179841995239258
20.699474334716797
13.646851539611816
14.808364868164062
16.508342742919922
22.64187240600586
8.597233772277832
21.223217010498047
17.9193058013916
14.654694557189941
17.38844108581543
18.68608283996582
11.796298027038574
15.256709098815918
13.908366203308105
6.056984901428223
11.929821968078613
18.885438919067383
19.02740478515625
15.629959106445312
17.954984664916992
18.287094116210938
18.909582138061523
15.637630462646484
18.00461769104004
15.139989852905273
13.182576179504395
19.05918312072754
13.941390037536621
15.768238067626953
10.216205596923828
19.584774017333984
16.820266723632812
19.101346969604492
19.194660186767578
20.222537994384766
21.516342163085938
12.067962646484375
15.248489379882812
16.500228881835938
18.87788963317871
14.615495681762695
19.034006118774414
18.996347427368164
18.72824478149414
18.47699737548828
14.924395561218262
14.158235549926758
12.668214797973633
16.433897018432617
19.444488525390625
17.804580688476562
16.789648056030273
18.38861656188965
18.69657325744629
13.247419357299805
20.803884506225586
15.258368492126465
15.167628288269043
14.84005355834961
15.818290710449219
17.415544509887695
24.175525665283203
14.686972618103027
20.095155715942383
16.63962745666504
17.868165969848633
16.232755661010742
13.324470520019531
16.19405174255371
14.589824676513672
14.565934181213379
19.99110984802246
13.126827239990234
14.610248565673828
14.697715759277344
17.945693969726562
18.261728286743164
18.18566131591797
18.354808807373047
18.263015747070312
19.823810577392578
18.07452964782715
16.56634521484375
19.95232391357422
19.378870010375977
8.028082847595215
15.497651100158691
17.210962295532227
16.750659942626953
12.178661346435547
13.75122356414795
12.269457817077637
20.49052619934082
16.138341903686523
11.22498893737793
20.231130599975586
13.05953311920166
11.30437183380127
8.651826858520508
17.826190948486328
17.05615234375
13.457792282104492
16.455381393432617
17.882457733154297
18.616365432739258
11.531004905700684
19.046030044555664
17.68128204345703
24.658376693725586
10.940773010253906
21.97490119934082
15.619004249572754
14.749446868896484
15.885929107666016
14.743470191955566
19.818147659301758
19.2010440826416
17.861242294311523
14.171395301818848
10.555855751037598
12.23355484008789
17.00808334350586
11.464683532714844
21.09793472290039
18.882299423217773
25.01787757873535
12.843781471252441
15.640470504760742
16.713869094848633
20.793684005737305
20.10981559753418
21.085844039916992
17.455299377441406
14.16231632232666
17.53073501586914
15.017255783081055
19.769174575805664
18.510549545288086
18.41960334777832
15.536260604858398
15.727313041687012
15.763542175292969
12.538986206054688
12.085021018981934
10.274165153503418
18.271997451782227
15.891111373901367
15.171797752380371
17.77720832824707
12.189515113830566
16.833890914916992
14.365562438964844
14.362771034240723
10.029647827148438
11.921870231628418
13.602368354797363
14.553629875183105
12.248983383178711
13.321124076843262
16.58628273010254
15.937389373779297
23.06666374206543
19.49791717529297
13.308751106262207
8.02988338470459
17.57379722595215
12.224479675292969
18.484262466430664
17.802915573120117
15.886259078979492
15.670015335083008
20.0909423828125
23.277156829833984
14.513040542602539
18.352378845214844
17.38249397277832
16.710329055786133
18.72138214111328
24.168413162231445
20.551136016845703
22.586782455444336
16.20017433166504
15.626391410827637
19.354700088500977
19.820764541625977
17.698089599609375
20.595869064331055
18.293764114379883
-0.058047689497470856
16.52375030517578
18.667997360229492
15.950662612915039
15.753216743469238
16.14117431640625
21.44603157043457
16.49505043029785
15.359273910522461
17.049915313720703
11.837950706481934
20.42326545715332
18.156740188598633
14.856417655944824
16.103654861450195
19.46323013305664
18.61368751525879
20.46507453918457
11.717516899108887
21.94375228881836
20.291654586791992
19.277467727661133
16.97225570678711
13.522533416748047
21.03056526184082
17.779415130615234
19.390409469604492
8.770055770874023
14.205771446228027
12.503809928894043
16.252397537231445
11.651073455810547
16.255990982055664
14.617290496826172
10.07220458984375
19.86086654663086
13.412363052368164
12.510101318359375
10.094220161437988
11.004287719726562
14.993968963623047
18.423938751220703
15.185627937316895
17.43719482421875
17.74873161315918
14.930147171020508
20.317340850830078
17.18341636657715
13.604754447937012
17.751480102539062
17.3586368560791
17.217077255249023
22.745071411132812
14.108125686645508
14.498430252075195
13.876690864562988
14.503744125366211
19.981924057006836
20.724624633789062
21.301645278930664
16.469541549682617
21.899656295776367
17.838537216186523
10.091592788696289
16.4263973236084
10.200532913208008
15.388916969299316
14.599813461303711
20.202590942382812
12.713507652282715
14.350226402282715
18.557703018188477
12.011300086975098
17.321313858032227
19.204301834106445
15.673871994018555
7.600032329559326
16.778873443603516
15.496482849121094
20.18865966796875
18.346372604370117
17.985729217529297
11.48289966583252
20.936866760253906
15.939638137817383
21.414409637451172
14.474571228027344
15.702120780944824
12.716102600097656
14.575051307678223
18.385536193847656
19.545654296875
16.716957092285156
18.50200653076172
10.488512992858887
18.20624351501465
19.766239166259766
17.06981658935547
16.710773468017578
18.177581787109375
15.710599899291992
17.70423698425293
18.130977630615234
15.195133209228516
19.009109497070312
23.2669734954834
15.28409481048584
19.39131736755371
13.551908493041992
16.628725051879883
17.910219192504883
12.66716194152832
18.90723991394043
23.50522804260254
19.332765579223633
15.507613182067871
13.079083442687988
15.986359596252441
20.432802200317383
14.931775093078613
15.548599243164062
19.307479858398438
9.040445327758789
19.463815689086914
12.418002128601074
20.213911056518555
17.634632110595703
10.31019401550293
16.027069091796875
14.42719841003418
13.644076347351074
16.115392684936523
16.451753616333008
14.419840812683105
14.78726863861084
13.342849731445312
9.196983337402344
15.832823753356934
13.043471336364746
16.081424713134766
17.580808639526367
21.04789161682129
9.272726058959961
19.58859634399414
11.272298812866211
14.951234817504883
18.421031951904297
19.844785690307617
15.52193546295166
17.985027313232422
16.80560874938965
16.16338539123535
17.521526336669922
17.29790496826172
14.122991561889648
14.714471817016602
14.581722259521484
13.255456924438477
9.992435455322266
14.515439987182617
18.042417526245117
12.483226776123047
18.27543067932129
17.03739356994629
17.48622703552246
18.234338760375977
13.421772003173828
11.12506103515625
9.089333534240723
13.299976348876953
16.259939193725586
16.19594383239746
12.777347564697266
11.075839042663574
16.666908264160156
17.209253311157227
15.470060348510742
17.89427947998047
14.696950912475586
16.353483200073242
15.506999969482422
20.626497268676758
11.343221664428711
20.586423873901367
20.65953254699707
16.084482192993164
18.39906883239746
12.65599250793457
18.779499053955078
14.61439323425293
16.07102394104004
21.652782440185547
15.79111099243164
10.69607162475586
21.18096923828125
20.157901763916016
18.72620391845703
19.104888916015625
19.178266525268555
22.535736083984375
15.546823501586914
8.191704750061035
12.536588668823242
19.152950286865234
19.187654495239258
17.999174118041992
15.589466094970703
13.062169075012207
16.88512420654297
19.182353973388672
13.985872268676758
18.4987735748291
14.80300521850586
23.215164184570312
14.275327682495117
15.735755920410156
16.748306274414062
16.492944717407227
17.597457885742188
14.775343894958496
7.708723068237305
15.07119369506836
15.70585823059082
18.656356811523438
19.303049087524414
16.99359130859375
16.698974609375
19.01576805114746
10.290740013122559
17.72960090637207
15.271258354187012
16.01505470275879
20.384973526000977
12.499584197998047
9.743207931518555
17.77126121520996
19.135906219482422
20.059650421142578
16.943504333496094
18.209430694580078
19.737279891967773
15.993610382080078
14.938226699829102
13.392043113708496
15.966241836547852
13.555131912231445
17.4523983001709
16.919523239135742
14.874889373779297
8.820544242858887
7.63124418258667
17.826021194458008
19.09665870666504
18.08144760131836
9.296931266784668
25.951627731323242
14.290916442871094
18.259296417236328
18.674560546875
19.493791580200195
12.061535835266113
19.864988327026367
13.406213760375977
13.21857738494873
17.491071701049805
16.147836685180664
13.281702995300293
18.317827224731445
19.835521697998047
11.665931701660156
18.7083683013916
19.399709701538086
18.548734664916992
15.46142578125
18.81757354736328
15.817289352416992
14.920703887939453
18.286027908325195
18.46625328063965
18.85603904724121
20.5750789642334
18.540082931518555
19.27322769165039
18.141265869140625
22.377853393554688
14.447226524353027
17.14029884338379
12.754594802856445
18.98499870300293
13.942954063415527
14.349738121032715
21.939626693725586
18.03274154663086
15.729022026062012
17.04099464416504
18.09610366821289
11.83632755279541
14.095403671264648
20.331192016601562
19.752552032470703
11.022528648376465
13.288264274597168
21.10225486755371
17.443906784057617
17.885900497436523
11.415202140808105
13.357288360595703
15.725900650024414
11.200437545776367
14.426919937133789
17.224794387817383
14.058016777038574
14.874955177307129
12.946250915527344
19.87264060974121
18.784093856811523
14.904476165771484
15.872882843017578
20.62481689453125
16.18993377685547
13.606843948364258
17.82244873046875
13.82261848449707
21.99315643310547
12.14444351196289
13.68834114074707
16.225143432617188
11.20738410949707
18.20023536682129
14.018107414245605
20.958425521850586
15.898609161376953
18.919795989990234
12.782424926757812
17.821340560913086
22.823623657226562
16.82775115966797
22.48480987548828
19.97719955444336
20.11331558227539
11.239534378051758
18.390647888183594
18.733036041259766
15.023320198059082
20.893613815307617
14.553549766540527
20.578611373901367
16.927248001098633
12.20545768737793
14.222278594970703
24.74895668029785
19.437469482421875
11.894425392150879
21.797178268432617
17.932735443115234
17.327741622924805
22.061845779418945
22.078243255615234
20.080835342407227
11.811107635498047
20.269689559936523
11.302708625793457
11.854448318481445
19.172319412231445
22.5402774810791
14.412884712219238
14.820269584655762
19.685388565063477
17.205827713012695
16.750167846679688
13.033541679382324
19.412492752075195
18.414546966552734
15.014286994934082
12.230820655822754
19.604393005371094
13.315605163574219
17.304285049438477
21.643699645996094
18.57110023498535
8.346503257751465
18.12961769104004
19.114713668823242
9.690902709960938
19.664745330810547
19.729434967041016
19.347745895385742
22.93967628479004
19.191984176635742
18.09004783630371
17.53296661376953
16.307519912719727
14.8077974319458
20.868106842041016
11.035158157348633
17.803163528442383
14.053147315979004
10.284253120422363
15.414878845214844
16.033447265625
20.82103157043457
16.680282592773438
20.757612228393555
15.170055389404297
19.057397842407227
10.901166915893555
15.999573707580566
10.765193939208984
20.519296646118164
18.457042694091797
19.24101448059082
20.93773078918457
15.315914154052734
17.463851928710938
17.597293853759766
21.70611572265625
13.045243263244629
17.12177848815918
16.298086166381836
18.084257125854492
18.674022674560547
15.743009567260742
21.36717987060547
14.931825637817383
16.684425354003906
17.7213077545166
18.014482498168945
14.55180549621582
11.03452205657959
16.67757225036621
21.69895362854004
14.099509239196777
21.129289627075195
19.647594451904297
13.627594947814941
13.231193542480469
17.32891845703125
20.768381118774414
18.079174041748047
19.775392532348633
15.431625366210938
17.7862606048584
16.065921783447266
17.55945587158203
17.17589569091797
14.66378402709961
13.293481826782227
13.770893096923828
12.190210342407227
12.975102424621582
16.284954071044922
12.252955436706543
17.88558578491211
19.250965118408203
16.67717933654785
16.847312927246094
16.264535903930664
18.420392990112305
11.93116569519043
20.75507164001465
18.175086975097656
12.839120864868164
21.48167610168457
15.648431777954102
12.783552169799805
17.11100196838379
16.91322135925293
18.16075897216797
19.862533569335938
14.434298515319824
17.080472946166992
17.296363830566406
20.887636184692383
12.777838706970215
13.766108512878418
19.661479949951172
17.343242645263672
17.508317947387695
16.567277908325195
16.42483901977539
12.798213958740234
13.153366088867188
12.782130241394043
20.476194381713867
14.559713363647461
13.044751167297363
15.042207717895508
18.108144760131836
12.188624382019043
10.9600248336792
18.1174259185791
17.16827964782715
16.991769790649414
15.17676830291748
14.90058708190918
19.037029266357422
20.265295028686523
17.07834243774414
19.97418975830078
12.851724624633789
18.118940353393555
19.27550506591797
15.977945327758789
14.509195327758789
14.283393859863281
18.66604995727539
17.602659225463867
11.940829277038574
18.933515548706055
16.02906608581543
20.43653678894043
15.590359687805176
20.028589248657227
18.106826782226562
9.01413631439209
16.217180252075195
13.490289688110352
17.830066680908203
12.3817720413208
14.901391983032227
19.432092666625977
14.711874961853027
10.761524200439453
17.267560958862305
16.286497116088867
17.412643432617188
10.250673294067383
13.959532737731934
14.838773727416992
11.926983833312988
6.624562740325928
17.202259063720703
18.303417205810547
18.390972137451172
18.039308547973633
15.55542278289795
20.04482650756836
13.608926773071289
13.814889907836914
9.371170043945312
16.647062301635742
14.817623138427734
17.77956199645996
16.557830810546875
14.892391204833984
11.63840103149414
22.70888328552246
20.0885009765625
12.272012710571289
16.87947654724121
18.496129989624023
12.368330955505371
19.122303009033203
14.733219146728516
15.942342758178711
14.130656242370605
14.641035079956055
18.50959587097168
13.358118057250977
15.56689739227295
16.171707153320312
18.70839500427246
21.30388832092285
17.82920265197754
0.8917378187179565
17.456884384155273
17.836856842041016
13.538768768310547
18.01205825805664
16.35431671142578
16.472728729248047
13.34811782836914
13.102400779724121
18.649883270263672
15.73292064666748
16.628009796142578
16.942136764526367
13.351570129394531
12.562919616699219
15.438783645629883
22.60001564025879
20.811748504638672
14.68303394317627
13.712602615356445
13.662349700927734
12.949519157409668
16.354421615600586
15.59410285949707
18.963905334472656
20.632112503051758
17.060510635375977
15.683149337768555
15.257534980773926
18.181480407714844
16.55023765563965
15.01097297668457
18.47057342529297
18.765949249267578
15.66285514831543
14.147138595581055
16.35344886779785
17.354408264160156
12.935864448547363
12.736430168151855
16.345144271850586
18.947126388549805
14.925442695617676
13.149482727050781
19.322349548339844
18.290428161621094
16.215286254882812
14.472965240478516
18.52817726135254
15.472911834716797
19.87618064880371
19.079822540283203
14.234115600585938
20.795228958129883
9.603618621826172
16.484716415405273
15.241969108581543
17.388643264770508
5.131847858428955
13.60599422454834
15.161637306213379
17.767948150634766
17.390544891357422
20.133071899414062
16.48892593383789
14.743499755859375
14.640181541442871
17.567468643188477
19.127012252807617
13.128497123718262
15.757102966308594
19.912704467773438
19.380401611328125
13.65861988067627
17.852014541625977
15.902214050292969
19.153121948242188
11.161130905151367
19.754791259765625
21.3577938079834
5.561244487762451
15.865211486816406
12.404592514038086
10.34335708618164
14.41561222076416
14.597420692443848
17.311153411865234
20.540796279907227
18.17827606201172
8.480254173278809
11.059117317199707
16.70513916015625
13.517416954040527
13.031841278076172
16.73619842529297
13.314698219299316
15.59865665435791
20.57219123840332
-20.94271469116211
-16.79142951965332
-19.987886428833008
-20.305191040039062
-22.90791130065918
-20.591136932373047
-24.3065185546875
-20.348957061767578
-8.998170852661133
-24.852615356445312
-16.605680465698242
-17.65509796142578
-15.161492347717285
-20.47137451171875
-21.928466796875
-17.278413772583008
-17.978084564208984
-21.763776779174805
-22.028770446777344
-19.061433792114258
-20.996000289916992
-19.86396026611328
-23.468454360961914
-19.432445526123047
-22.464019775390625
-21.539905548095703
-14.357827186584473
-20.82219886779785
-19.146339416503906
-15.987625122070312
-23.167221069335938
-22.61176300048828
-22.67691993713379
-16.429119110107422
-19.348358154296875
-21.12388801574707
-21.517223358154297
-17.77113151550293
-16.253910064697266
-20.582815170288086
-21.076642990112305
-19.466135025024414
-24.014423370361328
-19.90087890625
-19.60624885559082
-22.519136428833008
-16.37843894958496
-16.836339950561523
-21.25503921508789
-19.343774795532227
-22.89838409423828
-26.16455078125
-21.86693000793457
-21.688922882080078
-20.7874813079834
-19.693777084350586
-18.056236267089844
-18.37871551513672
-25.815052032470703
-22.484403610229492
-15.943466186523438
-20.28755760192871
-18.648025512695312
-19.625411987304688
-21.99044418334961
-18.33791160583496
-20.82994270324707
-16.93381690979004
-24.08805274963379
-19.050695419311523
-11.670679092407227
-18.398380279541016
-24.21563720703125
-19.22821807861328
-16.676902770996094
-21.341022491455078
-16.653947830200195
-18.271827697753906
-21.613862991333008
-23.710512161254883
-16.78215217590332
-18.385862350463867
-24.681678771972656
-21.357555389404297
-14.87111759185791
-21.15753746032715
-19.789926528930664
-16.28604507446289
-17.12009048461914
-21.307096481323242
-14.615513801574707
-22.661535263061523
-23.931299209594727
-21.526899337768555
-24.927236557006836
-18.662294387817383
-21.410160064697266
-23.66741371154785
-23.81135368347168
-23.17047882080078
-18.512371063232422
-26.566518783569336
-21.861608505249023
-17.501462936401367
-25.24872398376465
-21.891582489013672
-21.733476638793945
-18.14964485168457
-19.700153350830078
-16.566608428955078
-13.530648231506348
-22.366865158081055
-15.274420738220215
-20.910175323486328
-18.056299209594727
-18.880504608154297
-17.869441986083984
-14.327681541442871
-19.49673080444336
-22.09323501586914
-20.36035919189453
-19.650442123413086
-21.305727005004883
-21.162343978881836
-20.56043815612793
-17.37866973876953
-16.77992820739746
-17.654827117919922
-23.035953521728516
-23.473121643066406
-16.766813278198242
-18.53814125061035
-16.44902801513672
-20.645671844482422
-25.27186393737793
-20.699691772460938
-21.050695419311523
-24.19403839111328
-16.0572566986084
-18.493932723999023
-23.02668571472168
-23.735126495361328
-18.836807250976562
-22.991891860961914
-17.94240951538086
-21.19211769104004
-25.530235290527344
-19.347684860229492
-20.33112907409668
-21.089885711669922
-23.234596252441406
-10.119351387023926
-19.96246910095215
-20.861928939819336
-21.435121536254883
-17.28529930114746
-15.592243194580078
-24.671142578125
-14.845280647277832
-21.853586196899414
-14.615715026855469
-15.44277286529541
-21.18507957458496
-20.633203506469727
-21.102022171020508
-16.01622772216797
-20.387876510620117
-18.470624923706055
-17.15638542175293
-19.8039608001709
-18.637256622314453
-27.25263023376465
-22.657869338989258
-18.39784049987793
-18.946622848510742
-15.618450164794922
-15.134726524353027
-20.009355545043945
-18.693910598754883
-19.01421546936035
-18.714656829833984
-20.64554214477539
-20.21048355102539
-19.384923934936523
-19.043861389160156
-30.4921932220459
-17.510311126708984
-22.67339515686035
-18.155630111694336
-17.146196365356445
-21.36115264892578
-16.576356887817383
-18.047962188720703
-24.270170211791992
-21.00520896911621
-19.119625091552734
-21.748016357421875
-15.664473533630371
-10.746517181396484
-18.561586380004883
-18.037519454956055
-19.945613861083984
-20.158592224121094
-19.294071197509766
-22.045272827148438
-18.331037521362305
-21.414793014526367
-20.96954917907715
-22.593053817749023
-22.495845794677734
-21.74062156677246
-17.933290481567383
-15.854145050048828
-20.001447677612305
-19.307859420776367
-18.307567596435547
-18.072458267211914
-14.460607528686523
-18.724355697631836
-21.694292068481445
-22.505727767944336
-16.527446746826172
-17.364761352539062
-20.20624351501465
-24.097122192382812
-20.765451431274414
-15.031044006347656
-20.95737075805664
-21.51811408996582
-16.34084701538086
-16.39468765258789
-17.046897888183594
-19.397722244262695
-19.978731155395508
-20.217872619628906
-19.684595108032227
-18.21992301940918
-21.188968658447266
-20.317886352539062
-23.524349212646484
-18.28098487854004
-21.461654663085938
-23.45528221130371
-19.88143539428711
-21.312532424926758
-19.125341415405273
-20.265554428100586
-15.091432571411133
-22.147184371948242
-18.756446838378906
-20.536348342895508
-17.2387638092041
-15.374794006347656
-19.035865783691406
-19.74355125427246
-18.590883255004883
-18.77100372314453
-18.665246963500977
-17.16742706298828
-18.568819046020508
-17.097583770751953
-19.662363052368164
-25.06855010986328
-19.699167251586914
-18.134878158569336
-19.557743072509766
-21.121213912963867
-15.40667724609375
-20.561479568481445
-20.718412399291992
-21.666872024536133
-20.62032127380371
-23.265649795532227
-19.570833206176758
-20.899335861206055
-20.622867584228516
-21.789997100830078
-15.39880084991455
-22.90477180480957
-21.189205169677734
-21.47211456298828
-16.81760597229004
-23.480133056640625
-19.06479835510254
-12.434650421142578
-20.040925979614258
-24.56249237060547
-15.903810501098633
-15.158817291259766
-21.799911499023438
-18.975399017333984
-22.663434982299805
-20.6787109375
-18.330123901367188
-19.660301208496094
-17.621292114257812
-22.42098617553711
-18.176074981689453
-27.51795196533203
-18.57089614868164
-20.119394302368164
-10.12842845916748
-19.301137924194336
-16.27086639404297
-14.627132415771484
-23.886505126953125
-17.62769889831543
-22.31112289428711
-21.782567977905273
-15.639686584472656
-20.11501121520996
-17.7092227935791
-20.848291397094727
-19.84023666381836
-18.467607498168945
-20.068784713745117
-21.02303695678711
-13.18474006652832
-18.01252555847168
-17.164464950561523
-21.55588150024414
-17.747684478759766
-17.541929244995117
-23.377216339111328
-16.839176177978516
-18.083280563354492
-20.06509017944336
-22.06138801574707
-21.89661979675293
-11.370479583740234
-25.091867446899414
-17.825464248657227
-20.701692581176758
-26.38344955444336
-21.493074417114258
-21.8015193939209
-21.8520450592041
-19.481218338012695
-21.298234939575195
-23.677928924560547
-22.194570541381836
-20.528417587280273
-20.23600959777832
-19.863000869750977
-14.272371292114258
-16.940399169921875
-18.123136520385742
-24.327653884887695
-17.392375946044922
-18.496837615966797
-21.261642456054688
-15.55177116394043
-17.496206283569336
-18.604154586791992
-16.28519058227539
-18.8254451751709
-20.94692039489746
-21.52167510986328
-18.666767120361328
-23.50491714477539
-22.916513442993164
-18.00397491455078
-18.98162078857422
-23.172399520874023
-19.85708236694336
-21.845460891723633
-26.71074104309082
-20.552616119384766
-21.816513061523438
-22.401939392089844
-16.867874145507812
-17.977136611938477
-5.285049915313721
-14.756772994995117
-19.93486976623535
-17.102323532104492
-17.770946502685547
-18.653017044067383
-19.0418758392334
-23.820219039916992
-23.849199295043945
-18.950387954711914
-21.176891326904297
-21.40108299255371
-23.88970375061035
-23.952438354492188
-18.725860595703125
-17.415719985961914
-23.332143783569336
-19.087247848510742
-18.17089080810547
-20.504308700561523
-17.051807403564453
-22.717679977416992
-19.19264793395996
-17.60087013244629
-24.63508415222168
-21.971202850341797
-16.704252243041992
-16.67545509338379
-20.578901290893555
-21.760303497314453
-19.06763458251953
-23.008745193481445
-23.77583885192871
-19.476572036743164
-20.641292572021484
-23.129804611206055
-17.959022521972656
-12.015591621398926
-12.783863067626953
-20.697063446044922
-19.79414939880371
-18.954845428466797
-23.409530639648438
-22.417173385620117
-21.1178035736084
-17.143341064453125
-22.185625076293945
-24.417770385742188
-18.46070098876953
-25.309917449951172
-14.5497407913208
-23.86309242248535
-18.672714233398438
-18.9449520111084
-24.108566284179688
-19.35740089416504
-20.29863929748535
-21.919092178344727
-20.8323917388916
-24.4669246673584
-18.043428421020508
-20.03839111328125
-23.038251876831055
-19.20363998413086
-18.98322868347168
-18.950443267822266
-23.5583438873291
-17.614864349365234
-18.75552749633789
-21.95274543762207
-18.006256103515625
-20.226478576660156
-21.37677764892578
-17.526491165161133
-20.020442962646484
-20.671037673950195
-16.995357513427734
-21.77625846862793
-11.920246124267578
-25.77048110961914
-20.13883399963379
-17.56742286682129
-17.34071159362793
-19.521438598632812
-20.675033569335938
-17.78215980529785
-21.8948917388916
-20.866506576538086
-15.818643569946289
-20.35188102722168
-17.500558853149414
-18.718353271484375
-20.491228103637695
-21.698505401611328
-16.09183692932129
-18.335296630859375
-19.305818557739258
-20.546133041381836
-20.73419189453125
-15.390789985656738
-16.712186813354492
-18.43158531188965
-15.476910591125488
-16.949188232421875
-20.898983001708984
-23.219310760498047
-18.862775802612305
-15.12417221069336
-10.279800415039062
-15.095874786376953
-21.88479232788086
-19.907636642456055
-20.114164352416992
-22.267229080200195
-17.14048194885254
-23.925931930541992
-21.36634063720703
-15.283660888671875
-20.68748664855957
-19.769882202148438
-16.030820846557617
-19.692216873168945
-21.443500518798828
-19.74864959716797
-22.711942672729492
-18.7589054107666
-26.954023361206055
-21.25959014892578
-17.72739601135254
-17.37256622314453
-19.246488571166992
-16.41407012939453
-21.41582679748535
-20.998794555664062
-22.360950469970703
-17.86907958984375
-19.73127555847168
-16.472705841064453
-12.117021560668945
-19.21299171447754
-18.58643341064453
-19.760967254638672
-20.70549964904785
-19.390090942382812
-21.0684814453125
-20.090965270996094
-17.51017951965332
-27.84928321838379
-21.407299041748047
-27.272537231445312
-18.62708854675293
-17.697650909423828
-16.99309730529785
-18.49775505065918
-17.285945892333984
-18.366411209106445
-20.23265838623047
-22.954200744628906
-19.6125431060791
-20.769472122192383
-18.850311279296875
-18.485998153686523
-23.138917922973633
-23.485931396484375
-24.593584060668945
-19.020553588867188
-21.095869064331055
-16.013540267944336
-19.757766723632812
-24.2656307220459
-25.2708683013916
-19.807992935180664
-22.114789962768555
-16.893688201904297
-17.424562454223633
-21.071691513061523
-17.242605209350586
-20.533281326293945
-19.947141647338867
-23.78363037109375
-21.63079833984375
-19.268770217895508
-23.59392738342285
-19.26114273071289
-17.316991806030273
-14.290263175964355
-18.37769889831543
-16.304004669189453
-22.781278610229492
-16.995328903198242
-20.54681968688965
-21.289125442504883
-22.203481674194336
-19.42423439025879
-15.525506019592285
-21.03510856628418
-15.237394332885742
-19.147348403930664
-18.496875762939453
-24.129796981811523
-19.283042907714844
-17.2120361328125
-19.483694076538086
-17.09400749206543
-20.689361572265625
-21.879377365112305
-20.361011505126953
-13.166688919067383
-19.912485122680664
-18.05112648010254
-18.575727462768555
-20.171119689941406
-22.24638557434082
-16.641332626342773
-15.444002151489258
-19.430023193359375
-19.896495819091797
-20.306983947753906
-16.26398277282715
-18.56720542907715
-18.784948348999023
-19.102392196655273
-17.428186416625977
-22.22035789489746
-17.374826431274414
-12.252975463867188
-16.293773651123047
-21.370058059692383
-20.26506233215332
-18.171913146972656
-16.658214569091797
-16.50942611694336
-16.126008987426758
-23.66779327392578
-16.04081916809082
-17.876333236694336
-20.80381202697754
-15.560401916503906
-17.660799026489258
-16.961448669433594
-18.901453018188477
-23.629209518432617
-22.97975730895996
-18.965566635131836
-21.50388526916504
-19.133052825927734
-18.27506446838379
-19.21337127685547
-20.68726921081543
-17.46415901184082
-18.61615562438965
-20.257448196411133
-20.017141342163086
-19.286314010620117
-20.792583465576172
-21.647193908691406
-23.897830963134766
-20.860692977905273
-21.13417625427246
-22.379741668701172
-22.109298706054688
-19.860475540161133
-15.934645652770996
-21.70112419128418
-18.92389488220215
-19.530532836914062
-13.134478569030762
-19.432506561279297
-23.416593551635742
-19.404783248901367
-15.009880065917969
-16.217487335205078
-22.269556045532227
-18.058908462524414
-19.57600212097168
-19.877544403076172
-15.707598686218262
-18.016691207885742
-18.468751907348633
-18.698450088500977
-21.907243728637695
-20.709152221679688
-14.40534782409668
-17.705577850341797
-18.27227783203125
-20.465158462524414
-14.132413864135742
-20.34815788269043
-19.761640548706055
-19.834508895874023
-18.757963180541992
-19.67203140258789
-21.62770652770996
-14.309300422668457
-18.211645126342773
-17.357921600341797
-24.466806411743164
-14.832547187805176
-19.50421905517578
-22.159391403198242
-18.558029174804688
-19.182992935180664
-17.725812911987305
-21.29362678527832
-21.384899139404297
-22.53118133544922
-16.683961868286133
-17.13140106201172
-15.089746475219727
-18.671924591064453
-18.849355697631836
-19.22005844116211
-20.838687896728516
-21.672536849975586
-18.251176834106445
-17.072324752807617
-21.9616756439209
-16.49994659423828
-20.820344924926758
-22.06386375427246
-26.534578323364258
-22.97266387939453
-21.775344848632812
-22.04458999633789
-20.209428787231445
-20.100561141967773
-18.815214157104492
-13.103158950805664
-22.134950637817383
-15.174699783325195
-22.466501235961914
-17.501169204711914
-19.72775650024414
-27.344118118286133
-14.223726272583008
-16.734861373901367
-17.289302825927734
-25.356197357177734
-20.23438835144043
-19.979124069213867
-24.832101821899414
-17.031864166259766
-22.180938720703125
-17.232769012451172
-20.647464752197266
-15.048501968383789
-19.644760131835938
-22.562036514282227
-18.595619201660156
-22.297664642333984
-22.735183715820312
-18.891033172607422
-18.749624252319336
-20.801559448242188
-19.829504013061523
-20.208290100097656
-20.80422592163086
-16.867578506469727
-18.94402503967285
-19.193912506103516
-19.16967010498047
-22.94525718688965
-15.35218334197998
-14.427570343017578
-22.824241638183594
-21.204898834228516
-21.639184951782227
-23.125879287719727
-23.209070205688477
-19.910444259643555
-18.224515914916992
-18.989877700805664
-20.263057708740234
-18.879819869995117
-17.538726806640625
-21.25452995300293
-23.585233688354492
-19.12229347229004
-22.118244171142578
-16.85698127746582
-22.217857360839844
-19.717248916625977
-18.009244918823242
-16.516761779785156
-18.98434066772461
-21.08786392211914
-21.23511505126953
-22.5461483001709
-22.838481903076172
-23.628625869750977
-21.687162399291992
-22.14671516418457
-20.59735107421875
-20.20626449584961
-19.288799285888672
-22.24453353881836
-22.476221084594727
-19.845884323120117
-21.3149471282959
-18.824190139770508
-18.710094451904297
-18.957120895385742
-17.891904830932617
-18.22966957092285
-19.647857666015625
-23.123960494995117
-17.899036407470703
-19.140195846557617
-19.542245864868164
-16.94668197631836
-24.32237434387207
-20.362207412719727
-21.593769073486328
-16.90188980102539
-16.895910263061523
-17.982927322387695
-21.861745834350586
-19.33103370666504
-19.96477699279785
-19.670499801635742
-22.372404098510742
-16.933626174926758
-21.88712501525879
-23.171144485473633
-18.632505416870117
-20.075401306152344
-24.556324005126953
-19.922998428344727
-21.200851440429688
-20.015457153320312
-21.975868225097656
-17.69082260131836
-19.316425323486328
-17.093402862548828
-20.478300094604492
-22.336084365844727
-19.082210540771484
-15.28686237335205
-21.22972297668457
-16.55976104736328
-23.67501449584961
-18.228267669677734
-21.284732818603516
-21.707979202270508
-21.113283157348633
-20.25635528564453
-25.008848190307617
-13.92135238647461
-24.09615135192871
-18.42487335205078
-17.96375274658203
-23.4271183013916
-23.54234504699707
-18.125289916992188
-18.175289154052734
-20.59674835205078
-20.379613876342773
-21.8333683013916
-20.688966751098633
-19.610715866088867
-18.121557235717773
-16.268924713134766
-19.82850456237793
-19.165151596069336
-16.637514114379883
-18.64790916442871
-21.323362350463867
-23.140981674194336
-18.64479637145996
-19.566417694091797
-19.584604263305664
-20.22013282775879
-17.311119079589844
-18.51816749572754
-15.424406051635742
-19.402244567871094
-20.074846267700195
-28.308732986450195
-16.99293327331543
-14.043313980102539
-20.56256675720215
-19.159381866455078
-23.550363540649414
-18.556249618530273
-19.69633674621582
-18.97687339782715
-18.637033462524414
-20.483043670654297
-18.75649070739746
-14.49935245513916
-20.413362503051758
-15.054811477661133
-18.1370906829834
-16.233949661254883
-17.974443435668945
-19.1501522064209
-25.53389549255371
-21.435420989990234
-25.952817916870117
-21.292800903320312
-24.73166275024414
-22.855669021606445
-18.177927017211914
-21.3853702545166
-22.917757034301758
-12.787883758544922
-21.217655181884766
-20.02187156677246
-18.97941780090332
-20.327777862548828
-20.23243522644043
-19.47166633605957
-20.668228149414062
-18.88273811340332
-20.822439193725586
-19.146663665771484
-18.11344337463379
-19.675384521484375
-15.855867385864258
-19.787370681762695
-21.19822120666504
-21.388517379760742
-22.264644622802734
-21.374826431274414
-20.854721069335938
-15.917296409606934
-19.770376205444336
-15.977579116821289
-21.745094299316406
-21.30499267578125
-22.84541130065918
-26.371549606323242
-21.524503707885742
-22.1060733795166
-19.088258743286133
-16.203020095825195
-15.761516571044922
-19.949134826660156
-18.663774490356445
-17.930261611938477
-18.581178665161133
-19.21261978149414
-18.929235458374023
-16.918642044067383
-19.69500732421875
-18.64429473876953
-20.4564266204834
-19.28913116455078
-20.171903610229492
-13.081316947937012
-16.298616409301758
-17.379289627075195
-15.995943069458008
-18.1788330078125
-26.395336151123047
-18.057016372680664
-19.754066467285156
-22.91649055480957
-19.275856018066406
-24.12859535217285
-16.849811553955078
-19.57596778869629
-25.784177780151367
-25.76984977722168
-20.566970825195312
-20.99957847595215
-18.675914764404297
-22.191099166870117
-17.11619758605957
-16.072731018066406
-16.64256477355957
-16.76422691345215
-22.566783905029297
-17.673879623413086
-21.411785125732422
-19.30036163330078
-24.06637191772461
-22.89407730102539
-21.203161239624023
-19.06431007385254
-19.08082389831543
-17.48322105407715
-17.672542572021484
-16.469423294067383
-18.205942153930664
-19.909046173095703
-17.463422775268555
-17.397480010986328
-20.859865188598633
-18.500211715698242
-20.677268981933594
-18.73700523376465
-16.34883689880371
-21.85875129699707
-23.408498764038086
-18.157306671142578
-21.20256233215332
-20.257328033447266
-21.657419204711914
-19.692697525024414
-19.731861114501953
-12.821067810058594
-21.027467727661133
-21.76356315612793
-18.566680908203125
-21.469797134399414
-21.146024703979492
-18.555130004882812
-18.51355743408203
-21.886165618896484
-15.590925216674805
-20.64204978942871
-27.755695343017578
-16.337215423583984
-18.88096809387207
-24.019933700561523
-21.780561447143555
-21.533432006835938
-22.201372146606445
-16.32636260986328
-23.078693389892578
-11.58188247680664
-24.67873191833496
-16.13855743408203
-21.55747413635254
-17.398250579833984
-21.500690460205078
-19.47599983215332
