-9.814217567443848
-10.327811241149902
-12.98394775390625
-7.781408786773682
-12.000202178955078
-14.265518188476562
-17.018171310424805
-8.478703498840332
-10.629324913024902
-15.776569366455078
-8.266088485717773
-8.80482006072998
-10.237906455993652
-12.900213241577148
-10.540244102478027
-15.683675765991211
-4.092197895050049
-9.43919849395752
-9.59915828704834
-11.233620643615723
-18.67874526977539
-10.807382583618164
-4.5352373123168945
-10.705512046813965
-6.929863929748535
-14.129070281982422
-6.667491436004639
-12.554644584655762
-11.362384796142578
-14.197690963745117
-13.971232414245605
-5.385107040405273
-12.196258544921875
-13.188285827636719
-10.060705184936523
-12.520150184631348
-10.64771556854248
-12.332701683044434
-16.27518653869629
-9.889129638671875
-9.686413764953613
-4.834285259246826
-8.643349647521973
-12.071844100952148
-14.94770622253418
-10.177759170532227
-13.439074516296387
-14.709367752075195
-10.233817100524902
-14.42315673828125
-11.341829299926758
-11.588492393493652
-8.643730163574219
-10.65102481842041
-10.698612213134766
-6.954774856567383
-7.821920394897461
-16.785930633544922
-10.011366844177246
-9.362387657165527
-7.769967555999756
-13.882353782653809
-10.919262886047363
-14.793745040893555
-7.169020652770996
-9.431856155395508
-6.252251625061035
-8.657398223876953
-12.54664134979248
-8.862689971923828
-11.927166938781738
-17.864248275756836
-6.722881317138672
-10.374399185180664
-11.539198875427246
-13.844045639038086
-15.074955940246582
-12.724679946899414
-9.728829383850098
-13.064190864562988
-5.622655868530273
-9.07797908782959
-6.554080963134766
-10.752971649169922
-11.44455337524414
-8.325125694274902
-9.519198417663574
-14.903494834899902
-16.98332405090332
-14.304168701171875
-17.012813568115234
-15.783683776855469
-13.555488586425781
-12.846601486206055
-16.78443145751953
-8.069164276123047
-13.585068702697754
-12.934502601623535
-6.799251079559326
-11.128398895263672
-8.422285079956055
-12.555953979492188
-9.073898315429688
-18.237838745117188
-14.813541412353516
-9.111983299255371
-17.333127975463867
-9.299339294433594
-11.939980506896973
-9.968679428100586
-13.228216171264648
-10.973467826843262
-9.30690860748291
-11.476780891418457
-12.25730037689209
-16.99898910522461
-9.36069107055664
-11.897164344787598
-7.250077247619629
-10.940711975097656
-11.1397066116333
-9.664350509643555
-10.770092964172363
-16.686161041259766
-12.389937400817871
-8.431256294250488
-14.523723602294922
-10.792908668518066
-9.483102798461914
-13.95999526977539
-10.46335506439209
-13.11031723022461
-6.817814350128174
-14.49707317352295
-15.653602600097656
-9.502124786376953
-15.451870918273926
-7.843109607696533
-13.320259094238281
-9.004772186279297
-15.745229721069336
-11.789854049682617
-10.780802726745605
-12.561182975769043
-16.355239868164062
-12.536820411682129
-9.435857772827148
-13.314081192016602
-13.7763090133667
-12.328240394592285
-10.426466941833496
-12.226031303405762
-11.899259567260742
-13.50257682800293
-11.05489444732666
-7.020571708679199
-15.063681602478027
-16.107269287109375
-12.61336898803711
-10.228263854980469
-10.45458984375
-11.283049583435059
-11.054322242736816
-10.654169082641602
-14.417980194091797
-6.00185489654541
-9.921112060546875
-10.802552223205566
-13.557150840759277
-12.267354965209961
-9.552512168884277
-17.157424926757812
-12.085013389587402
-9.37514591217041
-13.506104469299316
-15.968534469604492
-4.82613468170166
-15.408318519592285
-8.70771598815918
-11.561887741088867
-16.18938636779785
-14.7576265335083
-11.947330474853516
-13.372974395751953
-9.56080436706543
-12.010534286499023
-14.024612426757812
-5.762961387634277
-10.215850830078125
-14.171960830688477
-9.851014137268066
-4.393157958984375
-10.924994468688965
-14.772214889526367
-19.387226104736328
-14.74506664276123
-9.971712112426758
-13.214651107788086
-7.074010372161865
-10.889445304870605
-15.353012084960938
-18.705116271972656
-5.64514684677124
-14.753227233886719
-13.709044456481934
-5.783022403717041
-12.39201545715332
-11.089282035827637
-7.324528217315674
-14.811575889587402
-12.507128715515137
-15.083353996276855
-9.16607666015625
-6.1081767082214355
-9.438880920410156
-15.159048080444336
-16.331289291381836
-9.830930709838867
-10.428400993347168
-13.96973705291748
-9.180035591125488
-13.316145896911621
-11.55889892578125
-7.054566383361816
-15.303230285644531
-12.721866607666016
-13.866037368774414
-15.218955039978027
-10.80247974395752
-12.9627685546875
-12.936915397644043
-16.179962158203125
-14.056413650512695
-5.81610107421875
-16.23979377746582
-12.269417762756348
-8.905699729919434
-9.992655754089355
-7.526026725769043
-9.464865684509277
-9.409296035766602
-15.094842910766602
-13.612197875976562
-9.260756492614746
-14.498879432678223
-14.572945594787598
-6.727142810821533
-10.651755332946777
-13.559174537658691
-18.516496658325195
-12.439382553100586
-14.158445358276367
-13.383124351501465
-14.25560474395752
-12.18774700164795
-10.945013046264648
-10.16645336151123
-11.942553520202637
-15.055100440979004
-11.87147045135498
-13.809308052062988
-12.672537803649902
-8.657464027404785
-7.623143672943115
-13.7191801071167
-12.843052864074707
-12.223563194274902
-14.264192581176758
-8.976011276245117
-11.92491340637207
-9.373790740966797
-14.259614944458008
-9.400248527526855
-11.964546203613281
-12.299882888793945
-12.28411865234375
-13.857756614685059
-6.407741546630859
-10.393896102905273
-12.17387580871582
-14.265710830688477
-8.570455551147461
-12.477667808532715
-15.478009223937988
-6.09190559387207
-8.802599906921387
-12.557071685791016
-6.305336952209473
-10.404191970825195
-13.223998069763184
-14.182757377624512
-14.89569091796875
-11.662068367004395
-13.723711967468262
-8.732863426208496
-8.071646690368652
-12.923115730285645
-9.003308296203613
-12.895832061767578
-15.598219871520996
-11.03807544708252
-16.761024475097656
-13.807629585266113
-13.065289497375488
-12.348999977111816
-15.66002368927002
-10.584360122680664
-23.289566040039062
-11.08084487915039
-9.90442180633545
-8.735546112060547
-9.855034828186035
-16.88052749633789
-14.396281242370605
-8.889674186706543
-13.42011833190918
-8.422687530517578
-12.5470552444458
-12.689499855041504
-17.966550827026367
-10.408527374267578
-8.861197471618652
-11.180557250976562
-8.13666820526123
-11.636265754699707
-10.355886459350586
-11.771581649780273
-14.631349563598633
-16.14607048034668
-13.533079147338867
-12.814082145690918
-9.917502403259277
-17.63661766052246
-12.535591125488281
-12.15511417388916
-8.629179000854492
-12.096033096313477
-10.843618392944336
-8.804543495178223
-10.089044570922852
-19.443721771240234
-16.742385864257812
-16.00373077392578
-13.477250099182129
-10.827059745788574
-9.457133293151855
-8.916593551635742
-17.375730514526367
-16.096147537231445
-15.485053062438965
-7.325793743133545
-7.983182907104492
-13.275647163391113
-12.820296287536621
-10.40412425994873
-9.249429702758789
-10.338369369506836
-13.281084060668945
-9.37006664276123
-8.987788200378418
-8.197253227233887
-10.627906799316406
-15.940486907958984
-8.826635360717773
-14.468626022338867
-13.433653831481934
-8.906429290771484
-9.222318649291992
-5.756872653961182
-9.972976684570312
-15.395485877990723
-9.58158016204834
-10.232110023498535
-11.606440544128418
-12.647528648376465
-10.069533348083496
-12.437164306640625
-11.609394073486328
-7.259084701538086
-9.867594718933105
-12.216887474060059
-15.172649383544922
-9.592679023742676
-14.027264595031738
-13.543366432189941
-9.714909553527832
-19.894624710083008
-6.053401947021484
-14.275289535522461
-12.507147789001465
-11.548384666442871
-9.570389747619629
-5.463314533233643
-13.628996849060059
-7.293064594268799
-12.112093925476074
-8.014283180236816
-13.424147605895996
-6.676255702972412
-11.344022750854492
-9.265685081481934
-10.282200813293457
-9.489051818847656
-12.177050590515137
-12.874509811401367
-9.736114501953125
-14.478263854980469
-8.529267311096191
-15.5296630859375
-12.24944019317627
-16.375104904174805
-14.606191635131836
-12.653302192687988
-11.229231834411621
-12.08556079864502
-10.51453971862793
-12.150869369506836
-8.328808784484863
-14.468755722045898
-14.959035873413086
-13.3758544921875
-14.366287231445312
-15.480974197387695
-8.400810241699219
-11.646646499633789
-10.726774215698242
-6.473993301391602
-17.80956268310547
-10.468515396118164
-11.86494255065918
-9.340360641479492
-7.127369403839111
-15.878697395324707
-8.593422889709473
-17.663108825683594
-13.971452713012695
-14.127506256103516
-14.742995262145996
-14.465995788574219
-16.859996795654297
-6.59026575088501
-15.451343536376953
-5.8817243576049805
-10.720032691955566
-11.40129280090332
-11.149919509887695
-10.052287101745605
-7.448254108428955
-12.957854270935059
-14.05551528930664
-10.959527969360352
-12.16355037689209
-15.525459289550781
-5.683481693267822
-12.712428092956543
-9.744954109191895
-6.87343692779541
-16.432220458984375
-10.561240196228027
-15.350522994995117
-11.299681663513184
-11.051734924316406
-13.750813484191895
-10.355545997619629
-13.555197715759277
-15.327842712402344
-9.887542724609375
-8.81836986541748
-5.053932189941406
-7.008054256439209
-14.13054084777832
-16.978761672973633
-17.581422805786133
-14.489019393920898
-13.769814491271973
-9.608418464660645
-11.584940910339355
-13.013937950134277
-11.4387845993042
-9.409939765930176
-16.104032516479492
-8.132181167602539
-13.62028694152832
-12.256750106811523
-12.658098220825195
-13.253327369689941
-16.896800994873047
-10.168374061584473
-13.942911148071289
-10.94327449798584
-11.451333045959473
-6.5428385734558105
-12.597674369812012
-19.755210876464844
-9.001330375671387
-12.603368759155273
-14.17842960357666
-17.37502670288086
-10.21951675415039
-11.003898620605469
-13.79982852935791
-13.693378448486328
-13.402515411376953
-12.143392562866211
-10.886492729187012
-14.09697437286377
-12.023489952087402
-12.50299072265625
-9.322111129760742
-11.158897399902344
-7.065903663635254
-8.142016410827637
-15.429262161254883
-9.851950645446777
-10.407657623291016
-6.547916889190674
-10.549115180969238
-13.62548542022705
-9.81153678894043
-13.65589427947998
-14.110065460205078
-2.576772451400757
-12.565963745117188
-14.077789306640625
-8.863988876342773
-14.398201942443848
-15.705692291259766
-13.525659561157227
-10.442278861999512
-11.489938735961914
-10.372953414916992
-11.242176055908203
-10.050522804260254
-12.652630805969238
-12.229822158813477
-17.477684020996094
-16.994007110595703
-9.364654541015625
-10.097723007202148
-12.300350189208984
-12.016083717346191
-13.070100784301758
-16.727388381958008
-13.153251647949219
-10.502104759216309
-14.186037063598633
-11.143386840820312
-10.819783210754395
-10.829019546508789
-11.040691375732422
-11.423705101013184
-15.196017265319824
-12.207454681396484
-5.952024936676025
-10.318140983581543
-9.507608413696289
-9.33044719696045
-6.437073230743408
-13.943495750427246
-10.352766036987305
-11.534934043884277
-7.015406608581543
-15.378636360168457
-11.30715560913086
-9.081072807312012
-9.29489517211914
-13.995656967163086
-13.156766891479492
-8.224148750305176
-18.620525360107422
-6.437101364135742
-17.525915145874023
-15.44377613067627
-14.901408195495605
-10.393006324768066
-12.230080604553223
-12.515000343322754
-17.771547317504883
-4.293564796447754
-11.680987358093262
-11.384676933288574
-15.177573204040527
-12.938758850097656
-11.635007858276367
-10.035560607910156
-14.335524559020996
-19.30600357055664
-5.745121002197266
-11.220885276794434
-10.593062400817871
-10.729269027709961
-16.745624542236328
-5.635345935821533
-11.883800506591797
-6.980894088745117
-11.718159675598145
-12.786507606506348
-12.279315948486328
-15.1482515335083
-12.336761474609375
-13.798990249633789
-14.910948753356934
-14.552647590637207
-7.847345352172852
-12.195158004760742
-14.5459566116333
-14.504250526428223
-8.958243370056152
-9.975369453430176
-8.081460952758789
-12.325462341308594
-8.060690879821777
-10.961370468139648
-8.75606918334961
-13.149898529052734
-12.819329261779785
-12.771273612976074
-12.080852508544922
-12.98949146270752
-12.892663955688477
-9.045873641967773
-14.298521995544434
-9.459178924560547
-8.160304069519043
-10.912760734558105
-9.511796951293945
-8.24897289276123
-12.951000213623047
-11.47619342803955
-12.791062355041504
-11.33671760559082
-6.894522666931152
-7.060717582702637
-12.629490852355957
-9.592191696166992
-12.296658515930176
-10.461565017700195
-7.714447498321533
-11.293989181518555
-15.306295394897461
-10.22818374633789
-10.91907024383545
-10.586193084716797
-16.24961280822754
-19.673036575317383
-15.160776138305664
-8.22249984741211
-12.797553062438965
-12.839727401733398
-12.716144561767578
-9.820935249328613
-10.425256729125977
-9.67088794708252
-17.198822021484375
-12.720196723937988
-12.633261680603027
-14.940093994140625
-13.286251068115234
-7.971365451812744
-9.344514846801758
-14.68184757232666
-10.584429740905762
-15.440438270568848
-11.889753341674805
-15.602452278137207
-8.102867126464844
-8.698057174682617
-6.420889377593994
-12.750320434570312
-10.592931747436523
-10.76735782623291
-9.014081001281738
-19.48891830444336
-14.868197441101074
-11.219642639160156
-7.609682559967041
-10.826703071594238
-13.486712455749512
-15.629927635192871
-8.892857551574707
-9.975765228271484
-15.705384254455566
-18.00913429260254
-5.789852142333984
-12.729268074035645
-7.9607014656066895
-12.774596214294434
-8.901138305664062
-8.316076278686523
-19.796432495117188
-8.14037036895752
-7.616836071014404
-10.128081321716309
-9.841790199279785
-16.3582706451416
-11.672038078308105
-10.458122253417969
-14.8887357711792
-7.621607780456543
-16.34981918334961
-13.278877258300781
-14.62939739227295
-14.2570161819458
-10.903831481933594
-9.751198768615723
-9.941838264465332
-9.980820655822754
-12.122574806213379
-8.95813274383545
-14.047557830810547
-13.02739143371582
-11.628985404968262
-16.125333786010742
-10.668556213378906
-10.182649612426758
-7.050201892852783
-9.574929237365723
-13.721280097961426
-12.401110649108887
-7.6792192459106445
-7.606877326965332
-4.05145263671875
-14.325109481811523
-16.734664916992188
-8.836833953857422
-5.889347553253174
-10.959452629089355
-13.297892570495605
-9.396410942077637
-12.96830940246582
-15.631379127502441
-19.00569725036621
-12.349891662597656
-12.182539939880371
-11.922027587890625
-13.153315544128418
-12.828055381774902
-8.461894035339355
-6.6187028884887695
-16.67369842529297
-8.470419883728027
-9.291805267333984
-16.77423858642578
-4.552975654602051
-11.27541732788086
-10.088168144226074
-13.530637741088867
-12.481675148010254
-16.390380859375
-8.190519332885742
-19.110734939575195
-10.83675765991211
-8.977290153503418
-10.89136028289795
-13.604974746704102
-15.938031196594238
-15.489439964294434
-10.177556991577148
-8.054643630981445
-12.794888496398926
-6.281961917877197
-6.888565540313721
-11.831033706665039
-10.970900535583496
-7.009721279144287
-10.184881210327148
-15.851463317871094
-14.263876914978027
-11.70213508605957
-10.037266731262207
-13.053107261657715
-8.34699535369873
-11.777587890625
-13.442233085632324
-6.855881690979004
-11.269021987915039
-16.738117218017578
-6.099269390106201
-7.923694610595703
-13.070570945739746
-10.45474624633789
-10.127608299255371
-5.862062931060791
-9.452363967895508
-9.026134490966797
-13.283158302307129
-10.849109649658203
-8.473302841186523
-14.088252067565918
-17.547958374023438
-11.7019681930542
-16.251617431640625
-7.283931732177734
-12.670729637145996
-12.692667007446289
-13.495811462402344
-11.899395942687988
-17.634326934814453
-6.227790832519531
-11.696219444274902
-13.692712783813477
-5.019796371459961
-13.919087409973145
-14.384669303894043
-17.825719833374023
-9.996747970581055
-6.927071571350098
-9.049522399902344
-8.978363990783691
-15.330376625061035
-10.412460327148438
-11.554612159729004
-10.365972518920898
-14.708440780639648
-13.521781921386719
-11.057393074035645
-13.213451385498047
-11.823713302612305
-16.598615646362305
-6.35462760925293
-9.520508766174316
-14.073654174804688
-12.986970901489258
-10.377188682556152
-13.858797073364258
-12.44704818725586
-14.111479759216309
-7.8890814781188965
-3.911357879638672
-11.292696952819824
-13.096637725830078
-17.819543838500977
-12.882905960083008
-9.477422714233398
-9.532262802124023
-11.513863563537598
-14.357000350952148
-6.245893478393555
-11.769476890563965
-11.532930374145508
-12.178796768188477
-11.6930570602417
-12.095952033996582
-9.474401473999023
-12.574104309082031
-10.791300773620605
-13.803010940551758
-12.625460624694824
-11.447319984436035
-9.859158515930176
-8.894103050231934
-15.613869667053223
-18.126441955566406
-10.624810218811035
-11.393470764160156
-13.509469032287598
-11.099419593811035
-14.60599136352539
-11.081263542175293
-15.7802152633667
-10.37621784210205
-9.588297843933105
-10.818915367126465
-8.622504234313965
-18.80565071105957
-16.78915786743164
-5.945563316345215
-13.109517097473145
-14.837125778198242
-12.04502010345459
-13.895478248596191
-12.07179069519043
-12.553808212280273
-9.89736557006836
-12.505008697509766
-12.252591133117676
-9.623956680297852
-9.63139533996582
-7.693783760070801
-7.74056339263916
-13.241243362426758
-10.302358627319336
-12.175292015075684
-10.492066383361816
-10.213342666625977
-10.826977729797363
-10.975584030151367
-12.614579200744629
-8.227187156677246
-14.10470199584961
-9.370766639709473
-8.985611915588379
-11.180740356445312
-10.32744026184082
-4.838726997375488
-12.120834350585938
-14.941607475280762
-7.03775691986084
-8.046915054321289
-16.288646697998047
-11.165245056152344
-12.144954681396484
-15.529131889343262
-11.322603225708008
-7.950229644775391
-15.016860961914062
-11.552451133728027
-6.75392484664917
-10.789206504821777
-11.280635833740234
-8.709498405456543
-4.637644290924072
-13.724544525146484
-16.730987548828125
-14.437520027160645
-9.365564346313477
-16.263687133789062
-10.776721000671387
-8.874757766723633
-10.984465599060059
-12.451375961303711
-10.47839641571045
-18.402833938598633
-8.821871757507324
-10.384076118469238
-7.320516109466553
-10.929219245910645
-5.175931453704834
-12.066060066223145
-11.622981071472168
-12.917936325073242
-6.864449977874756
-10.886038780212402
-14.882329940795898
-17.441688537597656
-10.225674629211426
-11.188505172729492
-7.405914306640625
-13.433553695678711
-11.841136932373047
-17.572145462036133
-10.459417343139648
-7.534466743469238
-14.169440269470215
-13.378355026245117
-9.266388893127441
-13.910746574401855
-18.278343200683594
-12.1558256149292
-11.753378868103027
-17.423145294189453
-12.231498718261719
-6.914706230163574
-8.146686553955078
-11.26164436340332
-8.464064598083496
-7.951833248138428
-12.999679565429688
-17.31585693359375
-15.870179176330566
-10.38166618347168
-11.44064998626709
-13.043033599853516
-7.859882831573486
-10.50098991394043
-17.610937118530273
-9.126457214355469
-13.374267578125
-11.154149055480957
-11.033441543579102
-17.64907455444336
-7.624543190002441
-15.929963111877441
-13.28271484375
-8.914803504943848
-6.2093892097473145
-13.881278038024902
-15.072406768798828
-15.374411582946777
-9.39637279510498
-10.071235656738281
-13.492010116577148
-12.457962036132812
-13.421412467956543
-10.038496971130371
-9.579083442687988
-11.962141036987305
-8.66976261138916
-8.20383358001709
-10.274579048156738
-13.463865280151367
-13.442547798156738
-12.809538841247559
-16.297832489013672
-16.681015014648438
-13.636258125305176
-9.918439865112305
-9.608562469482422
-14.088034629821777
-7.975060939788818
-10.038140296936035
-16.3400821685791
-10.821167945861816
-15.830739974975586
-14.884271621704102
-16.150299072265625
-7.427485466003418
-11.80984115600586
-21.760540008544922
-20.60567855834961
-12.037940979003906
-14.428596496582031
-11.652255058288574
-15.173324584960938
-14.64186954498291
-15.098616600036621
-11.385639190673828
-8.01815128326416
-11.227551460266113
-15.64285659790039
-15.604096412658691
-25.309490203857422
-16.799846649169922
-17.22113037109375
-8.83887004852295
-15.578150749206543
-13.254725456237793
-12.907821655273438
-4.985187530517578
-21.715383529663086
-16.39241600036621
-15.228365898132324
-11.661073684692383
-14.48033618927002
-14.255171775817871
-7.853697299957275
-15.159059524536133
-21.167503356933594
-22.47389030456543
-13.560038566589355
-21.103044509887695
-11.974286079406738
-4.499133110046387
-10.001629829406738
-15.000079154968262
-7.74993896484375
-14.219705581665039
-19.02604103088379
-12.458272933959961
-13.187239646911621
-15.572696685791016
-13.883522987365723
-21.30033302307129
-14.357773780822754
-11.347537994384766
-10.08209228515625
-18.427839279174805
-14.924575805664062
-14.451498985290527
-1.004952311515808
-18.90895652770996
-17.86330795288086
-9.430198669433594
-21.913816452026367
-20.440587997436523
-14.619958877563477
-17.517192840576172
-11.001867294311523
-14.327348709106445
-9.138883590698242
-11.262980461120605
-6.126419544219971
-6.612590789794922
-21.111587524414062
-17.400636672973633
-12.535920143127441
-8.80151653289795
-18.138856887817383
-10.9050931930542
-27.96561050415039
-13.556386947631836
-14.59643840789795
-22.90697479248047
-9.84241008758545
-10.133005142211914
-19.78205680847168
-21.548776626586914
-15.750632286071777
-9.217672348022461
-9.726218223571777
-9.79146957397461
-11.973791122436523
-16.556640625
-16.687244415283203
-15.151097297668457
-19.10745620727539
-11.305877685546875
-19.0233211517334
-15.544819831848145
-20.989164352416992
-16.40004539489746
-10.797191619873047
-16.603946685791016
-13.134957313537598
-10.353312492370605
-22.248212814331055
-16.39516830444336
-11.212454795837402
-20.915311813354492
-11.348877906799316
-17.186635971069336
-18.772804260253906
-3.377570867538452
-15.07835578918457
-12.183109283447266
-14.726312637329102
-13.285049438476562
-13.760699272155762
-19.49003791809082
-12.95301342010498
-11.370059967041016
-15.143239974975586
-15.51891803741455
-14.388737678527832
-13.70357894897461
-18.812305450439453
-22.04054069519043
-11.210677146911621
-22.305362701416016
-6.014464855194092
-14.618785858154297
-18.393817901611328
-14.544571876525879
-17.323579788208008
-17.772306442260742
-19.105873107910156
-15.380651473999023
-14.356746673583984
-18.92009925842285
-17.54537582397461
-20.549427032470703
-18.5050106048584
-9.927803993225098
-19.06298828125
-20.531265258789062
-17.715007781982422
-10.196850776672363
-10.050750732421875
-7.002383232116699
-6.235471725463867
-19.601049423217773
-14.11072826385498
-11.483006477355957
-23.05744743347168
-23.11149787902832
-19.052629470825195
-23.595685958862305
-20.224132537841797
-29.417274475097656
-16.906984329223633
-14.714221954345703
-16.01020050048828
-23.65965461730957
-13.206221580505371
-17.184358596801758
-15.65688705444336
-11.499502182006836
-21.25020980834961
-19.232084274291992
-11.503805160522461
-19.11513900756836
-15.367488861083984
-9.800312995910645
-23.368511199951172
-19.76512908935547
-14.06396484375
-10.00912857055664
-15.118203163146973
-14.762301445007324
-17.5732421875
-13.19907283782959
-8.465617179870605
-14.375510215759277
-20.95008659362793
-11.186872482299805
-18.472867965698242
-16.855680465698242
-13.335185050964355
-17.688066482543945
-4.204044818878174
-12.23012638092041
-14.550910949707031
-13.2197904586792
-24.0871639251709
-15.913681030273438
-14.991059303283691
-19.582578659057617
-15.761970520019531
-14.242679595947266
-16.638235092163086
-19.93950653076172
-16.838218688964844
-7.975058555603027
-10.883265495300293
-10.876917839050293
-15.048893928527832
-4.51564359664917
-13.107112884521484
-13.087921142578125
-18.765228271484375
-11.322729110717773
-14.789015769958496
-10.716148376464844
-13.28770923614502
-23.47243881225586
-24.774526596069336
-7.131114482879639
-27.202653884887695
-18.39832305908203
-11.62070369720459
-17.477693557739258
-12.693346977233887
-8.768961906433105
-8.588029861450195
-12.335179328918457
-6.92650842666626
-15.837738990783691
-13.808448791503906
-16.485212326049805
-14.757433891296387
-16.170488357543945
-21.86524772644043
-17.324064254760742
-16.656124114990234
-21.06612205505371
-7.741833686828613
-21.178300857543945
-18.88169288635254
-10.49929141998291
-22.185836791992188
-15.458362579345703
-15.926803588867188
-11.919900894165039
-15.342520713806152
-20.459627151489258
-10.89478588104248
-19.986413955688477
-15.310201644897461
-17.002410888671875
-19.04029083251953
-13.225590705871582
-15.82275676727295
-18.18889808654785
-13.712376594543457
-13.699357032775879
-8.65571403503418
-16.95263671875
-21.711017608642578
-10.60183048248291
-12.79360580444336
-17.568302154541016
-20.895402908325195
-23.6185245513916
-20.78679656982422
-18.04648780822754
-9.064600944519043
-10.621617317199707
-7.38895845413208
-23.331790924072266
-16.60835075378418
-21.18787956237793
-16.94512367248535
-15.617568969726562
-25.985366821289062
-15.95995807647705
-26.154207229614258
-16.707218170166016
-24.151212692260742
-20.065475463867188
-18.791576385498047
-13.076216697692871
-13.258657455444336
-16.6612491607666
-22.3885440826416
-5.533990383148193
-13.483832359313965
-17.226421356201172
-11.847326278686523
-12.902294158935547
-19.597028732299805
-18.505735397338867
-17.562023162841797
-12.492853164672852
-7.517049312591553
-9.677173614501953
-6.625333309173584
-9.980064392089844
-16.632434844970703
-14.326249122619629
-16.216543197631836
-21.79846954345703
-12.30410099029541
-15.057563781738281
-12.19670581817627
-25.79593849182129
-10.1725435256958
-4.875857353210449
-22.652843475341797
-12.219283103942871
-14.014520645141602
-11.000094413757324
-5.205854415893555
-17.70362663269043
-13.283198356628418
-25.476451873779297
-14.546406745910645
-14.099863052368164
-12.166608810424805
-22.283021926879883
-14.188680648803711
-22.500347137451172
-14.765527725219727
-15.301825523376465
-24.62027931213379
-8.04632568359375
-14.223705291748047
-26.577796936035156
-20.54804229736328
-20.325239181518555
-15.114846229553223
-21.476272583007812
-12.469756126403809
-17.35099983215332
-12.122586250305176
-16.00169563293457
-8.687834739685059
-10.1139554977417
-4.3368306159973145
-21.671213150024414
-5.6803297996521
-9.427119255065918
-15.710824012756348
-5.849689960479736
-22.86069679260254
-20.41341209411621
-15.283141136169434
-18.09014892578125
-21.58349609375
-19.133331298828125
-13.137618064880371
-12.438011169433594
-19.1960391998291
-14.0986909866333
-28.26850700378418
-17.02797508239746
-14.618597984313965
-17.400110244750977
-15.27857494354248
-15.092891693115234
-10.745787620544434
-16.73466682434082
-10.26429557800293
-20.20854377746582
-11.895133972167969
-25.736509323120117
-17.368934631347656
-8.19844913482666
-14.041176795959473
-17.425880432128906
-20.592321395874023
-13.989100456237793
-14.117329597473145
-14.37689208984375
-20.352813720703125
-20.09062385559082
-14.924785614013672
-13.896252632141113
-15.30318546295166
-17.732891082763672
-12.705260276794434
-10.289722442626953
-18.638877868652344
-20.92192268371582
-20.242149353027344
-13.153486251831055
-27.939165115356445
-20.61884307861328
-6.921945095062256
-16.864233016967773
-18.181232452392578
-18.92456817626953
-17.65143394470215
-9.953887939453125
-19.120197296142578
-23.813491821289062
-13.819504737854004
-16.562135696411133
-17.463191986083984
-10.351692199707031
-15.46468448638916
-14.447206497192383
-16.66253089904785
-14.556085586547852
-21.312742233276367
-19.931888580322266
-25.504562377929688
-5.75408411026001
-13.215484619140625
-16.00016212463379
-19.742904663085938
-9.094437599182129
-21.644527435302734
-11.281734466552734
-19.50550651550293
-14.631824493408203
-21.580276489257812
-17.80362892150879
-9.886027336120605
-20.926307678222656
-13.316229820251465
-17.91972541809082
-15.643595695495605
-13.92112922668457
-17.041622161865234
-14.495454788208008
-18.37652587890625
-17.610689163208008
-26.430767059326172
-14.142718315124512
-18.380891799926758
-7.54234504699707
-12.706720352172852
-17.633256912231445
-11.201061248779297
-16.384145736694336
-20.924617767333984
-13.37343692779541
-12.247330665588379
-14.195840835571289
-22.068265914916992
-12.410623550415039
-20.61240005493164
-20.022321701049805
-17.90113639831543
-16.96237564086914
-15.004411697387695
-17.674509048461914
-13.930456161499023
-9.618300437927246
-17.85287857055664
-8.163517951965332
-12.551870346069336
-9.934220314025879
-15.163369178771973
-16.13412094116211
-17.173503875732422
-17.263343811035156
-14.649816513061523
-15.598004341125488
-15.188237190246582
-17.118366241455078
-15.512097358703613
-16.365236282348633
-20.76613426208496
-16.273805618286133
-13.314854621887207
-15.035655975341797
-9.99993896484375
-21.595529556274414
-17.576684951782227
-13.659303665161133
-15.133893013000488
-11.972771644592285
-7.353370189666748
-18.111892700195312
-19.39800453186035
-10.125419616699219
-22.082080841064453
-14.232525825500488
-7.715389251708984
-13.69626235961914
-6.683178901672363
-15.127663612365723
-17.304031372070312
-26.069805145263672
-19.4207820892334
-26.109296798706055
-14.196417808532715
-11.327150344848633
-21.641918182373047
-18.65546417236328
-19.12470817565918
-20.530136108398438
-9.759305000305176
-15.121451377868652
-17.228246688842773
-15.22321891784668
-14.656841278076172
-18.670698165893555
-19.83832359313965
-15.448145866394043
-10.844308853149414
-12.412522315979004
-15.948293685913086
-22.954309463500977
-13.043170928955078
-15.329254150390625
-4.614822864532471
-17.509187698364258
-19.538816452026367
-15.637412071228027
-0.6846290230751038
-24.180253982543945
-17.1270694732666
-13.137979507446289
-16.988218307495117
-14.279404640197754
-20.186662673950195
-13.524949073791504
-5.712384223937988
-15.590404510498047
-16.227951049804688
-13.148046493530273
-10.780217170715332
-3.63814640045166
-23.300390243530273
-11.558672904968262
-16.722942352294922
-19.873157501220703
-16.874000549316406
-10.633926391601562
-19.016956329345703
-11.60400676727295
-33.295101165771484
-8.828426361083984
-10.301924705505371
-11.436753273010254
-16.5427303314209
-8.11596393585205
-12.836945533752441
-21.428754806518555
-12.709871292114258
-7.007072925567627
-21.059337615966797
-22.3295841217041
-11.902816772460938
-16.662755966186523
-12.31080150604248
0.33417585492134094
-11.917572021484375
-8.96837043762207
-12.607479095458984
-8.194700241088867
-14.246102333068848
-20.388973236083984
-12.81929874420166
-8.127967834472656
-11.299826622009277
-14.296494483947754
-14.86391544342041
-15.663812637329102
-14.44281005859375
-20.549875259399414
-21.351211547851562
-18.074363708496094
-9.383146286010742
-5.832055568695068
-13.96086311340332
-11.001924514770508
-20.590686798095703
-18.45474624633789
-15.455540657043457
-18.451019287109375
-13.610050201416016
-24.78508758544922
-17.975982666015625
-8.828742027282715
-15.78564453125
-4.570298194885254
-18.027467727661133
-13.527867317199707
-16.926124572753906
-16.23137664794922
-11.369058609008789
-14.901495933532715
-18.354019165039062
-21.098745346069336
-13.429277420043945
-13.157235145568848
-21.290983200073242
-5.441099643707275
-11.640095710754395
-10.184016227722168
-17.152034759521484
-20.450729370117188
-30.299543380737305
-17.48301124572754
-17.285625457763672
-16.002487182617188
-8.930232048034668
-3.819920539855957
-12.36867618560791
-17.00365447998047
-10.131227493286133
-11.848039627075195
-10.767147064208984
-15.670807838439941
-8.149681091308594
-10.568079948425293
-18.15908432006836
-19.73159408569336
-11.651041984558105
-15.38265323638916
-15.439255714416504
-13.284810066223145
-16.110857009887695
-14.342063903808594
-16.07265853881836
-12.442012786865234
-19.55490493774414
-14.778726577758789
-16.679283142089844
-24.254344940185547
-17.68120002746582
-18.60739517211914
-13.419087409973145
-23.40920066833496
-14.092761039733887
-16.197948455810547
-7.478967189788818
-13.24308967590332
-13.024102210998535
-14.29516315460205
-22.9255313873291
-23.515541076660156
-10.707476615905762
-17.735689163208008
-16.52952766418457
-21.98082733154297
-12.205018043518066
-19.358652114868164
-21.92023468017578
-18.16560173034668
-10.718962669372559
-11.875075340270996
-16.90147590637207
-13.1044340133667
-11.481721878051758
-11.259862899780273
-11.024354934692383
-13.675032615661621
-13.450207710266113
-19.603252410888672
-14.19188404083252
-17.83822250366211
-14.081376075744629
-17.852781295776367
-20.231971740722656
-8.888205528259277
-18.08753776550293
-13.259346961975098
-18.815935134887695
-18.401371002197266
-10.440641403198242
-15.910318374633789
-11.063158988952637
-15.354140281677246
-14.741022109985352
-9.907388687133789
-19.007343292236328
-20.827407836914062
-11.303972244262695
-20.414844512939453
-17.41291618347168
-22.13923454284668
-19.689958572387695
-11.511706352233887
-17.539203643798828
-18.34322166442871
-13.648838996887207
-16.325021743774414
-21.816051483154297
-11.494841575622559
-22.826946258544922
-12.890182495117188
-9.672771453857422
-11.827181816101074
-11.964117050170898
-13.85282039642334
-14.5410737991333
-10.101234436035156
-11.19672966003418
-19.71407127380371
-18.590166091918945
-23.375118255615234
-10.90152645111084
-15.50125789642334
-19.102558135986328
-16.218215942382812
-19.03903579711914
-10.806215286254883
-12.409355163574219
-8.807356834411621
-19.982372283935547
-13.701992988586426
-18.767009735107422
-17.989547729492188
-16.659936904907227
-16.382326126098633
-15.170059204101562
-10.849825859069824
-15.774727821350098
-13.137149810791016
-6.560069561004639
-15.45984935760498
-13.542471885681152
-13.154443740844727
-12.625985145568848
-10.79821491241455
-14.685629844665527
-18.247304916381836
-14.606359481811523
-16.14640235900879
-16.31184196472168
-11.561500549316406
-17.836702346801758
-9.328530311584473
-11.947842597961426
-13.793952941894531
-8.545836448669434
-10.224980354309082
-14.925871849060059
-8.56140422821045
-13.354475975036621
-11.196578979492188
-13.476818084716797
-8.758780479431152
-20.02301788330078
-10.191128730773926
-12.507816314697266
-22.774995803833008
-13.752459526062012
-12.315394401550293
-15.337636947631836
-9.66663932800293
-12.144561767578125
-10.546063423156738
-27.39472770690918
-17.67093849182129
-13.360878944396973
-9.7832670211792
-15.051015853881836
-13.760339736938477
-13.25594425201416
-13.092748641967773
-16.724040985107422
-8.795654296875
-16.860292434692383
-14.28580093383789
-11.927289009094238
-7.9192214012146
-12.648000717163086
-8.30656623840332
-13.829384803771973
-14.60234260559082
-10.493095397949219
-9.840876579284668
-3.4973504543304443
-15.50500202178955
-17.80180549621582
-18.664661407470703
-13.276671409606934
-13.14834213256836
-16.360729217529297
-15.938207626342773
-11.657638549804688
-13.601326942443848
-13.828472137451172
-20.700876235961914
-17.371129989624023
-14.035505294799805
-16.930816650390625
-11.986712455749512
-12.49666690826416
-16.64990234375
-25.75841522216797
-16.097728729248047
-24.635257720947266
-12.56999683380127
-12.225935935974121
-6.945557594299316
-12.346590042114258
-9.939159393310547
-17.146913528442383
-19.30266761779785
-15.772343635559082
-17.50554847717285
-12.866153717041016
-30.81241798400879
-15.414502143859863
-13.25645923614502
-12.69861125946045
-16.66510772705078
-19.33399200439453
-1.878288984298706
-10.56200885772705
-10.88070297241211
-19.351055145263672
-21.519521713256836
-11.360459327697754
-11.068620681762695
-9.377018928527832
-17.57555389404297
-12.384081840515137
-10.324986457824707
-11.815834999084473
-14.624385833740234
-13.071564674377441
-19.753482818603516
-13.255143165588379
-16.12849998474121
-9.037666320800781
-10.04929256439209
-9.591300964355469
-19.351511001586914
-16.810945510864258
-20.75193977355957
-9.805843353271484
-14.489951133728027
-12.085206031799316
-14.176641464233398
-15.648926734924316
-17.740360260009766
-14.520888328552246
-8.900091171264648
-19.730600357055664
-24.523561477661133
-13.585394859313965
-12.348536491394043
-20.4829158782959
-23.593568801879883
-16.177053451538086
-16.64828109741211
-10.164992332458496
-21.82505989074707
-14.836836814880371
-12.02279281616211
-13.894998550415039
-8.029857635498047
-14.641081809997559
-12.784588813781738
-11.880939483642578
-17.409719467163086
-18.680761337280273
-21.29271125793457
-23.489084243774414
-13.939571380615234
-15.673233032226562
-23.6396427154541
-13.263952255249023
-15.079781532287598
-13.362201690673828
-16.709251403808594
-13.730457305908203
-21.653827667236328
-23.31019401550293
-7.2243242263793945
-17.911312103271484
-17.343027114868164
-11.14033317565918
-20.025327682495117
-12.171159744262695
-13.635601043701172
-9.795368194580078
-13.322149276733398
-11.333771705627441
-13.032914161682129
-5.71369743347168
-16.03404426574707
-7.196709632873535
-9.051156044006348
-17.230493545532227
-14.65109634399414
-17.262353897094727
-13.810002326965332
-15.520174980163574
-17.64015007019043
-11.171046257019043
-17.148813247680664
-18.840023040771484
-15.37991714477539
-12.496356010437012
-12.259414672851562
-21.04933738708496
-17.200407028198242
-16.245107650756836
-13.138526916503906
-12.204618453979492
-14.796357154846191
-18.914392471313477
-18.804725646972656
-15.052743911743164
-7.1720075607299805
-21.336162567138672
-13.983386039733887
-17.119342803955078
-15.735149383544922
-7.03980827331543
-19.771310806274414
-15.024463653564453
-13.590264320373535
-15.496869087219238
-16.415075302124023
-4.352161407470703
-21.08258628845215
-14.754773139953613
-16.583057403564453
-17.081396102905273
-8.65500259399414
-12.212864875793457
-16.211654663085938
-22.479265213012695
-12.985158920288086
-8.794937133789062
-19.98155975341797
-10.415921211242676
-13.837064743041992
-12.056238174438477
-13.974386215209961
-10.773685455322266
-15.402851104736328
-18.9262638092041
-14.465056419372559
-7.984389305114746
-13.295817375183105
-17.43817138671875
-17.67462730407715
-19.163774490356445
-20.449676513671875
-18.131662368774414
-12.817612648010254
-15.5029296875
-13.679814338684082
-21.483230590820312
-19.113821029663086
-11.869319915771484
-15.530672073364258
-5.557669639587402
-13.087428092956543
-16.301321029663086
-10.377399444580078
-14.415627479553223
-17.778133392333984
-6.398056507110596
-14.938821792602539
-12.463240623474121
-18.73405647277832
-19.510723114013672
-7.023672580718994
-15.157881736755371
-14.803979873657227
-3.9728119373321533
-6.993630886077881
-11.29554557800293
-14.530789375305176
-14.04372501373291
-13.533902168273926
-19.845266342163086
-11.380638122558594
-15.420812606811523
-17.178573608398438
-7.955197334289551
-17.27521324157715
-14.32339096069336
-14.179481506347656
-18.232315063476562
-15.677790641784668
-15.670379638671875
-8.54696273803711
-9.669122695922852
-16.349084854125977
-18.245784759521484
-12.361128807067871
-6.3650336265563965
-18.257713317871094
-8.70975399017334
-12.784187316894531
-10.141084671020508
-9.776012420654297
-12.99333381652832
-8.67102336883545
-19.68467903137207
-12.051447868347168
-14.44722843170166
-12.685242652893066
-8.010354995727539
-12.576359748840332
-10.657347679138184
-18.249113082885742
-12.145649909973145
-14.538837432861328
-14.397004127502441
-11.937928199768066
-16.73863983154297
-14.217781066894531
-12.74053955078125
