0.17598935961723328
-11.837080001831055
-1.2564294338226318
-9.71465015411377
-9.256089210510254
-1.7858182191848755
-6.556887626647949
-10.669527053833008
-12.411795616149902
-11.277311325073242
-11.147858619689941
-12.994709014892578
-9.288758277893066
-8.640966415405273
-6.8226494789123535
-7.245644569396973
-5.613118648529053
-6.297359943389893
-15.891956329345703
-13.240830421447754
-7.566620826721191
-9.330103874206543
-7.088535308837891
-6.337194919586182
-13.358527183532715
-7.067789077758789
-13.281920433044434
-5.88234806060791
-2.931485414505005
-7.5508832931518555
-10.593484878540039
-8.534219741821289
-11.959371566772461
-16.495933532714844
-6.921549320220947
-10.814448356628418
-12.1029691696167
-9.348750114440918
-11.169103622436523
-6.196262359619141
-12.085808753967285
-8.226597785949707
-8.971044540405273
-8.469306945800781
-1.4997941255569458
-10.264885902404785
-12.03015422821045
-16.890640258789062
-10.94131088256836
-2.0810368061065674
-10.888731002807617
-9.14569091796875
-14.743672370910645
-13.093901634216309
-12.374531745910645
-13.076027870178223
-8.61662483215332
-5.543288230895996
-8.838069915771484
-9.285733222961426
-4.342822074890137
-8.645907402038574
-11.105483055114746
-10.882866859436035
-4.149619102478027
-9.89067554473877
-9.320645332336426
-13.287627220153809
-12.487789154052734
-7.5480546951293945
-11.392398834228516
-12.415013313293457
-7.509033679962158
-8.33834457397461
-11.832364082336426
-7.740161895751953
-10.138101577758789
-9.014025688171387
-15.144546508789062
-9.515331268310547
-4.261519908905029
-6.073732852935791
-13.372003555297852
-12.443819999694824
-6.970232963562012
-4.260863780975342
-12.690083503723145
-8.78704833984375
-11.21725845336914
-6.1506853103637695
-10.273651123046875
-8.911279678344727
-8.3839111328125
-8.772794723510742
-8.672469139099121
-1.231105923652649
-10.702138900756836
-6.928586006164551
-5.015073776245117
-8.112001419067383
-11.034022331237793
-3.447573661804199
-14.202452659606934
-11.971195220947266
-8.380582809448242
-10.927271842956543
-8.520132064819336
-6.415407180786133
-11.788229942321777
-13.341084480285645
-11.049910545349121
-4.884450435638428
-12.683987617492676
-5.531375885009766
-14.633458137512207
-12.427886962890625
-12.139053344726562
-8.708076477050781
-6.276080131530762
-9.714051246643066
-7.956474304199219
-11.394543647766113
-7.966717720031738
-11.17651081085205
-7.1004767417907715
-11.55645751953125
-10.797480583190918
-10.381190299987793
-3.7946338653564453
-15.834869384765625
-10.874493598937988
-5.859143257141113
-7.679666996002197
-2.749483823776245
-9.899088859558105
-7.661459445953369
-11.400505065917969
-6.677788257598877
-8.415802955627441
-6.633673191070557
-2.3308756351470947
-14.528343200683594
-10.72988510131836
-9.49939250946045
-4.377533912658691
-11.381763458251953
-8.759248733520508
-5.3379998207092285
-10.740243911743164
-5.003462314605713
-10.662956237792969
-5.520895004272461
-7.5701494216918945
-14.446677207946777
-9.02688980102539
-10.541086196899414
-15.812718391418457
-5.6561970710754395
-3.9064152240753174
-7.2669219970703125
2.175785541534424
-8.166082382202148
-5.754668235778809
-10.846964836120605
-8.052867889404297
-7.709433078765869
-13.033106803894043
-8.316755294799805
-4.788829803466797
-16.347257614135742
-9.636921882629395
-10.338053703308105
-9.227960586547852
-4.723708152770996
-7.602677345275879
-4.205806255340576
-9.61353874206543
-10.550627708435059
-16.561447143554688
-9.076109886169434
-10.896653175354004
-0.7698991894721985
-9.508079528808594
-8.988274574279785
-10.414666175842285
-8.726651191711426
-10.23402214050293
-7.576293468475342
-14.467883110046387
-10.841347694396973
-3.3593971729278564
-7.842624187469482
-11.514798164367676
-13.16433048248291
-6.581856727600098
-4.818939685821533
-10.366016387939453
-7.901613712310791
-10.23935604095459
-12.160162925720215
-8.860124588012695
-7.5951457023620605
-7.260099411010742
-11.825552940368652
-11.230243682861328
-11.480300903320312
-7.355501174926758
-14.404572486877441
-9.14382553100586
-3.616616725921631
-6.620970726013184
-15.400553703308105
-10.686022758483887
-7.284594535827637
-8.561739921569824
-3.521921157836914
-10.983842849731445
-5.32973051071167
-8.76307201385498
-13.545768737792969
-6.8671464920043945
-8.027825355529785
-7.09067440032959
-8.372279167175293
-12.863180160522461
-4.077545166015625
-3.4472122192382812
-6.802985191345215
-8.492472648620605
-9.512864112854004
-8.064532279968262
-7.770627975463867
-11.109618186950684
-7.106189250946045
-5.163762092590332
-6.332136631011963
-10.969038009643555
-6.660381317138672
-15.095054626464844
-13.481870651245117
-6.251070976257324
-10.596497535705566
-8.993428230285645
-8.309353828430176
-9.211026191711426
-16.26335334777832
-10.515347480773926
-9.172677993774414
-9.087912559509277
-9.437422752380371
-10.650527000427246
-7.675078392028809
-10.244922637939453
-16.62226676940918
-6.416934490203857
-10.091233253479004
-9.303498268127441
-7.866822719573975
-13.569422721862793
-6.754456043243408
-6.562289714813232
-6.4997053146362305
-6.360722064971924
-5.324132919311523
-7.55156135559082
-9.09194564819336
-6.836484909057617
-14.750134468078613
-10.626138687133789
-12.775107383728027
-11.02471923828125
-6.9591827392578125
-13.01065444946289
-9.752942085266113
-5.907820224761963
-4.784623146057129
-15.950610160827637
-11.507198333740234
-15.59658432006836
-9.354047775268555
-10.035354614257812
-9.704893112182617
-9.755186080932617
-11.18816089630127
-10.209465980529785
-4.641770362854004
-7.953042507171631
-3.318270444869995
-5.764049530029297
-10.351908683776855
-13.868212699890137
-7.245038032531738
-9.984209060668945
-17.11397361755371
-11.968788146972656
-5.1826863288879395
-13.799213409423828
-5.882851600646973
0.23314836621284485
-13.8272705078125
-12.854043960571289
-13.614970207214355
-9.036356925964355
-11.252948760986328
-12.786001205444336
-5.051895618438721
-6.608146667480469
-9.942364692687988
-6.798264026641846
-3.455752372741699
-10.298694610595703
-8.173547744750977
-7.966814994812012
-9.752947807312012
-8.804842948913574
-5.792522430419922
-10.133498191833496
-9.978530883789062
-13.888338088989258
-8.84431266784668
-9.093255996704102
-10.379493713378906
-15.95685863494873
-17.077896118164062
0.4881126880645752
-14.337857246398926
-2.6271848678588867
-8.298444747924805
-7.967950820922852
-7.122312545776367
-6.630155563354492
-9.710639953613281
-10.494499206542969
-7.78642463684082
-8.306865692138672
-6.483332633972168
-5.859224796295166
-2.7107672691345215
-10.138227462768555
-9.693148612976074
-11.57663345336914
-9.00499439239502
-8.369402885437012
-10.982609748840332
-7.995079040527344
-9.235665321350098
-7.482094764709473
-11.337185859680176
-9.532353401184082
-6.407062530517578
-8.415216445922852
-8.27304744720459
-9.854323387145996
-9.616530418395996
-2.227583885192871
-9.821290969848633
-4.08059549331665
-8.19314956665039
-8.44068431854248
-8.596020698547363
-9.061074256896973
-6.06451940536499
-6.677417755126953
-6.949414253234863
-9.861716270446777
-10.265315055847168
-6.616710186004639
-1.651897668838501
-4.809404373168945
-6.520521640777588
-10.17049503326416
-8.220623016357422
-11.739248275756836
-13.00027084350586
-10.5360689163208
-7.5709404945373535
-4.375399112701416
-5.9257965087890625
-8.584711074829102
-7.168144226074219
-8.306578636169434
-2.25795841217041
-7.423096179962158
-8.890056610107422
-12.376019477844238
-13.353042602539062
-13.556379318237305
-4.35543155670166
-5.350560665130615
-8.598493576049805
-8.642516136169434
-8.034956932067871
-8.766555786132812
-8.133893966674805
-10.796110153198242
-14.05570125579834
-9.802804946899414
-6.4428253173828125
-6.354127883911133
-5.896092891693115
-4.4911885261535645
-11.810245513916016
-6.453631401062012
-5.294295310974121
-5.867250442504883
-10.710848808288574
-10.468867301940918
-6.738226890563965
-11.124403953552246
-10.533002853393555
-9.570701599121094
-5.66798734664917
-9.08270263671875
-9.778392791748047
-8.509634971618652
-8.762310981750488
-12.132027626037598
-6.815202713012695
-6.264108657836914
-3.236346483230591
-8.597602844238281
-11.408939361572266
-8.60254192352295
-6.1055073738098145
-9.313068389892578
-8.584589004516602
-6.545995235443115
-12.963578224182129
-11.789098739624023
-6.0347490310668945
-8.027709007263184
-10.793051719665527
-20.498567581176758
-5.4266557693481445
-12.934910774230957
-11.066671371459961
-10.9773588180542
-10.797432899475098
-10.915488243103027
-8.611502647399902
-6.6207733154296875
-0.5134902596473694
-4.73321533203125
-8.961650848388672
-10.702788352966309
-9.599082946777344
-5.023191452026367
-9.012564659118652
-8.407466888427734
-9.630659103393555
-11.591129302978516
-6.691503524780273
-12.733963012695312
-9.100372314453125
-0.696763813495636
-5.330408096313477
-10.002726554870605
-6.775927543640137
0.566617488861084
-9.860527992248535
-14.012734413146973
-6.361889362335205
-7.088601112365723
-13.356501579284668
-9.354074478149414
-7.391212463378906
-13.25040054321289
-7.969842433929443
-14.013639450073242
-11.77419662475586
-2.5313565731048584
-11.850107192993164
-7.770773887634277
-8.286643981933594
-4.923923492431641
-6.570714950561523
-10.711621284484863
-7.414743423461914
-12.33374309539795
-15.357501983642578
-13.037819862365723
-9.338722229003906
-8.006574630737305
-11.031966209411621
-12.58239459991455
-7.915622234344482
-12.123553276062012
-6.0633344650268555
-8.057613372802734
-10.136369705200195
-10.580533027648926
-6.35297966003418
-7.868176460266113
-12.229949951171875
-6.91957950592041
-13.971446990966797
-0.7232723236083984
-9.659159660339355
-6.758804798126221
-7.703218936920166
-9.637992858886719
-16.223939895629883
-8.179025650024414
-13.71269702911377
-10.529358863830566
-9.619619369506836
-11.585409164428711
-13.74895191192627
-8.660846710205078
-12.576885223388672
-10.216438293457031
-6.466547012329102
-7.852001190185547
-7.0440449714660645
-6.343112945556641
-9.670233726501465
-12.532500267028809
-6.888820648193359
-0.03550269827246666
-10.837818145751953
-8.43233871459961
-8.16040325164795
-7.880827903747559
-13.741121292114258
-12.373055458068848
-14.342424392700195
-9.365461349487305
-11.323869705200195
-6.721353530883789
-11.171034812927246
-2.1932218074798584
-11.008881568908691
-4.071217060089111
-3.778242349624634
-11.485837936401367
-8.697702407836914
-11.120006561279297
-8.015125274658203
-5.92208194732666
-5.763218402862549
-13.999598503112793
-13.761956214904785
-10.973891258239746
-8.257552146911621
-7.319337844848633
-11.768339157104492
-4.552088737487793
-11.383030891418457
-12.639347076416016
-10.48834228515625
-14.767061233520508
-8.354131698608398
-9.40153694152832
-4.799201965332031
-13.935999870300293
-10.395930290222168
-10.231258392333984
-6.363303184509277
-11.583480834960938
-7.805367469787598
-4.1168928146362305
-11.442269325256348
-10.618029594421387
-9.143744468688965
-9.680351257324219
-10.907923698425293
-8.658675193786621
-9.114500999450684
-8.872343063354492
-12.639660835266113
-11.517487525939941
-11.375045776367188
-8.784149169921875
-10.96108341217041
-5.234633922576904
-8.526106834411621
-10.40689754486084
-11.821097373962402
-5.866403102874756
-10.226349830627441
-3.5224859714508057
-8.803401947021484
-4.026458740234375
-7.607821464538574
-11.420186042785645
-7.503247261047363
-5.2983293533325195
-13.247748374938965
-7.449207305908203
-9.18421459197998
-11.990582466125488
-11.508190155029297
-6.676303386688232
-5.27401876449585
-11.820518493652344
-12.856300354003906
-5.840420722961426
-16.95261001586914
-11.414198875427246
-11.166749954223633
-8.858505249023438
-4.333633899688721
-11.485066413879395
-8.69135856628418
-12.333395004272461
-6.958541393280029
-13.772235870361328
-18.523319244384766
-3.8191704750061035
-6.9637627601623535
-11.669407844543457
-4.4270477294921875
-6.979306221008301
-12.213545799255371
-5.61893892288208
-6.504765510559082
-9.539752960205078
-10.529764175415039
-8.244379043579102
-10.38172435760498
-3.2965004444122314
-3.3417444229125977
-9.753853797912598
-8.689288139343262
-7.903579235076904
-10.872984886169434
-9.875898361206055
-8.996783256530762
-6.7493510246276855
-7.102528095245361
-9.59073257446289
-11.355375289916992
-14.695706367492676
-8.488831520080566
-15.547995567321777
-10.903803825378418
-14.574390411376953
-14.88901138305664
-11.560378074645996
-9.425232887268066
-14.275069236755371
-11.479907035827637
-1.3931220769882202
-9.678807258605957
-8.334083557128906
-8.584237098693848
-9.01167106628418
-8.656112670898438
-5.089556694030762
-7.482759952545166
-6.580763816833496
-3.896497964859009
-13.128963470458984
-7.4247026443481445
-5.824789524078369
-6.231164455413818
-8.925439834594727
-7.961395263671875
-11.282400131225586
-7.670742988586426
-5.098025321960449
-10.05618953704834
-4.938055038452148
-10.816262245178223
-7.09638786315918
-8.25705623626709
-9.44040298461914
-7.235034942626953
-6.382976531982422
-10.818155288696289
-8.334007263183594
-10.226473808288574
-8.864945411682129
-11.760489463806152
-10.291215896606445
-7.653868675231934
-5.493636131286621
-1.2579528093338013
-13.407617568969727
-7.133001804351807
-16.808345794677734
-9.407156944274902
-7.462799072265625
-11.895264625549316
-4.51434326171875
-10.016283988952637
-4.178380966186523
-14.018773078918457
-10.915109634399414
-9.402616500854492
-1.7310341596603394
-9.808561325073242
-6.461076736450195
-2.7438247203826904
-8.485193252563477
-13.253018379211426
-10.319418907165527
-5.788820266723633
-8.93707275390625
-8.921645164489746
-11.76038646697998
-12.948298454284668
-11.176620483398438
-12.582837104797363
-11.001755714416504
-13.351801872253418
-7.6236252784729
-10.05048942565918
-10.465455055236816
-7.115234851837158
-6.176053524017334
-7.142130374908447
-6.425617218017578
-4.73696756362915
-5.871485710144043
-14.11001968383789
-18.15256118774414
-10.974150657653809
-8.70232105255127
-8.006478309631348
-2.9767813682556152
-8.398056983947754
-14.215873718261719
-6.893880367279053
-6.890280246734619
-7.921059608459473
-8.142038345336914
-10.0175199508667
-6.1066741943359375
-16.53530502319336
-5.11178731918335
-13.131083488464355
-10.170079231262207
-10.796695709228516
-9.787924766540527
-10.71845531463623
-9.117526054382324
-7.6635823249816895
-5.758394241333008
-9.431530952453613
-7.581589221954346
-10.780210494995117
-9.856647491455078
-10.609254837036133
-4.500145435333252
-7.159573078155518
-10.410624504089355
-10.980498313903809
-10.521949768066406
-1.963732123374939
-10.59837818145752
-7.820796966552734
-12.827808380126953
-15.348184585571289
-6.6189961433410645
-11.158126831054688
-8.5811185836792
-11.32693862915039
-10.311792373657227
-6.7673797607421875
-8.159303665161133
-16.517915725708008
-4.8488874435424805
-14.34720230102539
-9.375012397766113
-5.980866432189941
-7.9253153800964355
-4.9592976570129395
-10.756869316101074
-13.01501178741455
-10.783012390136719
-8.270173072814941
-7.372975826263428
-12.332808494567871
-14.22885513305664
-5.77564001083374
-12.070808410644531
-6.797153472900391
-11.078760147094727
-12.473071098327637
-3.328967809677124
-6.1248555183410645
-5.904148578643799
-5.535914421081543
-10.776841163635254
-4.858412265777588
-8.475630760192871
-9.446773529052734
-9.458312034606934
-10.932243347167969
-6.0810546875
-12.435042381286621
-7.561019420623779
-8.189927101135254
-8.761066436767578
-7.364920616149902
-14.400801658630371
-8.878942489624023
-7.0233354568481445
-8.101829528808594
-12.42747974395752
-7.8260087966918945
-9.523429870605469
-13.844010353088379
-11.358677864074707
-7.334253311157227
-7.227227687835693
-9.512347221374512
-6.564080238342285
-9.258848190307617
-12.053446769714355
-11.197576522827148
-8.524713516235352
-8.743607521057129
-17.18568229675293
-7.730181694030762
-6.566239356994629
-13.458051681518555
-12.265873908996582
-12.011600494384766
-6.515814304351807
-12.941167831420898
-5.099992752075195
-13.783196449279785
-11.33834457397461
-12.797903060913086
-7.799908638000488
-5.041170597076416
-9.053397178649902
-9.46668529510498
-10.111207008361816
-3.674668550491333
-11.021608352661133
-13.68595027923584
-7.727883338928223
-7.612657070159912
-14.319934844970703
-13.928544998168945
-14.244795799255371
-9.398799896240234
-10.824981689453125
-6.512032508850098
-15.445450782775879
-12.597223281860352
-5.643611431121826
-10.368931770324707
-14.530535697937012
-8.819254875183105
-3.238159418106079
-6.377255916595459
-10.271742820739746
-9.85410213470459
-3.5851757526397705
-5.6707892417907715
-11.300374031066895
-9.234708786010742
-2.319385528564453
-11.96565055847168
-10.902231216430664
-4.03548526763916
-9.814565658569336
-8.401004791259766
-14.10165023803711
-6.985593795776367
-7.833741664886475
-5.506562232971191
-8.075185775756836
-8.595417976379395
-8.953577041625977
-5.402681350708008
-8.49390697479248
-7.515201568603516
-9.384421348571777
-4.210155010223389
-11.861710548400879
-11.088218688964844
-5.060826778411865
-3.9355645179748535
-10.040008544921875
-10.779274940490723
-9.442190170288086
-9.922212600708008
-11.756269454956055
-8.591238021850586
-8.333958625793457
-9.280755043029785
-9.162726402282715
-4.397707939147949
-7.169994831085205
-6.603597164154053
-14.044652938842773
-4.933449745178223
-12.92273235321045
-10.941033363342285
-12.06106185913086
-9.820937156677246
-10.742219924926758
-7.6558837890625
-13.559598922729492
-14.382760047912598
-15.858905792236328
-12.900341987609863
-8.003118515014648
-8.508699417114258
-12.613123893737793
-9.78312873840332
-12.53067398071289
-7.3643670082092285
-6.237897872924805
-6.26711368560791
-6.258640766143799
-6.133952617645264
-9.442536354064941
-6.236435890197754
-11.850149154663086
-8.40481948852539
-6.212149143218994
-9.183415412902832
-11.860944747924805
-8.415338516235352
-3.037971258163452
-9.92138671875
-6.590302467346191
-12.621726036071777
-9.968647956848145
-15.63605785369873
-9.337035179138184
-16.890451431274414
-10.405332565307617
-13.22488784790039
-13.55212688446045
-11.963335990905762
-13.445244789123535
-7.730340003967285
-14.752758979797363
-6.089149475097656
-13.074284553527832
-7.049106597900391
-4.696134090423584
-7.446457862854004
-6.578949451446533
-4.809429168701172
-0.17530545592308044
-9.672183990478516
-12.318962097167969
-10.943291664123535
-11.36805248260498
-14.685107231140137
-5.191821098327637
-13.46086597442627
-7.594366073608398
-8.815786361694336
-6.857831954956055
-10.274131774902344
-15.976487159729004
-12.217204093933105
-4.748471736907959
-7.141195297241211
-15.544805526733398
-9.393174171447754
-6.851997375488281
-9.507844924926758
-10.005043029785156
-8.662481307983398
-13.436235427856445
-12.402813911437988
-9.375832557678223
-7.260194301605225
-17.16465187072754
-13.680648803710938
-5.4558610916137695
-14.943321228027344
-10.184849739074707
-8.841814994812012
-10.354637145996094
-10.193291664123535
-5.986347198486328
-11.44957160949707
-8.485897064208984
-2.6353089809417725
-5.667213439941406
-10.252113342285156
-8.093186378479004
-12.29918098449707
-7.788629055023193
-8.278365135192871
-15.124110221862793
-2.839984178543091
-16.85025405883789
-0.8600961565971375
-14.574956893920898
-6.3553314208984375
-7.427485466003418
-11.80984115600586
-21.760540008544922
-20.60567855834961
-12.037940979003906
-14.428596496582031
-11.652255058288574
-15.173324584960938
-14.64186954498291
-15.098616600036621
-11.385639190673828
-8.01815128326416
-11.227551460266113
-15.64285659790039
-15.604096412658691
-25.309490203857422
-16.799846649169922
-17.22113037109375
-8.83887004852295
-15.578150749206543
-13.254725456237793
-12.907821655273438
-4.985187530517578
-21.715383529663086
-16.39241600036621
-15.228365898132324
-11.661073684692383
-14.48033618927002
-14.255171775817871
-7.853697299957275
-15.159059524536133
-21.167503356933594
-22.47389030456543
-13.560038566589355
-21.103044509887695
-11.974286079406738
-4.499133110046387
-10.001629829406738
-15.000079154968262
-7.74993896484375
-14.219705581665039
-19.02604103088379
-12.458272933959961
-13.187239646911621
-15.572696685791016
-13.883522987365723
-21.30033302307129
-14.357773780822754
-11.347537994384766
-10.08209228515625
-18.427839279174805
-14.924575805664062
-14.451498985290527
-1.004952311515808
-18.90895652770996
-17.86330795288086
-9.430198669433594
-21.913816452026367
-20.440587997436523
-14.619958877563477
-17.517192840576172
-11.001867294311523
-14.327348709106445
-9.138883590698242
-11.262980461120605
-6.126419544219971
-6.612590789794922
-21.111587524414062
-17.400636672973633
-12.535920143127441
-8.80151653289795
-18.138856887817383
-10.9050931930542
-27.96561050415039
-13.556386947631836
-14.59643840789795
-22.90697479248047
-9.84241008758545
-10.133005142211914
-19.78205680847168
-21.548776626586914
-15.750632286071777
-9.217672348022461
-9.726218223571777
-9.79146957397461
-11.973791122436523
-16.556640625
-16.687244415283203
-15.151097297668457
-19.10745620727539
-11.305877685546875
-19.0233211517334
-15.544819831848145
-20.989164352416992
-16.40004539489746
-10.797191619873047
-16.603946685791016
-13.134957313537598
-10.353312492370605
-22.248212814331055
-16.39516830444336
-11.212454795837402
-20.915311813354492
-11.348877906799316
-17.186635971069336
-18.772804260253906
-3.377570867538452
-15.07835578918457
-12.183109283447266
-14.726312637329102
-13.285049438476562
-13.760699272155762
-19.49003791809082
-12.95301342010498
-11.370059967041016
-15.143239974975586
-15.51891803741455
-14.388737678527832
-13.70357894897461
-18.812305450439453
-22.04054069519043
-11.210677146911621
-22.305362701416016
-6.014464855194092
-14.618785858154297
-18.393817901611328
-14.544571876525879
-17.323579788208008
-17.772306442260742
-19.105873107910156
-15.380651473999023
-14.356746673583984
-18.92009925842285
-17.54537582397461
-20.549427032470703
-18.5050106048584
-9.927803993225098
-19.06298828125
-20.531265258789062
-17.715007781982422
-10.196850776672363
-10.050750732421875
-7.002383232116699
-6.235471725463867
-19.601049423217773
-14.11072826385498
-11.483006477355957
-23.05744743347168
-23.11149787902832
-19.052629470825195
-23.595685958862305
-20.224132537841797
-29.417274475097656
-16.906984329223633
-14.714221954345703
-16.01020050048828
-23.65965461730957
-13.206221580505371
-17.184358596801758
-15.65688705444336
-11.499502182006836
-21.25020980834961
-19.232084274291992
-11.503805160522461
-19.11513900756836
-15.367488861083984
-9.800312995910645
-23.368511199951172
-19.76512908935547
-14.06396484375
-10.00912857055664
-15.118203163146973
-14.762301445007324
-17.5732421875
-13.19907283782959
-8.465617179870605
-14.375510215759277
-20.95008659362793
-11.186872482299805
-18.472867965698242
-16.855680465698242
-13.335185050964355
-17.688066482543945
-4.204044818878174
-12.23012638092041
-14.550910949707031
-13.2197904586792
-24.0871639251709
-15.913681030273438
-14.991059303283691
-19.582578659057617
-15.761970520019531
-14.242679595947266
-16.638235092163086
-19.93950653076172
-16.838218688964844
-7.975058555603027
-10.883265495300293
-10.876917839050293
-15.048893928527832
-4.51564359664917
-13.107112884521484
-13.087921142578125
-18.765228271484375
-11.322729110717773
-14.789015769958496
-10.716148376464844
-13.28770923614502
-23.47243881225586
-24.774526596069336
-7.131114482879639
-27.202653884887695
-18.39832305908203
-11.62070369720459
-17.477693557739258
-12.693346977233887
-8.768961906433105
-8.588029861450195
-12.335179328918457
-6.92650842666626
-15.837738990783691
-13.808448791503906
-16.485212326049805
-14.757433891296387
-16.170488357543945
-21.86524772644043
-17.324064254760742
-16.656124114990234
-21.06612205505371
-7.741833686828613
-21.178300857543945
-18.88169288635254
-10.49929141998291
-22.185836791992188
-15.458362579345703
-15.926803588867188
-11.919900894165039
-15.342520713806152
-20.459627151489258
-10.89478588104248
-19.986413955688477
-15.310201644897461
-17.002410888671875
-19.04029083251953
-13.225590705871582
-15.82275676727295
-18.18889808654785
-13.712376594543457
-13.699357032775879
-8.65571403503418
-16.95263671875
-21.711017608642578
-10.60183048248291
-12.79360580444336
-17.568302154541016
-20.895402908325195
-23.6185245513916
-20.78679656982422
-18.04648780822754
-9.064600944519043
-10.621617317199707
-7.38895845413208
-23.331790924072266
-16.60835075378418
-21.18787956237793
-16.94512367248535
-15.617568969726562
-25.985366821289062
-15.95995807647705
-26.154207229614258
-16.707218170166016
-24.151212692260742
-20.065475463867188
-18.791576385498047
-13.076216697692871
-13.258657455444336
-16.6612491607666
-22.3885440826416
-5.533990383148193
-13.483832359313965
-17.226421356201172
-11.847326278686523
-12.902294158935547
-19.597028732299805
-18.505735397338867
-17.562023162841797
-12.492853164672852
-7.517049312591553
-9.677173614501953
-6.625333309173584
-9.980064392089844
-16.632434844970703
-14.326249122619629
-16.216543197631836
-21.79846954345703
-12.30410099029541
-15.057563781738281
-12.19670581817627
-25.79593849182129
-10.1725435256958
-4.875857353210449
-22.652843475341797
-12.219283103942871
-14.014520645141602
-11.000094413757324
-5.205854415893555
-17.70362663269043
-13.283198356628418
-25.476451873779297
-14.546406745910645
-14.099863052368164
-12.166608810424805
-22.283021926879883
-14.188680648803711
-22.500347137451172
-14.765527725219727
-15.301825523376465
-24.62027931213379
-8.04632568359375
-14.223705291748047
-26.577796936035156
-20.54804229736328
-20.325239181518555
-15.114846229553223
-21.476272583007812
-12.469756126403809
-17.35099983215332
-12.122586250305176
-16.00169563293457
-8.687834739685059
-10.1139554977417
-4.3368306159973145
-21.671213150024414
-5.6803297996521
-9.427119255065918
-15.710824012756348
-5.849689960479736
-22.86069679260254
-20.41341209411621
-15.283141136169434
-18.09014892578125
-21.58349609375
-19.133331298828125
-13.137618064880371
-12.438011169433594
-19.1960391998291
-14.0986909866333
-28.26850700378418
-17.02797508239746
-14.618597984313965
-17.400110244750977
-15.27857494354248
-15.092891693115234
-10.745787620544434
-16.73466682434082
-10.26429557800293
-20.20854377746582
-11.895133972167969
-25.736509323120117
-17.368934631347656
-8.19844913482666
-14.041176795959473
-17.425880432128906
-20.592321395874023
-13.989100456237793
-14.117329597473145
-14.37689208984375
-20.352813720703125
-20.09062385559082
-14.924785614013672
-13.896252632141113
-15.30318546295166
-17.732891082763672
-12.705260276794434
-10.289722442626953
-18.638877868652344
-20.92192268371582
-20.242149353027344
-13.153486251831055
-27.939165115356445
-20.61884307861328
-6.921945095062256
-16.864233016967773
-18.181232452392578
-18.92456817626953
-17.65143394470215
-9.953887939453125
-19.120197296142578
-23.813491821289062
-13.819504737854004
-16.562135696411133
-17.463191986083984
-10.351692199707031
-15.46468448638916
-14.447206497192383
-16.66253089904785
-14.556085586547852
-21.312742233276367
-19.931888580322266
-25.504562377929688
-5.75408411026001
-13.215484619140625
-16.00016212463379
-19.742904663085938
-9.094437599182129
-21.644527435302734
-11.281734466552734
-19.50550651550293
-14.631824493408203
-21.580276489257812
-17.80362892150879
-9.886027336120605
-20.926307678222656
-13.316229820251465
-17.91972541809082
-15.643595695495605
-13.92112922668457
-17.041622161865234
-14.495454788208008
-18.37652587890625
-17.610689163208008
-26.430767059326172
-14.142718315124512
-18.380891799926758
-7.54234504699707
-12.706720352172852
-17.633256912231445
-11.201061248779297
-16.384145736694336
-20.924617767333984
-13.37343692779541
-12.247330665588379
-14.195840835571289
-22.068265914916992
-12.410623550415039
-20.61240005493164
-20.022321701049805
-17.90113639831543
-16.96237564086914
-15.004411697387695
-17.674509048461914
-13.930456161499023
-9.618300437927246
-17.85287857055664
-8.163517951965332
-12.551870346069336
-9.934220314025879
-15.163369178771973
-16.13412094116211
-17.173503875732422
-17.263343811035156
-14.649816513061523
-15.598004341125488
-15.188237190246582
-17.118366241455078
-15.512097358703613
-16.365236282348633
-20.76613426208496
-16.273805618286133
-13.314854621887207
-15.035655975341797
-9.99993896484375
-21.595529556274414
-17.576684951782227
-13.659303665161133
-15.133893013000488
-11.972771644592285
-7.353370189666748
-18.111892700195312
-19.39800453186035
-10.125419616699219
-22.082080841064453
-14.232525825500488
-7.715389251708984
-13.69626235961914
-6.683178901672363
-15.127663612365723
-17.304031372070312
-26.069805145263672
-19.4207820892334
-26.109296798706055
-14.196417808532715
-11.327150344848633
-21.641918182373047
-18.65546417236328
-19.12470817565918
-20.530136108398438
-9.759305000305176
-15.121451377868652
-17.228246688842773
-15.22321891784668
-14.656841278076172
-18.670698165893555
-19.83832359313965
-15.448145866394043
-10.844308853149414
-12.412522315979004
-15.948293685913086
-22.954309463500977
-13.043170928955078
-15.329254150390625
-4.614822864532471
-17.509187698364258
-19.538816452026367
-15.637412071228027
-0.6846290230751038
-24.180253982543945
-17.1270694732666
-13.137979507446289
-16.988218307495117
-14.279404640197754
-20.186662673950195
-13.524949073791504
-5.712384223937988
-15.590404510498047
-16.227951049804688
-13.148046493530273
-10.780217170715332
-3.63814640045166
-23.300390243530273
-11.558672904968262
-16.722942352294922
-19.873157501220703
-16.874000549316406
-10.633926391601562
-19.016956329345703
-11.60400676727295
-33.295101165771484
-8.828426361083984
-10.301924705505371
-11.436753273010254
-16.5427303314209
-8.11596393585205
-12.836945533752441
-21.428754806518555
-12.709871292114258
-7.007072925567627
-21.059337615966797
-22.3295841217041
-11.902816772460938
-16.662755966186523
-12.31080150604248
0.33417585492134094
-11.917572021484375
-8.96837043762207
-12.607479095458984
-8.194700241088867
-14.246102333068848
-20.388973236083984
-12.81929874420166
-8.127967834472656
-11.299826622009277
-14.296494483947754
-14.86391544342041
-15.663812637329102
-14.44281005859375
-20.549875259399414
-21.351211547851562
-18.074363708496094
-9.383146286010742
-5.832055568695068
-13.96086311340332
-11.001924514770508
-20.590686798095703
-18.45474624633789
-15.455540657043457
-18.451019287109375
-13.610050201416016
-24.78508758544922
-17.975982666015625
-8.828742027282715
-15.78564453125
-4.570298194885254
-18.027467727661133
-13.527867317199707
-16.926124572753906
-16.23137664794922
-11.369058609008789
-14.901495933532715
-18.354019165039062
-21.098745346069336
-13.429277420043945
-13.157235145568848
-21.290983200073242
-5.441099643707275
-11.640095710754395
-10.184016227722168
-17.152034759521484
-20.450729370117188
-30.299543380737305
-17.48301124572754
-17.285625457763672
-16.002487182617188
-8.930232048034668
-3.819920539855957
-12.36867618560791
-17.00365447998047
-10.131227493286133
-11.848039627075195
-10.767147064208984
-15.670807838439941
-8.149681091308594
-10.568079948425293
-18.15908432006836
-19.73159408569336
-11.651041984558105
-15.38265323638916
-15.439255714416504
-13.284810066223145
-16.110857009887695
-14.342063903808594
-16.07265853881836
-12.442012786865234
-19.55490493774414
-14.778726577758789
-16.679283142089844
-24.254344940185547
-17.68120002746582
-18.60739517211914
-13.419087409973145
-23.40920066833496
-14.092761039733887
-16.197948455810547
-7.478967189788818
-13.24308967590332
-13.024102210998535
-14.29516315460205
-22.9255313873291
-23.515541076660156
-10.707476615905762
-17.735689163208008
-16.52952766418457
-21.98082733154297
-12.205018043518066
-19.358652114868164
-21.92023468017578
-18.16560173034668
-10.718962669372559
-11.875075340270996
-16.90147590637207
-13.1044340133667
-11.481721878051758
-11.259862899780273
-11.024354934692383
-13.675032615661621
-13.450207710266113
-19.603252410888672
-14.19188404083252
-17.83822250366211
-14.081376075744629
-17.852781295776367
-20.231971740722656
-8.888205528259277
-18.08753776550293
-13.259346961975098
-18.815935134887695
-18.401371002197266
-10.440641403198242
-15.910318374633789
-11.063158988952637
-15.354140281677246
-14.741022109985352
-9.907388687133789
-19.007343292236328
-20.827407836914062
-11.303972244262695
-20.414844512939453
-17.41291618347168
-22.13923454284668
-19.689958572387695
-11.511706352233887
-17.539203643798828
-18.34322166442871
-13.648838996887207
-16.325021743774414
-21.816051483154297
-11.494841575622559
-22.826946258544922
-12.890182495117188
-9.672771453857422
-11.827181816101074
-11.964117050170898
-13.85282039642334
-14.5410737991333
-10.101234436035156
-11.19672966003418
-19.71407127380371
-18.590166091918945
-23.375118255615234
-10.90152645111084
-15.50125789642334
-19.102558135986328
-16.218215942382812
-19.03903579711914
-10.806215286254883
-12.409355163574219
-8.807356834411621
-19.982372283935547
-13.701992988586426
-18.767009735107422
-17.989547729492188
-16.659936904907227
-16.382326126098633
-15.170059204101562
-10.849825859069824
-15.774727821350098
-13.137149810791016
-6.560069561004639
-15.45984935760498
-13.542471885681152
-13.154443740844727
-12.625985145568848
-10.79821491241455
-14.685629844665527
-18.247304916381836
-14.606359481811523
-16.14640235900879
-16.31184196472168
-11.561500549316406
-17.836702346801758
-9.328530311584473
-11.947842597961426
-13.793952941894531
-8.545836448669434
-10.224980354309082
-14.925871849060059
-8.56140422821045
-13.354475975036621
-11.196578979492188
-13.476818084716797
-8.758780479431152
-20.02301788330078
-10.191128730773926
-12.507816314697266
-22.774995803833008
-13.752459526062012
-12.315394401550293
-15.337636947631836
-9.66663932800293
-12.144561767578125
-10.546063423156738
-27.39472770690918
-17.67093849182129
-13.360878944396973
-9.7832670211792
-15.051015853881836
-13.760339736938477
-13.25594425201416
-13.092748641967773
-16.724040985107422
-8.795654296875
-16.860292434692383
-14.28580093383789
-11.927289009094238
-7.9192214012146
-12.648000717163086
-8.30656623840332
-13.829384803771973
-14.60234260559082
-10.493095397949219
-9.840876579284668
-3.4973504543304443
-15.50500202178955
-17.80180549621582
-18.664661407470703
-13.276671409606934
-13.14834213256836
-16.360729217529297
-15.938207626342773
-11.657638549804688
-13.601326942443848
-13.828472137451172
-20.700876235961914
-17.371129989624023
-14.035505294799805
-16.930816650390625
-11.986712455749512
-12.49666690826416
-16.64990234375
-25.75841522216797
-16.097728729248047
-24.635257720947266
-12.56999683380127
-12.225935935974121
-6.945557594299316
-12.346590042114258
-9.939159393310547
-17.146913528442383
-19.30266761779785
-15.772343635559082
-17.50554847717285
-12.866153717041016
-30.81241798400879
-15.414502143859863
-13.25645923614502
-12.69861125946045
-16.66510772705078
-19.33399200439453
-1.878288984298706
-10.56200885772705
-10.88070297241211
-19.351055145263672
-21.519521713256836
-11.360459327697754
-11.068620681762695
-9.377018928527832
-17.57555389404297
-12.384081840515137
-10.324986457824707
-11.815834999084473
-14.624385833740234
-13.071564674377441
-19.753482818603516
-13.255143165588379
-16.12849998474121
-9.037666320800781
-10.04929256439209
-9.591300964355469
-19.351511001586914
-16.810945510864258
-20.75193977355957
-9.805843353271484
-14.489951133728027
-12.085206031799316
-14.176641464233398
-15.648926734924316
-17.740360260009766
-14.520888328552246
-8.900091171264648
-19.730600357055664
-24.523561477661133
-13.585394859313965
-12.348536491394043
-20.4829158782959
-23.593568801879883
-16.177053451538086
-16.64828109741211
-10.164992332458496
-21.82505989074707
-14.836836814880371
-12.02279281616211
-13.894998550415039
-8.029857635498047
-14.641081809997559
-12.784588813781738
-11.880939483642578
-17.409719467163086
-18.680761337280273
-21.29271125793457
-23.489084243774414
-13.939571380615234
-15.673233032226562
-23.6396427154541
-13.263952255249023
-15.079781532287598
-13.362201690673828
-16.709251403808594
-13.730457305908203
-21.653827667236328
-23.31019401550293
-7.2243242263793945
-17.911312103271484
-17.343027114868164
-11.14033317565918
-20.025327682495117
-12.171159744262695
-13.635601043701172
-9.795368194580078
-13.322149276733398
-11.333771705627441
-13.032914161682129
-5.71369743347168
-16.03404426574707
-7.196709632873535
-9.051156044006348
-17.230493545532227
-14.65109634399414
-17.262353897094727
-13.810002326965332
-15.520174980163574
-17.64015007019043
-11.171046257019043
-17.148813247680664
-18.840023040771484
-15.37991714477539
-12.496356010437012
-12.259414672851562
-21.04933738708496
-17.200407028198242
-16.245107650756836
-13.138526916503906
-12.204618453979492
-14.796357154846191
-18.914392471313477
-18.804725646972656
-15.052743911743164
-7.1720075607299805
-21.336162567138672
-13.983386039733887
-17.119342803955078
-15.735149383544922
-7.03980827331543
-19.771310806274414
-15.024463653564453
-13.590264320373535
-15.496869087219238
-16.415075302124023
-4.352161407470703
-21.08258628845215
-14.754773139953613
-16.583057403564453
-17.081396102905273
-8.65500259399414
-12.212864875793457
-16.211654663085938
-22.479265213012695
-12.985158920288086
-8.794937133789062
-19.98155975341797
-10.415921211242676
-13.837064743041992
-12.056238174438477
-13.974386215209961
-10.773685455322266
-15.402851104736328
-18.9262638092041
-14.465056419372559
-7.984389305114746
-13.295817375183105
-17.43817138671875
-17.67462730407715
-19.163774490356445
-20.449676513671875
-18.131662368774414
-12.817612648010254
-15.5029296875
-13.679814338684082
-21.483230590820312
-19.113821029663086
-11.869319915771484
-15.530672073364258
-5.557669639587402
-13.087428092956543
-16.301321029663086
-10.377399444580078
-14.415627479553223
-17.778133392333984
-6.398056507110596
-14.938821792602539
-12.463240623474121
-18.73405647277832
-19.510723114013672
-7.023672580718994
-15.157881736755371
-14.803979873657227
-3.9728119373321533
-6.993630886077881
-11.29554557800293
-14.530789375305176
-14.04372501373291
-13.533902168273926
-19.845266342163086
-11.380638122558594
-15.420812606811523
-17.178573608398438
-7.955197334289551
-17.27521324157715
-14.32339096069336
-14.179481506347656
-18.232315063476562
-15.677790641784668
-15.670379638671875
-8.54696273803711
-9.669122695922852
-16.349084854125977
-18.245784759521484
-12.361128807067871
-6.3650336265563965
-18.257713317871094
-8.70975399017334
-12.784187316894531
-10.141084671020508
-9.776012420654297
-12.99333381652832
-8.67102336883545
-19.68467903137207
-12.051447868347168
-14.44722843170166
-12.685242652893066
-8.010354995727539
-12.576359748840332
-10.657347679138184
-18.249113082885742
-12.145649909973145
-14.538837432861328
-14.397004127502441
-11.937928199768066
-16.73863983154297
-14.217781066894531
-12.74053955078125
