1.8298498392105103
11.446761131286621
10.624981880187988
6.038657188415527
13.69287109375
2.9821488857269287
3.865032196044922
6.152139186859131
5.549610137939453
10.657365798950195
13.909314155578613
6.32327938079834
4.34066915512085
6.143702983856201
4.1410746574401855
12.98104476928711
6.454559803009033
12.375052452087402
8.663370132446289
6.642830848693848
8.535253524780273
5.801258563995361
0.19082319736480713
5.340185165405273
5.163275241851807
4.058462142944336
2.5514328479766846
9.013253211975098
3.781843900680542
6.021469593048096
2.870500326156616
9.481219291687012
9.174175262451172
10.240928649902344
3.7507810592651367
5.949222564697266
8.277128219604492
10.924477577209473
5.0604047775268555
3.8479442596435547
7.449317932128906
7.574554920196533
7.498044013977051
7.7856292724609375
8.813825607299805
6.837167739868164
5.82403564453125
9.886394500732422
9.202420234680176
1.5967214107513428
11.99550724029541
-5.9439826011657715
1.3843098878860474
11.541419982910156
4.465023517608643
2.3420913219451904
8.93991756439209
5.667592525482178
0.9573551416397095
5.017448425292969
7.468170166015625
14.11351203918457
-1.410426139831543
6.845703125
10.265822410583496
13.087096214294434
-2.3883960247039795
8.992776870727539
6.800975799560547
7.2320051193237305
10.883583068847656
10.980018615722656
7.059861660003662
6.167756080627441
10.84646987915039
6.767770290374756
8.816627502441406
23.078588485717773
5.328683853149414
9.836278915405273
6.801602363586426
2.5813095569610596
5.880301475524902
9.972599983215332
-0.30453428626060486
11.218510627746582
8.379220008850098
0.5774242877960205
7.589219570159912
12.523552894592285
10.488205909729004
0.8857136964797974
7.192273139953613
9.98647689819336
7.979636192321777
8.184293746948242
7.5709381103515625
0.8408286571502686
1.532345175743103
3.1821517944335938
10.697876930236816
10.30593490600586
10.144431114196777
7.155829429626465
6.947091579437256
1.820114254951477
5.414056777954102
11.791192054748535
7.900650501251221
5.587545394897461
2.1916942596435547
10.696537017822266
0.2681073546409607
6.858273506164551
13.314682006835938
11.833301544189453
7.03999662399292
-1.552628993988037
5.022015571594238
3.945399522781372
9.658227920532227
10.870670318603516
0.5663547515869141
14.437409400939941
9.320932388305664
10.971867561340332
14.176060676574707
11.83698558807373
1.403254747390747
4.388198375701904
4.5788469314575195
12.413471221923828
3.6158065795898438
8.013446807861328
11.495922088623047
1.7789589166641235
12.599589347839355
4.601397514343262
7.361514568328857
7.683486461639404
3.2013041973114014
14.718104362487793
3.631192445755005
7.118148326873779
5.623542308807373
6.448958873748779
8.631006240844727
13.771199226379395
6.396769046783447
0.8378363847732544
9.181634902954102
6.904397010803223
2.6634225845336914
10.537715911865234
9.733392715454102
5.320374965667725
7.913923740386963
16.68075942993164
8.174442291259766
0.903377890586853
-1.8593920469284058
0.10072717070579529
2.431236505508423
12.950940132141113
10.052608489990234
9.253146171569824
6.2031474113464355
7.765803813934326
3.5022170543670654
8.637164115905762
12.350615501403809
9.09776496887207
7.067158222198486
10.21534252166748
10.302605628967285
5.432984352111816
5.117353439331055
6.205538749694824
7.784045696258545
-1.1625946760177612
12.30140209197998
17.1779727935791
11.44252872467041
-3.8957338333129883
-8.229936599731445
11.94709587097168
6.172642230987549
7.471029758453369
9.730195999145508
4.2332234382629395
5.4873762130737305
3.23909330368042
10.631621360778809
1.063027024269104
7.0288262367248535
8.264923095703125
-1.2596940994262695
5.088883876800537
3.4139633178710938
9.340422630310059
1.8770875930786133
11.86111831665039
-0.8378374576568604
1.3596071004867554
4.732265472412109
6.643862724304199
12.228901863098145
9.359705924987793
9.69864559173584
5.599261283874512
-0.43786147236824036
3.409632444381714
10.195512771606445
9.851441383361816
7.554118633270264
9.936894416809082
9.537731170654297
10.051871299743652
4.223668575286865
7.2441816329956055
3.936943769454956
8.386101722717285
6.122311115264893
6.098745346069336
4.325143814086914
13.302166938781738
3.4147520065307617
8.00290298461914
8.201345443725586
4.656005382537842
2.7412333488464355
6.2128167152404785
8.61073112487793
0.8535237312316895
7.779877662658691
5.706139087677002
4.70548677444458
8.93054485321045
6.739696502685547
3.9370315074920654
13.6268310546875
6.12328577041626
11.263821601867676
10.100461959838867
-0.719240665435791
1.487826943397522
7.391512393951416
15.63383674621582
8.479325294494629
-2.93196439743042
5.960421562194824
10.588113784790039
1.03756582736969
6.970747947692871
0.5583710670471191
8.74970531463623
4.459856986999512
8.106606483459473
6.963634967803955
15.388293266296387
15.202169418334961
3.846492052078247
8.13978385925293
10.301714897155762
2.0529353618621826
4.905540466308594
6.83104944229126
11.39069652557373
8.906379699707031
2.1154673099517822
2.874537229537964
7.645449638366699
10.540661811828613
-2.7545764446258545
11.432502746582031
-5.262228012084961
7.3561530113220215
10.695813179016113
6.5350799560546875
8.836601257324219
6.554258823394775
10.582529067993164
4.987881183624268
7.615480422973633
6.011585235595703
8.74018383026123
3.3817083835601807
12.822211265563965
12.705432891845703
12.500653266906738
10.638566970825195
0.9764221906661987
9.703100204467773
10.246070861816406
5.301137924194336
6.4378838539123535
14.256579399108887
10.112305641174316
5.702400207519531
8.100961685180664
10.098679542541504
12.137412071228027
7.251492977142334
6.716065406799316
2.9881162643432617
9.624417304992676
7.939138412475586
4.483870983123779
2.747478723526001
-0.6488648056983948
9.781499862670898
5.878973484039307
10.068802833557129
8.997332572937012
5.737224578857422
13.04417610168457
11.464448928833008
6.97477388381958
8.4667387008667
5.652766227722168
2.2276649475097656
4.557526111602783
4.586485862731934
8.248255729675293
8.983095169067383
6.793585777282715
5.9608073234558105
3.4569718837738037
10.099685668945312
-0.004491059109568596
5.7974653244018555
2.4183385372161865
5.678979873657227
11.02112865447998
4.720163345336914
12.635821342468262
-1.6595603227615356
4.579624652862549
5.514951705932617
10.643877983093262
9.437480926513672
6.461682319641113
10.990885734558105
0.7286370396614075
7.930212020874023
-1.6785517930984497
8.064717292785645
13.536571502685547
11.92341136932373
4.330747604370117
4.675586700439453
13.505362510681152
16.339242935180664
1.837335467338562
4.845412731170654
4.920317649841309
3.2094979286193848
9.791257858276367
7.344593524932861
8.422106742858887
6.910787105560303
1.6129640340805054
6.853182792663574
3.9973673820495605
6.676834583282471
4.625237941741943
6.035319805145264
14.331354141235352
1.992640733718872
5.262485027313232
11.886969566345215
16.09605598449707
8.957826614379883
7.489072799682617
13.175887107849121
7.3724470138549805
13.121785163879395
1.421960473060608
10.55014705657959
15.454130172729492
11.109231948852539
8.888725280761719
7.451499938964844
14.288714408874512
2.2820751667022705
2.2887465953826904
9.734445571899414
4.0515851974487305
7.6571550369262695
6.397768497467041
6.946455478668213
10.877494812011719
9.03050422668457
3.879683017730713
3.043119192123413
7.13065242767334
5.607244491577148
7.867042541503906
5.45770788192749
8.24544906616211
4.554734230041504
8.723358154296875
7.275089263916016
7.734198570251465
3.1155455112457275
-0.7423363924026489
4.58057975769043
0.5842756032943726
8.144710540771484
8.325106620788574
10.281529426574707
5.56680154800415
4.954773426055908
10.400641441345215
-3.2433395385742188
9.924935340881348
9.988508224487305
3.92506742477417
0.513792872428894
5.047950267791748
5.220314979553223
12.861618995666504
3.708899736404419
8.747023582458496
3.901358127593994
7.1092848777771
11.945778846740723
8.822269439697266
9.985644340515137
5.456641674041748
4.0111589431762695
4.527087211608887
15.142017364501953
15.460689544677734
12.526769638061523
10.620169639587402
7.768994331359863
6.426801681518555
8.20047378540039
8.700627326965332
12.57047176361084
14.808418273925781
5.795385360717773
4.2694268226623535
3.5634706020355225
3.9629592895507812
12.444680213928223
8.406350135803223
7.682626724243164
5.0541510581970215
4.731427192687988
7.708749771118164
-0.21915343403816223
5.568405628204346
9.618404388427734
5.446417808532715
8.69780445098877
3.0242350101470947
7.198841094970703
5.036109924316406
5.3543806076049805
8.945000648498535
4.686648368835449
2.6987087726593018
-2.763382911682129
7.4795708656311035
6.16375732421875
12.600513458251953
11.465571403503418
10.928509712219238
-1.3177517652511597
10.121380805969238
6.688657760620117
4.571418285369873
2.2460567951202393
5.655675888061523
3.460772752761841
9.425506591796875
4.339240074157715
17.537059783935547
5.249285697937012
2.129730463027954
0.8382255434989929
6.29258918762207
15.62533187866211
0.9764172434806824
5.72740364074707
16.15078353881836
1.0776281356811523
7.688124656677246
13.0997896194458
7.3160529136657715
12.123418807983398
8.307315826416016
12.128708839416504
8.113348007202148
3.9433791637420654
2.2966465950012207
10.490340232849121
11.181410789489746
-0.9877475500106812
1.353908658027649
7.992392063140869
10.52457046508789
7.375629901885986
11.537357330322266
0.16834798455238342
1.0982050895690918
4.3865180015563965
9.71078109741211
0.5157214403152466
4.661824703216553
2.075075387954712
9.385737419128418
4.468377590179443
5.5605878829956055
4.9425740242004395
10.283990859985352
1.5044231414794922
4.358052730560303
14.93797492980957
4.995690822601318
7.651284694671631
5.130161285400391
13.609480857849121
8.587727546691895
3.7844042778015137
4.786921501159668
6.120957851409912
3.36438250541687
5.052231311798096
7.156054496765137
8.866724014282227
-4.796802520751953
11.437437057495117
9.84050464630127
5.425179481506348
11.569693565368652
1.7835826873779297
3.914740562438965
4.817868709564209
10.389998435974121
3.779392957687378
6.4029035568237305
11.601298332214355
5.884110927581787
10.924992561340332
4.908336639404297
4.282119274139404
10.678895950317383
10.498588562011719
4.919334411621094
8.775650024414062
12.271100044250488
2.242194414138794
3.792403221130371
2.9666948318481445
7.321380138397217
9.369719505310059
11.61450481414795
10.540132522583008
2.1414284706115723
4.203934192657471
4.015142917633057
8.347040176391602
10.521915435791016
10.190659523010254
3.4605329036712646
11.07130241394043
5.4632086753845215
0.33151113986968994
13.01586627960205
13.351859092712402
9.459671020507812
6.825448513031006
4.956472873687744
0.32483091950416565
15.556262016296387
7.160199165344238
8.145378112792969
11.216012954711914
6.70575475692749
11.05383014678955
9.467720985412598
4.83170747756958
5.260069370269775
3.2821829319000244
4.738544940948486
2.3486008644104004
15.15960693359375
9.656437873840332
8.627095222473145
5.236637592315674
6.60170316696167
10.632616996765137
-1.070034384727478
8.243627548217773
14.532464027404785
1.6842445135116577
11.769659996032715
3.761598587036133
5.7821221351623535
3.3785507678985596
11.674351692199707
2.622114896774292
12.959465980529785
1.9668360948562622
4.587856292724609
2.6934521198272705
7.179228782653809
7.213175296783447
13.18370246887207
3.757136344909668
6.6697258949279785
8.854086875915527
6.238672733306885
5.074141502380371
7.9545698165893555
10.439861297607422
2.333444118499756
8.585738182067871
8.664409637451172
5.233761787414551
7.367830276489258
4.052989482879639
4.202338218688965
4.959340572357178
6.963771343231201
20.00128173828125
13.389328956604004
6.333808898925781
7.619458198547363
5.469388484954834
13.516010284423828
10.388777732849121
3.6681442260742188
9.843771934509277
0.5477654337882996
3.309776544570923
7.3252339363098145
19.23823356628418
4.129724025726318
15.005401611328125
6.275987148284912
4.157068252563477
9.658515930175781
8.285957336425781
5.493337154388428
0.11816999316215515
5.820146083831787
8.583186149597168
10.131790161132812
8.999316215515137
9.313273429870605
9.486154556274414
10.17263412475586
10.27773666381836
9.797184944152832
4.737354278564453
2.8458008766174316
12.04338550567627
7.899918079376221
5.9009480476379395
7.596221446990967
5.585449695587158
12.933708190917969
5.840709209442139
-3.9547665119171143
6.70557975769043
4.896713733673096
1.0186406373977661
5.958673477172852
7.319039821624756
12.660901069641113
1.9459654092788696
7.015042781829834
13.361178398132324
8.647984504699707
5.491299152374268
12.133042335510254
10.881373405456543
0.5262411832809448
8.36447525024414
10.64201831817627
4.307437896728516
1.2108608484268188
13.38532543182373
8.698559761047363
2.4555001258850098
8.90540599822998
11.737781524658203
4.969098091125488
4.262434959411621
3.923020124435425
12.272829055786133
12.504695892333984
10.676884651184082
5.15268087387085
3.1075379848480225
7.2856245040893555
9.871964454650879
7.895590305328369
5.191042900085449
4.283491134643555
2.924091339111328
-2.493278980255127
4.714389324188232
3.8835623264312744
7.014630317687988
8.633792877197266
12.546368598937988
4.107461929321289
18.071645736694336
2.426358938217163
8.077563285827637
5.703423023223877
4.665853977203369
7.02286434173584
10.237166404724121
7.9423418045043945
14.101818084716797
6.343348979949951
11.32361888885498
6.400247097015381
-1.2657347917556763
5.016827583312988
10.228270530700684
4.641757965087891
8.564770698547363
6.572354316711426
6.089502811431885
4.948485374450684
8.13773250579834
4.74218225479126
1.9868988990783691
7.481663227081299
6.289667129516602
14.4127836227417
6.814274787902832
9.348904609680176
7.189180374145508
9.542972564697266
11.041304588317871
4.937945365905762
1.0101089477539062
5.061822891235352
4.232626914978027
8.753782272338867
-1.1660128831863403
6.371614456176758
10.739558219909668
7.451287269592285
9.562174797058105
4.29586935043335
11.899419784545898
9.387357711791992
0.40899625420570374
6.087172031402588
2.0631415843963623
7.793581485748291
11.797470092773438
3.106987714767456
4.489410400390625
7.320290565490723
10.420074462890625
11.013986587524414
14.014996528625488
11.721858978271484
6.8019609451293945
7.563479900360107
4.494678497314453
6.44457483291626
13.261103630065918
-2.2947781085968018
6.363574981689453
10.248422622680664
8.194700241088867
11.319594383239746
4.2151618003845215
7.728166580200195
9.66661548614502
2.0066277980804443
1.8290873765945435
4.196000576019287
15.327742576599121
20.490089416503906
11.295157432556152
0.9079638719558716
9.736568450927734
1.4911293983459473
6.641345977783203
12.837773323059082
2.970642328262329
5.273555755615234
8.220881462097168
12.134183883666992
4.746393203735352
12.29554271697998
0.3858383595943451
6.201742649078369
13.300092697143555
8.326874732971191
6.7238359451293945
11.783859252929688
10.8361234664917
7.289246082305908
13.190980911254883
4.333078861236572
2.9470040798187256
5.090536594390869
4.088706016540527
4.355103969573975
4.564415454864502
11.808534622192383
12.51919174194336
7.741168022155762
6.558498382568359
2.5071327686309814
2.3039772510528564
12.289290428161621
6.4717326164245605
17.365461349487305
5.385513782501221
15.820148468017578
7.117782115936279
12.764876365661621
-2.2244293689727783
-0.7499202489852905
5.509190082550049
4.015377044677734
10.87423038482666
2.6454217433929443
7.973663330078125
13.324267387390137
2.8908534049987793
15.112380027770996
4.161389350891113
12.246896743774414
4.225964069366455
13.844659805297852
5.110292434692383
2.272388219833374
8.919203758239746
-2.4395134449005127
11.144346237182617
11.591681480407715
8.609766960144043
7.595861434936523
9.142094612121582
5.5624518394470215
4.534611225128174
10.19322395324707
-2.0657613277435303
3.6997642517089844
8.641315460205078
9.191761016845703
3.2838923931121826
6.877920150756836
3.0391452312469482
4.4093475341796875
0.32098227739334106
1.0739068984985352
4.825913906097412
10.931523323059082
2.8421566486358643
3.586509943008423
5.599515438079834
9.625021934509277
7.902195930480957
13.3258638381958
0.29177817702293396
12.33193302154541
9.845844268798828
11.002228736877441
6.042318344116211
17.969390869140625
5.620479106903076
4.643507480621338
-2.0397300720214844
7.591469764709473
9.716444969177246
7.702000141143799
8.211377143859863
10.17731761932373
-0.2861020863056183
0.3336561620235443
5.2019243240356445
6.867919445037842
6.0042619705200195
8.853752136230469
6.706390380859375
7.476008892059326
4.894689559936523
7.45560359954834
4.78477668762207
12.08906364440918
11.292547225952148
4.4899773597717285
10.939963340759277
2.2344558238983154
9.886038780212402
8.396124839782715
10.192915916442871
5.016697406768799
5.262252330780029
8.390087127685547
18.49712371826172
18.18794059753418
2.1853888034820557
5.565008640289307
7.87899923324585
6.680215358734131
12.37265396118164
8.883085250854492
0.05502447858452797
-1.1619634628295898
-1.121708869934082
8.345951080322266
8.636329650878906
3.4002931118011475
7.849361419677734
7.560359001159668
5.849772930145264
12.132975578308105
7.831806659698486
4.281071662902832
7.404858589172363
6.121360778808594
7.278366565704346
1.8640830516815186
12.303004264831543
7.635643482208252
5.634174346923828
9.019397735595703
9.453045845031738
1.965693712234497
9.967630386352539
10.577741622924805
3.7892775535583496
2.330599069595337
8.387531280517578
2.7832753658294678
4.48371696472168
9.293745994567871
6.695732116699219
8.23155403137207
11.084731101989746
9.381490707397461
8.105428695678711
16.512603759765625
1.8154088258743286
8.80605411529541
9.115004539489746
12.912001609802246
9.472293853759766
9.64603328704834
9.226792335510254
9.254232406616211
8.398195266723633
8.954913139343262
3.293149709701538
13.86658763885498
11.579191207885742
11.192946434020996
12.534565925598145
8.069148063659668
5.707456111907959
0.3688308596611023
6.8390607833862305
4.698390007019043
10.421989440917969
9.82282543182373
7.151045799255371
3.0596299171447754
7.119960784912109
0.6342722177505493
-1.0489188432693481
6.643045425415039
14.386642456054688
13.016624450683594
10.735539436340332
6.6158223152160645
6.81976318359375
15.087574005126953
6.8558173179626465
4.004570960998535
12.940571784973145
4.174272537231445
5.391970634460449
5.458489418029785
21.511459350585938
6.514885902404785
2.435394525527954
9.922290802001953
3.150418281555176
1.4665637016296387
15.120564460754395
2.6789638996124268
-1.9444547891616821
4.196801662445068
-7.427485466003418
-11.80984115600586
-21.760540008544922
-20.60567855834961
-12.037940979003906
-14.428596496582031
-11.652255058288574
-15.173324584960938
-14.64186954498291
-15.098616600036621
-11.385639190673828
-8.01815128326416
-11.227551460266113
-15.64285659790039
-15.604096412658691
-25.309490203857422
-16.799846649169922
-17.22113037109375
-8.83887004852295
-15.578150749206543
-13.254725456237793
-12.907821655273438
-4.985187530517578
-21.715383529663086
-16.39241600036621
-15.228365898132324
-11.661073684692383
-14.48033618927002
-14.255171775817871
-7.853697299957275
-15.159059524536133
-21.167503356933594
-22.47389030456543
-13.560038566589355
-21.103044509887695
-11.974286079406738
-4.499133110046387
-10.001629829406738
-15.000079154968262
-7.74993896484375
-14.219705581665039
-19.02604103088379
-12.458272933959961
-13.187239646911621
-15.572696685791016
-13.883522987365723
-21.30033302307129
-14.357773780822754
-11.347537994384766
-10.08209228515625
-18.427839279174805
-14.924575805664062
-14.451498985290527
-1.004952311515808
-18.90895652770996
-17.86330795288086
-9.430198669433594
-21.913816452026367
-20.440587997436523
-14.619958877563477
-17.517192840576172
-11.001867294311523
-14.327348709106445
-9.138883590698242
-11.262980461120605
-6.126419544219971
-6.612590789794922
-21.111587524414062
-17.400636672973633
-12.535920143127441
-8.80151653289795
-18.138856887817383
-10.9050931930542
-27.96561050415039
-13.556386947631836
-14.59643840789795
-22.90697479248047
-9.84241008758545
-10.133005142211914
-19.78205680847168
-21.548776626586914
-15.750632286071777
-9.217672348022461
-9.726218223571777
-9.79146957397461
-11.973791122436523
-16.556640625
-16.687244415283203
-15.151097297668457
-19.10745620727539
-11.305877685546875
-19.0233211517334
-15.544819831848145
-20.989164352416992
-16.40004539489746
-10.797191619873047
-16.603946685791016
-13.134957313537598
-10.353312492370605
-22.248212814331055
-16.39516830444336
-11.212454795837402
-20.915311813354492
-11.348877906799316
-17.186635971069336
-18.772804260253906
-3.377570867538452
-15.07835578918457
-12.183109283447266
-14.726312637329102
-13.285049438476562
-13.760699272155762
-19.49003791809082
-12.95301342010498
-11.370059967041016
-15.143239974975586
-15.51891803741455
-14.388737678527832
-13.70357894897461
-18.812305450439453
-22.04054069519043
-11.210677146911621
-22.305362701416016
-6.014464855194092
-14.618785858154297
-18.393817901611328
-14.544571876525879
-17.323579788208008
-17.772306442260742
-19.105873107910156
-15.380651473999023
-14.356746673583984
-18.92009925842285
-17.54537582397461
-20.549427032470703
-18.5050106048584
-9.927803993225098
-19.06298828125
-20.531265258789062
-17.715007781982422
-10.196850776672363
-10.050750732421875
-7.002383232116699
-6.235471725463867
-19.601049423217773
-14.11072826385498
-11.483006477355957
-23.05744743347168
-23.11149787902832
-19.052629470825195
-23.595685958862305
-20.224132537841797
-29.417274475097656
-16.906984329223633
-14.714221954345703
-16.01020050048828
-23.65965461730957
-13.206221580505371
-17.184358596801758
-15.65688705444336
-11.499502182006836
-21.25020980834961
-19.232084274291992
-11.503805160522461
-19.11513900756836
-15.367488861083984
-9.800312995910645
-23.368511199951172
-19.76512908935547
-14.06396484375
-10.00912857055664
-15.118203163146973
-14.762301445007324
-17.5732421875
-13.19907283782959
-8.465617179870605
-14.375510215759277
-20.95008659362793
-11.186872482299805
-18.472867965698242
-16.855680465698242
-13.335185050964355
-17.688066482543945
-4.204044818878174
-12.23012638092041
-14.550910949707031
-13.2197904586792
-24.0871639251709
-15.913681030273438
-14.991059303283691
-19.582578659057617
-15.761970520019531
-14.242679595947266
-16.638235092163086
-19.93950653076172
-16.838218688964844
-7.975058555603027
-10.883265495300293
-10.876917839050293
-15.048893928527832
-4.51564359664917
-13.107112884521484
-13.087921142578125
-18.765228271484375
-11.322729110717773
-14.789015769958496
-10.716148376464844
-13.28770923614502
-23.47243881225586
-24.774526596069336
-7.131114482879639
-27.202653884887695
-18.39832305908203
-11.62070369720459
-17.477693557739258
-12.693346977233887
-8.768961906433105
-8.588029861450195
-12.335179328918457
-6.92650842666626
-15.837738990783691
-13.808448791503906
-16.485212326049805
-14.757433891296387
-16.170488357543945
-21.86524772644043
-17.324064254760742
-16.656124114990234
-21.06612205505371
-7.741833686828613
-21.178300857543945
-18.88169288635254
-10.49929141998291
-22.185836791992188
-15.458362579345703
-15.926803588867188
-11.919900894165039
-15.342520713806152
-20.459627151489258
-10.89478588104248
-19.986413955688477
-15.310201644897461
-17.002410888671875
-19.04029083251953
-13.225590705871582
-15.82275676727295
-18.18889808654785
-13.712376594543457
-13.699357032775879
-8.65571403503418
-16.95263671875
-21.711017608642578
-10.60183048248291
-12.79360580444336
-17.568302154541016
-20.895402908325195
-23.6185245513916
-20.78679656982422
-18.04648780822754
-9.064600944519043
-10.621617317199707
-7.38895845413208
-23.331790924072266
-16.60835075378418
-21.18787956237793
-16.94512367248535
-15.617568969726562
-25.985366821289062
-15.95995807647705
-26.154207229614258
-16.707218170166016
-24.151212692260742
-20.065475463867188
-18.791576385498047
-13.076216697692871
-13.258657455444336
-16.6612491607666
-22.3885440826416
-5.533990383148193
-13.483832359313965
-17.226421356201172
-11.847326278686523
-12.902294158935547
-19.597028732299805
-18.505735397338867
-17.562023162841797
-12.492853164672852
-7.517049312591553
-9.677173614501953
-6.625333309173584
-9.980064392089844
-16.632434844970703
-14.326249122619629
-16.216543197631836
-21.79846954345703
-12.30410099029541
-15.057563781738281
-12.19670581817627
-25.79593849182129
-10.1725435256958
-4.875857353210449
-22.652843475341797
-12.219283103942871
-14.014520645141602
-11.000094413757324
-5.205854415893555
-17.70362663269043
-13.283198356628418
-25.476451873779297
-14.546406745910645
-14.099863052368164
-12.166608810424805
-22.283021926879883
-14.188680648803711
-22.500347137451172
-14.765527725219727
-15.301825523376465
-24.62027931213379
-8.04632568359375
-14.223705291748047
-26.577796936035156
-20.54804229736328
-20.325239181518555
-15.114846229553223
-21.476272583007812
-12.469756126403809
-17.35099983215332
-12.122586250305176
-16.00169563293457
-8.687834739685059
-10.1139554977417
-4.3368306159973145
-21.671213150024414
-5.6803297996521
-9.427119255065918
-15.710824012756348
-5.849689960479736
-22.86069679260254
-20.41341209411621
-15.283141136169434
-18.09014892578125
-21.58349609375
-19.133331298828125
-13.137618064880371
-12.438011169433594
-19.1960391998291
-14.0986909866333
-28.26850700378418
-17.02797508239746
-14.618597984313965
-17.400110244750977
-15.27857494354248
-15.092891693115234
-10.745787620544434
-16.73466682434082
-10.26429557800293
-20.20854377746582
-11.895133972167969
-25.736509323120117
-17.368934631347656
-8.19844913482666
-14.041176795959473
-17.425880432128906
-20.592321395874023
-13.989100456237793
-14.117329597473145
-14.37689208984375
-20.352813720703125
-20.09062385559082
-14.924785614013672
-13.896252632141113
-15.30318546295166
-17.732891082763672
-12.705260276794434
-10.289722442626953
-18.638877868652344
-20.92192268371582
-20.242149353027344
-13.153486251831055
-27.939165115356445
-20.61884307861328
-6.921945095062256
-16.864233016967773
-18.181232452392578
-18.92456817626953
-17.65143394470215
-9.953887939453125
-19.120197296142578
-23.813491821289062
-13.819504737854004
-16.562135696411133
-17.463191986083984
-10.351692199707031
-15.46468448638916
-14.447206497192383
-16.66253089904785
-14.556085586547852
-21.312742233276367
-19.931888580322266
-25.504562377929688
-5.75408411026001
-13.215484619140625
-16.00016212463379
-19.742904663085938
-9.094437599182129
-21.644527435302734
-11.281734466552734
-19.50550651550293
-14.631824493408203
-21.580276489257812
-17.80362892150879
-9.886027336120605
-20.926307678222656
-13.316229820251465
-17.91972541809082
-15.643595695495605
-13.92112922668457
-17.041622161865234
-14.495454788208008
-18.37652587890625
-17.610689163208008
-26.430767059326172
-14.142718315124512
-18.380891799926758
-7.54234504699707
-12.706720352172852
-17.633256912231445
-11.201061248779297
-16.384145736694336
-20.924617767333984
-13.37343692779541
-12.247330665588379
-14.195840835571289
-22.068265914916992
-12.410623550415039
-20.61240005493164
-20.022321701049805
-17.90113639831543
-16.96237564086914
-15.004411697387695
-17.674509048461914
-13.930456161499023
-9.618300437927246
-17.85287857055664
-8.163517951965332
-12.551870346069336
-9.934220314025879
-15.163369178771973
-16.13412094116211
-17.173503875732422
-17.263343811035156
-14.649816513061523
-15.598004341125488
-15.188237190246582
-17.118366241455078
-15.512097358703613
-16.365236282348633
-20.76613426208496
-16.273805618286133
-13.314854621887207
-15.035655975341797
-9.99993896484375
-21.595529556274414
-17.576684951782227
-13.659303665161133
-15.133893013000488
-11.972771644592285
-7.353370189666748
-18.111892700195312
-19.39800453186035
-10.125419616699219
-22.082080841064453
-14.232525825500488
-7.715389251708984
-13.69626235961914
-6.683178901672363
-15.127663612365723
-17.304031372070312
-26.069805145263672
-19.4207820892334
-26.109296798706055
-14.196417808532715
-11.327150344848633
-21.641918182373047
-18.65546417236328
-19.12470817565918
-20.530136108398438
-9.759305000305176
-15.121451377868652
-17.228246688842773
-15.22321891784668
-14.656841278076172
-18.670698165893555
-19.83832359313965
-15.448145866394043
-10.844308853149414
-12.412522315979004
-15.948293685913086
-22.954309463500977
-13.043170928955078
-15.329254150390625
-4.614822864532471
-17.509187698364258
-19.538816452026367
-15.637412071228027
-0.6846290230751038
-24.180253982543945
-17.1270694732666
-13.137979507446289
-16.988218307495117
-14.279404640197754
-20.186662673950195
-13.524949073791504
-5.712384223937988
-15.590404510498047
-16.227951049804688
-13.148046493530273
-10.780217170715332
-3.63814640045166
-23.300390243530273
-11.558672904968262
-16.722942352294922
-19.873157501220703
-16.874000549316406
-10.633926391601562
-19.016956329345703
-11.60400676727295
-33.295101165771484
-8.828426361083984
-10.301924705505371
-11.436753273010254
-16.5427303314209
-8.11596393585205
-12.836945533752441
-21.428754806518555
-12.709871292114258
-7.007072925567627
-21.059337615966797
-22.3295841217041
-11.902816772460938
-16.662755966186523
-12.31080150604248
0.33417585492134094
-11.917572021484375
-8.96837043762207
-12.607479095458984
-8.194700241088867
-14.246102333068848
-20.388973236083984
-12.81929874420166
-8.127967834472656
-11.299826622009277
-14.296494483947754
-14.86391544342041
-15.663812637329102
-14.44281005859375
-20.549875259399414
-21.351211547851562
-18.074363708496094
-9.383146286010742
-5.832055568695068
-13.96086311340332
-11.001924514770508
-20.590686798095703
-18.45474624633789
-15.455540657043457
-18.451019287109375
-13.610050201416016
-24.78508758544922
-17.975982666015625
-8.828742027282715
-15.78564453125
-4.570298194885254
-18.027467727661133
-13.527867317199707
-16.926124572753906
-16.23137664794922
-11.369058609008789
-14.901495933532715
-18.354019165039062
-21.098745346069336
-13.429277420043945
-13.157235145568848
-21.290983200073242
-5.441099643707275
-11.640095710754395
-10.184016227722168
-17.152034759521484
-20.450729370117188
-30.299543380737305
-17.48301124572754
-17.285625457763672
-16.002487182617188
-8.930232048034668
-3.819920539855957
-12.36867618560791
-17.00365447998047
-10.131227493286133
-11.848039627075195
-10.767147064208984
-15.670807838439941
-8.149681091308594
-10.568079948425293
-18.15908432006836
-19.73159408569336
-11.651041984558105
-15.38265323638916
-15.439255714416504
-13.284810066223145
-16.110857009887695
-14.342063903808594
-16.07265853881836
-12.442012786865234
-19.55490493774414
-14.778726577758789
-16.679283142089844
-24.254344940185547
-17.68120002746582
-18.60739517211914
-13.419087409973145
-23.40920066833496
-14.092761039733887
-16.197948455810547
-7.478967189788818
-13.24308967590332
-13.024102210998535
-14.29516315460205
-22.9255313873291
-23.515541076660156
-10.707476615905762
-17.735689163208008
-16.52952766418457
-21.98082733154297
-12.205018043518066
-19.358652114868164
-21.92023468017578
-18.16560173034668
-10.718962669372559
-11.875075340270996
-16.90147590637207
-13.1044340133667
-11.481721878051758
-11.259862899780273
-11.024354934692383
-13.675032615661621
-13.450207710266113
-19.603252410888672
-14.19188404083252
-17.83822250366211
-14.081376075744629
-17.852781295776367
-20.231971740722656
-8.888205528259277
-18.08753776550293
-13.259346961975098
-18.815935134887695
-18.401371002197266
-10.440641403198242
-15.910318374633789
-11.063158988952637
-15.354140281677246
-14.741022109985352
-9.907388687133789
-19.007343292236328
-20.827407836914062
-11.303972244262695
-20.414844512939453
-17.41291618347168
-22.13923454284668
-19.689958572387695
-11.511706352233887
-17.539203643798828
-18.34322166442871
-13.648838996887207
-16.325021743774414
-21.816051483154297
-11.494841575622559
-22.826946258544922
-12.890182495117188
-9.672771453857422
-11.827181816101074
-11.964117050170898
-13.85282039642334
-14.5410737991333
-10.101234436035156
-11.19672966003418
-19.71407127380371
-18.590166091918945
-23.375118255615234
-10.90152645111084
-15.50125789642334
-19.102558135986328
-16.218215942382812
-19.03903579711914
-10.806215286254883
-12.409355163574219
-8.807356834411621
-19.982372283935547
-13.701992988586426
-18.767009735107422
-17.989547729492188
-16.659936904907227
-16.382326126098633
-15.170059204101562
-10.849825859069824
-15.774727821350098
-13.137149810791016
-6.560069561004639
-15.45984935760498
-13.542471885681152
-13.154443740844727
-12.625985145568848
-10.79821491241455
-14.685629844665527
-18.247304916381836
-14.606359481811523
-16.14640235900879
-16.31184196472168
-11.561500549316406
-17.836702346801758
-9.328530311584473
-11.947842597961426
-13.793952941894531
-8.545836448669434
-10.224980354309082
-14.925871849060059
-8.56140422821045
-13.354475975036621
-11.196578979492188
-13.476818084716797
-8.758780479431152
-20.02301788330078
-10.191128730773926
-12.507816314697266
-22.774995803833008
-13.752459526062012
-12.315394401550293
-15.337636947631836
-9.66663932800293
-12.144561767578125
-10.546063423156738
-27.39472770690918
-17.67093849182129
-13.360878944396973
-9.7832670211792
-15.051015853881836
-13.760339736938477
-13.25594425201416
-13.092748641967773
-16.724040985107422
-8.795654296875
-16.860292434692383
-14.28580093383789
-11.927289009094238
-7.9192214012146
-12.648000717163086
-8.30656623840332
-13.829384803771973
-14.60234260559082
-10.493095397949219
-9.840876579284668
-3.4973504543304443
-15.50500202178955
-17.80180549621582
-18.664661407470703
-13.276671409606934
-13.14834213256836
-16.360729217529297
-15.938207626342773
-11.657638549804688
-13.601326942443848
-13.828472137451172
-20.700876235961914
-17.371129989624023
-14.035505294799805
-16.930816650390625
-11.986712455749512
-12.49666690826416
-16.64990234375
-25.75841522216797
-16.097728729248047
-24.635257720947266
-12.56999683380127
-12.225935935974121
-6.945557594299316
-12.346590042114258
-9.939159393310547
-17.146913528442383
-19.30266761779785
-15.772343635559082
-17.50554847717285
-12.866153717041016
-30.81241798400879
-15.414502143859863
-13.25645923614502
-12.69861125946045
-16.66510772705078
-19.33399200439453
-1.878288984298706
-10.56200885772705
-10.88070297241211
-19.351055145263672
-21.519521713256836
-11.360459327697754
-11.068620681762695
-9.377018928527832
-17.57555389404297
-12.384081840515137
-10.324986457824707
-11.815834999084473
-14.624385833740234
-13.071564674377441
-19.753482818603516
-13.255143165588379
-16.12849998474121
-9.037666320800781
-10.04929256439209
-9.591300964355469
-19.351511001586914
-16.810945510864258
-20.75193977355957
-9.805843353271484
-14.489951133728027
-12.085206031799316
-14.176641464233398
-15.648926734924316
-17.740360260009766
-14.520888328552246
-8.900091171264648
-19.730600357055664
-24.523561477661133
-13.585394859313965
-12.348536491394043
-20.4829158782959
-23.593568801879883
-16.177053451538086
-16.64828109741211
-10.164992332458496
-21.82505989074707
-14.836836814880371
-12.02279281616211
-13.894998550415039
-8.029857635498047
-14.641081809997559
-12.784588813781738
-11.880939483642578
-17.409719467163086
-18.680761337280273
-21.29271125793457
-23.489084243774414
-13.939571380615234
-15.673233032226562
-23.6396427154541
-13.263952255249023
-15.079781532287598
-13.362201690673828
-16.709251403808594
-13.730457305908203
-21.653827667236328
-23.31019401550293
-7.2243242263793945
-17.911312103271484
-17.343027114868164
-11.14033317565918
-20.025327682495117
-12.171159744262695
-13.635601043701172
-9.795368194580078
-13.322149276733398
-11.333771705627441
-13.032914161682129
-5.71369743347168
-16.03404426574707
-7.196709632873535
-9.051156044006348
-17.230493545532227
-14.65109634399414
-17.262353897094727
-13.810002326965332
-15.520174980163574
-17.64015007019043
-11.171046257019043
-17.148813247680664
-18.840023040771484
-15.37991714477539
-12.496356010437012
-12.259414672851562
-21.04933738708496
-17.200407028198242
-16.245107650756836
-13.138526916503906
-12.204618453979492
-14.796357154846191
-18.914392471313477
-18.804725646972656
-15.052743911743164
-7.1720075607299805
-21.336162567138672
-13.983386039733887
-17.119342803955078
-15.735149383544922
-7.03980827331543
-19.771310806274414
-15.024463653564453
-13.590264320373535
-15.496869087219238
-16.415075302124023
-4.352161407470703
-21.08258628845215
-14.754773139953613
-16.583057403564453
-17.081396102905273
-8.65500259399414
-12.212864875793457
-16.211654663085938
-22.479265213012695
-12.985158920288086
-8.794937133789062
-19.98155975341797
-10.415921211242676
-13.837064743041992
-12.056238174438477
-13.974386215209961
-10.773685455322266
-15.402851104736328
-18.9262638092041
-14.465056419372559
-7.984389305114746
-13.295817375183105
-17.43817138671875
-17.67462730407715
-19.163774490356445
-20.449676513671875
-18.131662368774414
-12.817612648010254
-15.5029296875
-13.679814338684082
-21.483230590820312
-19.113821029663086
-11.869319915771484
-15.530672073364258
-5.557669639587402
-13.087428092956543
-16.301321029663086
-10.377399444580078
-14.415627479553223
-17.778133392333984
-6.398056507110596
-14.938821792602539
-12.463240623474121
-18.73405647277832
-19.510723114013672
-7.023672580718994
-15.157881736755371
-14.803979873657227
-3.9728119373321533
-6.993630886077881
-11.29554557800293
-14.530789375305176
-14.04372501373291
-13.533902168273926
-19.845266342163086
-11.380638122558594
-15.420812606811523
-17.178573608398438
-7.955197334289551
-17.27521324157715
-14.32339096069336
-14.179481506347656
-18.232315063476562
-15.677790641784668
-15.670379638671875
-8.54696273803711
-9.669122695922852
-16.349084854125977
-18.245784759521484
-12.361128807067871
-6.3650336265563965
-18.257713317871094
-8.70975399017334
-12.784187316894531
-10.141084671020508
-9.776012420654297
-12.99333381652832
-8.67102336883545
-19.68467903137207
-12.051447868347168
-14.44722843170166
-12.685242652893066
-8.010354995727539
-12.576359748840332
-10.657347679138184
-18.249113082885742
-12.145649909973145
-14.538837432861328
-14.397004127502441
-11.937928199768066
-16.73863983154297
-14.217781066894531
-12.74053955078125
