17.002779006958008
13.149378776550293
19.086463928222656
18.059459686279297
14.457411766052246
19.01150131225586
19.852312088012695
17.540136337280273
14.09896183013916
19.93836212158203
16.814159393310547
18.25992774963379
20.371070861816406
11.816961288452148
18.037229537963867
17.662822723388672
15.876431465148926
17.47196388244629
17.866085052490234
17.225372314453125
9.042365074157715
17.29151725769043
18.002004623413086
16.997798919677734
19.791418075561523
17.191452026367188
9.780591011047363
20.240341186523438
11.948058128356934
17.566635131835938
20.410839080810547
8.911565780639648
8.305190086364746
16.883081436157227
18.48548698425293
18.26999855041504
19.76105499267578
16.54250717163086
17.153369903564453
15.805397987365723
7.462693691253662
19.159191131591797
17.440935134887695
21.001068115234375
11.132538795471191
13.585335731506348
11.634812355041504
18.770736694335938
21.04481315612793
10.777633666992188
21.038936614990234
20.156734466552734
20.424457550048828
20.546733856201172
16.258182525634766
17.288768768310547
14.284738540649414
11.388486862182617
20.29068946838379
10.716207504272461
15.597684860229492
18.12631607055664
14.463679313659668
16.87892723083496
13.152481079101562
17.478878021240234
19.333532333374023
19.64589500427246
16.57954216003418
19.61929702758789
18.46175765991211
18.678194046020508
15.268564224243164
16.191387176513672
15.763596534729004
17.142662048339844
18.8269100189209
11.968894958496094
18.324800491333008
6.4946818351745605
16.892087936401367
16.178340911865234
17.938217163085938
17.319026947021484
8.583256721496582
16.73310089111328
12.235538482666016
18.392356872558594
18.458269119262695
15.691728591918945
14.610681533813477
16.528457641601562
15.379714012145996
19.50497817993164
22.14017105102539
18.552642822265625
11.367085456848145
19.675003051757812
7.769718170166016
12.165240287780762
15.70356273651123
18.78662872314453
14.756194114685059
7.104312896728516
17.4439640045166
20.711612701416016
7.010426998138428
20.603153228759766
17.915782928466797
16.405216217041016
17.833040237426758
11.525388717651367
17.391542434692383
16.739343643188477
20.57276153564453
15.187417030334473
17.392053604125977
17.146404266357422
20.47469711303711
16.69942855834961
17.053226470947266
12.122037887573242
16.088088989257812
9.963438987731934
15.648707389831543
13.277832984924316
16.797590255737305
14.984854698181152
15.452791213989258
20.463233947753906
14.88851547241211
14.451889991760254
18.29119873046875
18.2719783782959
15.016738891601562
11.757060050964355
9.529243469238281
16.081409454345703
8.990544319152832
18.841474533081055
19.194965362548828
11.743453979492188
12.930617332458496
20.13861846923828
16.7066593170166
13.634538650512695
18.375619888305664
13.837628364562988
17.370752334594727
14.601336479187012
12.5652437210083
13.035212516784668
16.055139541625977
15.697681427001953
18.68842124938965
17.160200119018555
19.206893920898438
14.023568153381348
17.55683708190918
21.13220977783203
16.43631362915039
16.474180221557617
14.567414283752441
19.905805587768555
17.572162628173828
18.40337562561035
18.439058303833008
19.71795082092285
17.1162109375
12.452512741088867
11.39169692993164
11.694911003112793
10.548005104064941
17.022411346435547
21.82413101196289
11.119307518005371
18.81689453125
17.618480682373047
20.772403717041016
18.16136932373047
13.590330123901367
12.619563102722168
13.564900398254395
15.906983375549316
13.681275367736816
18.149757385253906
14.233002662658691
14.041251182556152
16.240510940551758
14.493396759033203
17.637453079223633
20.570566177368164
15.979573249816895
16.083702087402344
18.279294967651367
20.77440071105957
17.526453018188477
18.999250411987305
20.382104873657227
20.75438117980957
16.193124771118164
13.971636772155762
13.600578308105469
14.279862403869629
17.801532745361328
20.109588623046875
17.901002883911133
14.594622611999512
7.157950401306152
19.774688720703125
15.671792984008789
17.798511505126953
18.62002182006836
18.994070053100586
19.82162094116211
14.438307762145996
14.463650703430176
13.345452308654785
16.5513973236084
15.382617950439453
12.681376457214355
16.14713478088379
13.170553207397461
7.975031852722168
16.383342742919922
16.379297256469727
3.8449840545654297
13.273605346679688
20.44711685180664
16.28960418701172
15.371956825256348
20.899723052978516
19.174659729003906
21.419979095458984
18.042709350585938
16.523447036743164
17.64168930053711
18.444629669189453
13.09312629699707
18.535911560058594
17.860797882080078
19.989295959472656
18.164268493652344
16.97333335876465
13.609039306640625
12.356096267700195
14.979655265808105
14.578351974487305
15.527344703674316
14.814626693725586
15.815653800964355
17.017047882080078
8.66727066040039
14.785305976867676
19.492023468017578
14.485201835632324
15.487853050231934
18.661075592041016
17.122406005859375
20.917360305786133
16.505800247192383
20.974891662597656
15.22332763671875
20.327037811279297
17.63400650024414
16.58007049560547
13.544840812683105
13.378849029541016
13.674560546875
18.697473526000977
19.910661697387695
20.93428611755371
11.06177043914795
13.859551429748535
17.746997833251953
7.670311450958252
14.438409805297852
11.374905586242676
18.225923538208008
13.895045280456543
11.26038646697998
18.632789611816406
15.131352424621582
12.195195198059082
13.781137466430664
16.167543411254883
16.73758888244629
16.770240783691406
12.92726993560791
18.7457332611084
14.964886665344238
18.862651824951172
21.032072067260742
19.09454345703125
16.824125289916992
5.778147220611572
17.48605728149414
18.39645004272461
13.121689796447754
10.03448486328125
15.869168281555176
21.24671173095703
20.789955139160156
12.382597923278809
16.77341651916504
20.027976989746094
13.901848793029785
13.714865684509277
16.713438034057617
19.037487030029297
10.617613792419434
7.927725791931152
17.930683135986328
19.868547439575195
18.419517517089844
16.372207641601562
16.766998291015625
19.34044647216797
11.486493110656738
18.61813735961914
18.458887100219727
17.954917907714844
18.026742935180664
16.963624954223633
16.059268951416016
17.27991485595703
17.906356811523438
20.684520721435547
19.771692276000977
19.859756469726562
9.719956398010254
16.308504104614258
16.075899124145508
17.38681411743164
10.882431983947754
13.595017433166504
14.780823707580566
15.076882362365723
19.950700759887695
17.81821060180664
18.06617546081543
19.084836959838867
20.281421661376953
8.589831352233887
22.48023796081543
16.249345779418945
19.70391845703125
8.307055473327637
21.711334228515625
19.503740310668945
15.443921089172363
11.907007217407227
16.153064727783203
17.311595916748047
18.829843521118164
12.545526504516602
17.595989227294922
19.518733978271484
16.160837173461914
18.0955867767334
19.412851333618164
18.226350784301758
14.251025199890137
18.273937225341797
16.07801055908203
18.865121841430664
11.13554573059082
17.597801208496094
6.070127964019775
12.514679908752441
11.444652557373047
18.133634567260742
19.946260452270508
15.941717147827148
2.6504201889038086
7.869614124298096
13.002890586853027
14.599867820739746
18.482646942138672
17.572410583496094
19.612716674804688
20.024635314941406
14.904195785522461
19.27263069152832
16.179014205932617
16.28093910217285
19.767377853393555
13.24101734161377
12.321640014648438
15.524255752563477
15.76028060913086
16.216833114624023
16.256446838378906
2.6176083087921143
17.873144149780273
19.933940887451172
19.808853149414062
14.666585922241211
13.513263702392578
14.280566215515137
20.798673629760742
20.707822799682617
14.750645637512207
8.828644752502441
16.190444946289062
11.350659370422363
20.309537887573242
10.256695747375488
18.85519027709961
18.029157638549805
15.800047874450684
21.579376220703125
18.044334411621094
15.843391418457031
15.777984619140625
19.530359268188477
6.875097274780273
11.36959171295166
15.590577125549316
16.500036239624023
-0.9072449803352356
14.634904861450195
20.828943252563477
14.488548278808594
19.810495376586914
3.555643081665039
19.35050392150879
17.533477783203125
18.958436965942383
18.078784942626953
16.069625854492188
10.83427906036377
17.60236167907715
12.657708168029785
19.313142776489258
12.966080665588379
14.325287818908691
13.185879707336426
20.539257049560547
16.86524772644043
17.969966888427734
2.8614137172698975
17.182666778564453
14.739420890808105
14.584273338317871
15.026515007019043
16.271242141723633
18.242088317871094
20.385021209716797
9.410033226013184
16.653987884521484
20.25301170349121
15.51715087890625
17.506244659423828
16.7985782623291
15.588141441345215
6.9509596824646
6.991509437561035
15.210931777954102
13.204026222229004
10.219813346862793
19.753231048583984
19.01419448852539
16.059467315673828
4.025081634521484
20.52491569519043
14.263099670410156
13.130590438842773
17.766754150390625
21.876073837280273
17.816526412963867
20.017473220825195
17.256567001342773
19.119285583496094
19.392658233642578
17.97317886352539
20.532974243164062
18.505159378051758
14.379433631896973
11.103822708129883
21.326522827148438
18.09456443786621
17.554962158203125
11.149457931518555
12.89733600616455
15.49742603302002
21.248729705810547
21.023630142211914
16.930635452270508
9.496393203735352
19.197525024414062
16.744518280029297
6.300515651702881
14.735511779785156
16.036867141723633
16.982284545898438
15.835332870483398
21.423965454101562
15.276972770690918
15.768662452697754
11.82375431060791
19.026134490966797
17.207740783691406
16.43669891357422
17.876665115356445
15.116971015930176
15.818292617797852
15.664806365966797
14.462918281555176
13.539466857910156
15.354159355163574
19.29071807861328
12.340702056884766
12.840970039367676
17.465730667114258
19.783702850341797
10.634278297424316
20.4289493560791
18.248926162719727
17.027843475341797
20.199682235717773
9.76662540435791
20.540544509887695
12.515506744384766
15.345951080322266
18.31230354309082
18.603172302246094
18.308788299560547
21.135578155517578
14.558826446533203
1.1704450845718384
19.383089065551758
18.666927337646484
19.333282470703125
12.250197410583496
19.35076141357422
14.001914978027344
19.785011291503906
15.472996711730957
16.554906845092773
12.979345321655273
12.927258491516113
12.335524559020996
19.519472122192383
16.235824584960938
17.950925827026367
11.206721305847168
20.862918853759766
16.3614501953125
19.74246597290039
16.01980972290039
19.735267639160156
20.219661712646484
19.335445404052734
13.261849403381348
17.4213809967041
17.687936782836914
15.067811012268066
13.479622840881348
14.452086448669434
20.178749084472656
15.427308082580566
16.109350204467773
18.29388427734375
18.395675659179688
16.99264144897461
16.109804153442383
19.297121047973633
15.210677146911621
16.143003463745117
13.49039363861084
15.335235595703125
16.01969337463379
18.185667037963867
17.715078353881836
18.20242691040039
20.6456241607666
18.808452606201172
19.27418327331543
17.089019775390625
16.452632904052734
19.46788215637207
17.600557327270508
18.305192947387695
8.293980598449707
18.588504791259766
18.3533992767334
-0.2522295415401459
16.316499710083008
14.604083061218262
21.04838752746582
11.069426536560059
15.248665809631348
19.50297737121582
21.030126571655273
16.779624938964844
15.159564971923828
16.116817474365234
19.665102005004883
12.446338653564453
20.740686416625977
17.31896209716797
16.73355484008789
9.268248558044434
19.511831283569336
13.761160850524902
18.795774459838867
17.411399841308594
16.053903579711914
18.455883026123047
21.628414154052734
14.079806327819824
14.761225700378418
19.239286422729492
19.87255096435547
12.35063648223877
17.298978805541992
18.232526779174805
13.684295654296875
19.746366500854492
17.337039947509766
18.606117248535156
15.508295059204102
19.958518981933594
17.725738525390625
13.894190788269043
21.560142517089844
17.82353973388672
19.085786819458008
16.407238006591797
20.57292366027832
-0.27399852871894836
15.501639366149902
16.04433822631836
12.478774070739746
19.894550323486328
14.381422996520996
19.801685333251953
14.96921443939209
15.66008186340332
14.723275184631348
14.69963550567627
5.256603240966797
14.504511833190918
14.79877758026123
16.809377670288086
15.533225059509277
18.326053619384766
17.344228744506836
16.106605529785156
20.539194107055664
18.90591049194336
18.940006256103516
9.872201919555664
15.811604499816895
13.658242225646973
20.27507972717285
15.470173835754395
14.757664680480957
18.99256134033203
16.16741371154785
14.863457679748535
15.715961456298828
15.812039375305176
15.685818672180176
17.64665412902832
16.66861915588379
14.556026458740234
18.029972076416016
16.703275680541992
16.647676467895508
14.826201438903809
14.992720603942871
18.442026138305664
13.320935249328613
18.636859893798828
12.598479270935059
12.768037796020508
14.899231910705566
16.75496482849121
16.855100631713867
14.475752830505371
20.74561309814453
13.214052200317383
15.820942878723145
17.755603790283203
14.750956535339355
20.083498001098633
16.833492279052734
16.919208526611328
18.004859924316406
18.041730880737305
19.022151947021484
17.39071273803711
6.116578578948975
17.860567092895508
21.802627563476562
12.510767936706543
20.402544021606445
21.15925407409668
17.229896545410156
16.70221519470215
19.794647216796875
9.548609733581543
11.892704963684082
11.913208961486816
11.658658981323242
9.982732772827148
15.092865943908691
13.225080490112305
19.416542053222656
20.826173782348633
22.005207061767578
20.159900665283203
16.0723876953125
15.325637817382812
12.316588401794434
17.340078353881836
18.548709869384766
9.493483543395996
13.500407218933105
20.417680740356445
16.918777465820312
19.361982345581055
9.753233909606934
14.623061180114746
18.20578384399414
4.09433650970459
20.24959373474121
20.171646118164062
17.199970245361328
17.012619018554688
17.491605758666992
17.230419158935547
17.911836624145508
15.27694034576416
15.91422176361084
17.764957427978516
14.815611839294434
20.54524803161621
14.316731452941895
19.649805068969727
15.706317901611328
18.765151977539062
17.562435150146484
17.54007911682129
13.014763832092285
16.870084762573242
17.698551177978516
14.313128471374512
11.15481948852539
17.89995574951172
16.016040802001953
17.65981101989746
2.5846505165100098
6.17414665222168
6.135985851287842
19.15446662902832
19.240922927856445
19.978233337402344
18.006990432739258
19.686386108398438
19.32372283935547
16.497695922851562
16.552181243896484
16.898948669433594
14.792780876159668
17.458803176879883
15.139605522155762
20.124584197998047
19.780323028564453
18.633974075317383
18.94127082824707
16.29454803466797
18.015077590942383
13.334861755371094
16.971694946289062
14.975171089172363
14.231484413146973
5.990983009338379
17.981231689453125
19.67583656311035
22.122224807739258
16.223127365112305
16.02948760986328
17.812454223632812
13.968673706054688
9.362776756286621
14.220664024353027
16.862083435058594
16.920663833618164
15.950811386108398
18.489072799682617
19.58668327331543
18.37474822998047
8.390633583068848
19.510019302368164
12.10572338104248
18.970176696777344
15.13597297668457
18.949981689453125
15.139217376708984
18.32136344909668
20.001184463500977
18.69695281982422
22.361238479614258
17.455251693725586
10.89598274230957
17.305953979492188
21.420181274414062
14.231247901916504
9.698834419250488
17.572359085083008
12.32719612121582
19.24373435974121
19.617721557617188
18.221435546875
15.041375160217285
15.740216255187988
17.163806915283203
11.366593360900879
17.644981384277344
2.2903811931610107
12.972426414489746
14.745610237121582
20.932498931884766
18.97287368774414
17.859039306640625
22.047199249267578
20.387670516967773
13.982609748840332
9.258766174316406
14.113265037536621
21.33317756652832
18.17453384399414
15.922149658203125
3.6974680423736572
13.89279842376709
15.844161987304688
12.293644905090332
17.592449188232422
18.06657600402832
13.533652305603027
5.3640947341918945
15.09659481048584
11.28700065612793
13.69013500213623
20.57996940612793
11.330486297607422
16.71485137939453
19.068620681762695
18.684873580932617
13.251497268676758
19.685386657714844
17.289403915405273
18.691852569580078
14.30348014831543
18.785436630249023
17.539941787719727
16.85296630859375
9.908310890197754
21.86770248413086
18.022075653076172
17.289766311645508
18.853744506835938
16.96270179748535
6.607874393463135
14.496991157531738
17.308778762817383
17.177522659301758
20.08635139465332
17.57942008972168
19.14122200012207
21.48210906982422
18.92099952697754
13.260807991027832
17.852474212646484
15.618772506713867
17.542757034301758
18.88529396057129
20.598569869995117
14.852063179016113
10.96838665008545
14.586008071899414
18.92552947998047
9.795038223266602
18.262561798095703
11.403910636901855
17.389074325561523
18.653661727905273
7.884753227233887
13.016249656677246
15.040572166442871
19.481807708740234
14.95981502532959
19.62002182006836
19.345300674438477
17.56327247619629
20.659183502197266
12.971658706665039
13.911659240722656
16.845317840576172
19.06863021850586
17.366348266601562
13.760437965393066
19.63973617553711
18.200998306274414
19.992206573486328
20.0059757232666
19.155162811279297
17.575328826904297
14.258179664611816
18.225849151611328
19.333566665649414
18.845603942871094
14.23300552368164
16.999258041381836
15.941971778869629
10.332647323608398
10.287943840026855
20.863746643066406
18.12337875366211
19.26030731201172
12.104382514953613
19.473880767822266
15.190272331237793
15.501829147338867
16.148435592651367
21.05927848815918
18.65540885925293
19.122671127319336
13.141914367675781
13.488574981689453
14.564539909362793
20.041723251342773
16.556245803833008
17.89198875427246
15.775520324707031
15.561095237731934
18.619001388549805
6.038379192352295
16.373071670532227
19.34197235107422
-0.04122265428304672
14.942808151245117
20.899560928344727
12.697649955749512
12.099291801452637
18.572040557861328
16.632246017456055
19.027523040771484
12.451774597167969
6.562840461730957
13.60671615600586
16.14685821533203
12.291509628295898
10.241873741149902
13.501830101013184
16.038026809692383
20.085031509399414
18.582805633544922
11.81540298461914
14.611655235290527
14.03076457977295
18.51249122619629
13.25931453704834
15.200653076171875
16.525249481201172
15.450876235961914
16.453277587890625
18.45673942565918
18.06513214111328
16.73476219177246
15.64278793334961
18.14495086669922
16.10674285888672
14.840654373168945
20.133174896240234
8.478255271911621
14.683123588562012
14.473865509033203
19.622085571289062
13.719212532043457
18.744220733642578
14.958115577697754
17.8038330078125
8.344202995300293
17.68901824951172
18.162235260009766
6.0493292808532715
19.114734649658203
14.141317367553711
14.09177303314209
19.548542022705078
10.13021183013916
20.873939514160156
9.13159465789795
17.64899253845215
14.217212677001953
14.93617057800293
11.079201698303223
21.556324005126953
20.412195205688477
15.15835952758789
18.511192321777344
19.4476375579834
-17.624813079833984
-17.06168556213379
-21.184295654296875
-18.846092224121094
-23.088533401489258
-28.061267852783203
-27.06920623779297
-29.182849884033203
-17.104467391967773
-22.976051330566406
-18.13577651977539
-19.288330078125
-15.511526107788086
-9.225882530212402
-22.602275848388672
-16.45557975769043
-19.479534149169922
-24.960222244262695
-22.364656448364258
-12.586556434631348
-19.29462242126465
-21.570308685302734
-18.86914825439453
-30.511333465576172
-21.97438621520996
-26.32876968383789
-22.895498275756836
-26.684526443481445
-24.0846004486084
-17.10747528076172
-27.109394073486328
-23.231008529663086
-20.78901481628418
-21.27086639404297
-14.865567207336426
-22.196670532226562
-24.88396453857422
-28.39592170715332
-15.533411026000977
-17.18674087524414
-25.944683074951172
-23.855016708374023
-19.035146713256836
-27.183359146118164
-17.51363182067871
-25.36200523376465
-17.82084083557129
-26.054542541503906
-16.909591674804688
-24.503936767578125
-20.65000343322754
-19.94980239868164
-18.981719970703125
-20.661060333251953
-25.338878631591797
-19.793628692626953
-16.496219635009766
-14.441315650939941
-26.88605308532715
-22.325204849243164
-23.57680892944336
-20.392332077026367
-25.77318572998047
-23.984485626220703
-17.796815872192383
-22.777374267578125
-6.655162811279297
-20.613773345947266
-23.712373733520508
-22.439279556274414
-18.235883712768555
-27.9501895904541
-26.2966365814209
-18.356586456298828
-20.437267303466797
-21.899951934814453
-24.76952362060547
-23.795503616333008
-16.977760314941406
-26.53057861328125
-12.721673965454102
-18.70697593688965
-25.60097312927246
-21.97846794128418
-18.897890090942383
-18.020204544067383
-20.519773483276367
-20.68449592590332
-19.30059051513672
-20.58551597595215
-12.185224533081055
-22.579349517822266
-20.103229522705078
-19.497539520263672
-21.518474578857422
-25.702661514282227
-25.50406265258789
-21.573991775512695
-22.857852935791016
-15.009068489074707
11.318140029907227
-23.17084503173828
-26.03470230102539
-19.991134643554688
-21.804662704467773
-20.462852478027344
-20.758665084838867
-25.334026336669922
-17.119007110595703
-10.211362838745117
-18.32528305053711
-19.275676727294922
-18.073335647583008
-29.78058624267578
-26.450828552246094
-21.302724838256836
-26.462675094604492
-10.07635498046875
-17.458866119384766
-24.072179794311523
-19.148582458496094
-26.707860946655273
-23.934158325195312
-19.112321853637695
-24.04096031188965
-15.95557689666748
-27.063451766967773
-16.997262954711914
-22.54022789001465
-21.594486236572266
-8.066591262817383
-26.823368072509766
-20.532194137573242
-20.61824607849121
-22.15338897705078
-25.144187927246094
-24.99243927001953
-26.37177848815918
-24.724084854125977
-26.378177642822266
-12.546965599060059
-27.04868507385254
-18.130599975585938
-20.054031372070312
-22.135663986206055
-21.728137969970703
-29.059701919555664
-20.963651657104492
-25.22010040283203
-27.500520706176758
-22.51470947265625
-13.868271827697754
-20.484804153442383
-21.252458572387695
-20.92951011657715
-27.184972763061523
-32.86207580566406
-25.276123046875
-13.75219440460205
-21.97077751159668
-23.504920959472656
-23.901838302612305
-17.170455932617188
-12.373377799987793
-19.411256790161133
-21.21448516845703
-21.80430793762207
-27.274173736572266
-12.196969032287598
-17.976390838623047
-12.2802152633667
-26.458118438720703
-19.65882110595703
-28.425228118896484
-15.3219633102417
-15.846474647521973
-26.516098022460938
-28.162960052490234
-20.109296798706055
-10.92454719543457
-25.72226333618164
-24.087215423583984
-24.380054473876953
-22.469470977783203
-22.74444580078125
-25.924169540405273
-16.79820442199707
-27.176311492919922
-19.813608169555664
-21.894596099853516
-25.396366119384766
-21.50944709777832
-19.3802547454834
-21.553462982177734
-25.389816284179688
-13.018708229064941
-9.807818412780762
-19.160064697265625
-20.230281829833984
-20.628231048583984
-28.76007843017578
-16.883281707763672
-18.37312889099121
-21.725603103637695
-24.154264450073242
-17.01734161376953
-23.61127471923828
-15.945281028747559
-24.696266174316406
-21.858850479125977
-18.30303955078125
-21.61489486694336
-17.941761016845703
-25.842885971069336
-23.902345657348633
-17.712947845458984
-21.367046356201172
-22.819246292114258
-20.757966995239258
-21.99228286743164
-29.17361068725586
-22.629425048828125
-23.51659393310547
-21.00018882751465
-22.38753890991211
-19.811264038085938
-25.183956146240234
-26.883319854736328
-21.702167510986328
-21.071502685546875
-14.323668479919434
-26.878578186035156
-16.227087020874023
-22.835237503051758
-4.021382808685303
-11.427980422973633
-25.822933197021484
-16.919057846069336
-26.37226104736328
-16.684934616088867
-24.69266700744629
-19.818021774291992
-20.408130645751953
-25.527000427246094
-19.02983856201172
-18.55387306213379
-23.349327087402344
-15.072493553161621
-22.97703742980957
-20.014190673828125
-18.57567596435547
-25.766826629638672
-24.954322814941406
-19.01971435546875
-21.551103591918945
-27.464879989624023
-24.1036434173584
-27.517942428588867
-22.28964614868164
-18.9133243560791
-29.444652557373047
-18.847673416137695
-19.293548583984375
-13.22536849975586
-19.542360305786133
-30.031179428100586
-23.032861709594727
-21.030933380126953
-27.884803771972656
-21.062515258789062
-28.81488609313965
-26.77749252319336
-23.724727630615234
-19.390300750732422
-18.435335159301758
-20.854372024536133
-24.83417320251465
-22.510501861572266
-8.027993202209473
-27.785423278808594
-22.726699829101562
-16.621910095214844
-21.901220321655273
-19.95414161682129
-21.25796890258789
-22.254901885986328
-10.621577262878418
-17.189523696899414
-12.463339805603027
-17.944580078125
-23.603609085083008
-22.04910659790039
-19.607080459594727
-19.255508422851562
-22.42542839050293
-23.73781967163086
-24.470991134643555
-24.820833206176758
-24.12551498413086
-20.67501449584961
-22.26009750366211
-22.290016174316406
-15.980380058288574
-22.39140510559082
-22.002574920654297
-12.605914115905762
-22.823040008544922
-19.190332412719727
-22.09288787841797
-25.62912940979004
-17.260574340820312
-19.4714298248291
-24.753555297851562
-26.156726837158203
-24.926525115966797
-26.658477783203125
-26.83812713623047
-18.860885620117188
-14.450319290161133
-25.462295532226562
-21.820409774780273
-14.3984956741333
-23.98612403869629
-19.78407859802246
-23.08592414855957
-20.640335083007812
-27.586772918701172
-22.803497314453125
-28.965702056884766
-18.280624389648438
-30.884254455566406
-15.985676765441895
-24.82876968383789
-22.65352439880371
-24.744722366333008
-19.324649810791016
-20.963607788085938
-20.007646560668945
-12.729621887207031
-30.156618118286133
-26.32023811340332
-19.423725128173828
-25.708452224731445
-27.289857864379883
-19.404150009155273
-20.252185821533203
-24.800697326660156
-18.72026252746582
-20.29191780090332
-21.36236572265625
-24.671207427978516
-15.806086540222168
-20.10649871826172
-26.662742614746094
-22.82196807861328
-22.693147659301758
-26.387802124023438
-22.568565368652344
-21.865222930908203
-25.955350875854492
-21.393905639648438
-15.971922874450684
-30.326187133789062
-4.2570929527282715
-19.780834197998047
-23.442543029785156
-15.225281715393066
-19.92017364501953
-12.372060775756836
-19.534297943115234
-16.467369079589844
-23.50064468383789
-20.723785400390625
-20.596694946289062
-14.985239028930664
-21.236454010009766
-23.45278549194336
-26.699995040893555
-15.752978324890137
-22.283254623413086
-26.867366790771484
-18.5338191986084
-21.8136043548584
-22.488157272338867
-21.447399139404297
-18.104961395263672
-23.001745223999023
-17.878637313842773
-25.406005859375
-21.70319366455078
-22.432708740234375
-23.077898025512695
-15.78215503692627
-13.424160957336426
-28.132360458374023
-24.082035064697266
-24.735387802124023
-27.593385696411133
-14.677660942077637
-24.454814910888672
-19.238265991210938
-27.524497985839844
-16.7493839263916
-24.874662399291992
-19.9495849609375
-18.471851348876953
-23.62782096862793
-26.767730712890625
-23.14168930053711
-22.933189392089844
-17.604354858398438
-15.32104778289795
-27.25397491455078
-26.9172306060791
-25.153282165527344
-27.961984634399414
-18.15402603149414
-21.82086944580078
-18.490999221801758
-26.135765075683594
-22.97471809387207
-27.981365203857422
-11.825240135192871
-26.8787899017334
-3.435971736907959
-26.416893005371094
-14.653817176818848
-22.394365310668945
-19.232147216796875
-26.795787811279297
-28.072614669799805
-22.151357650756836
-18.806385040283203
-26.700769424438477
-18.039506912231445
-24.006614685058594
-18.0894775390625
-26.193096160888672
-20.099506378173828
-20.0725040435791
-11.742252349853516
-24.48415756225586
-26.690750122070312
-26.64594078063965
-26.144020080566406
-20.038589477539062
-15.684618949890137
-23.068031311035156
-17.878767013549805
-20.0312557220459
-13.010245323181152
-5.3448967933654785
-27.255088806152344
-17.6439266204834
-23.63848114013672
-23.164215087890625
-23.164024353027344
-18.833595275878906
-22.071147918701172
-22.46521759033203
-19.630508422851562
-18.549625396728516
-22.801795959472656
-22.36625862121582
-21.93136978149414
-25.802160263061523
-12.107437133789062
-19.08406639099121
-25.931901931762695
-22.568668365478516
-21.48552894592285
-22.482906341552734
-18.26222038269043
-20.866043090820312
-17.676122665405273
-17.35167121887207
-22.383766174316406
-22.477481842041016
-28.301464080810547
-22.63039207458496
-24.82443618774414
-11.509835243225098
-25.7530460357666
-21.658517837524414
-26.760223388671875
-23.482585906982422
-30.7003173828125
-23.725997924804688
-12.287501335144043
-19.253536224365234
-23.347776412963867
-26.463117599487305
-10.081859588623047
-25.340547561645508
-23.467498779296875
-16.119173049926758
-29.326828002929688
-19.264015197753906
-26.154048919677734
-21.766647338867188
-26.294803619384766
-10.23857307434082
-18.137956619262695
-24.172475814819336
-23.31137466430664
-25.53554344177246
-29.255859375
-29.526262283325195
-23.35016632080078
-25.75405502319336
-20.235544204711914
-26.923181533813477
-22.490474700927734
-21.64888572692871
-15.038065910339355
-24.359853744506836
-21.114803314208984
-21.744781494140625
-22.949317932128906
-25.05029296875
-19.41927146911621
-20.09361457824707
-26.303388595581055
-22.107255935668945
-28.065080642700195
-25.32227325439453
-18.10791015625
-16.854167938232422
-16.311626434326172
-20.25577163696289
-20.413270950317383
-15.545363426208496
-20.387649536132812
-20.50275421142578
-20.895872116088867
-23.564573287963867
-20.70903205871582
-17.618614196777344
-19.813955307006836
-21.532983779907227
-17.724441528320312
-24.686569213867188
-22.234264373779297
-21.359586715698242
-20.158382415771484
-24.14142608642578
-17.845264434814453
-25.11993980407715
-25.917247772216797
-25.826990127563477
-13.020142555236816
-19.502273559570312
-14.216314315795898
-23.0524845123291
-22.98587989807129
-21.329700469970703
-19.38837432861328
-21.614891052246094
-14.719085693359375
-22.256351470947266
-14.31930160522461
-20.89424705505371
-23.767478942871094
-23.859249114990234
-22.131916046142578
-20.479171752929688
-12.21345329284668
-15.804198265075684
-24.96863555908203
-23.649744033813477
-23.09152603149414
-20.948097229003906
-16.57969093322754
-19.52496910095215
-23.126893997192383
-22.94227409362793
-14.008790016174316
-19.287246704101562
-20.78386116027832
-19.212818145751953
-20.375076293945312
-20.13855743408203
-16.596492767333984
-21.940216064453125
-20.659578323364258
-18.433393478393555
-21.404367446899414
-27.308040618896484
-25.580583572387695
-19.12285614013672
-21.789833068847656
-22.965097427368164
-24.437936782836914
-17.596847534179688
-25.53205108642578
-21.634769439697266
-26.471948623657227
-16.6347599029541
-18.677194595336914
-19.904205322265625
-23.212675094604492
-24.193838119506836
-21.389978408813477
-23.887115478515625
-21.635086059570312
-24.187131881713867
-17.090801239013672
-21.629150390625
-23.60245704650879
-23.451175689697266
-23.018835067749023
-19.607202529907227
-26.084434509277344
-20.12099838256836
-24.207679748535156
-23.78490447998047
-24.621278762817383
-16.033557891845703
-24.27686309814453
-18.00322151184082
-25.725412368774414
-24.97245216369629
-18.093048095703125
-21.27855682373047
-18.991180419921875
-17.84911346435547
-25.77073860168457
-19.252635955810547
-9.493420600891113
-16.0140380859375
-18.367210388183594
-23.402767181396484
-22.90677833557129
-12.655405044555664
-21.557594299316406
-24.459468841552734
-19.000635147094727
-21.444067001342773
-22.36597442626953
-22.63723373413086
-18.94767189025879
-12.156566619873047
-12.261762619018555
-12.784270286560059
-26.516773223876953
-15.909911155700684
-23.981243133544922
-20.162229537963867
-19.24432945251465
-19.765901565551758
-24.20217514038086
-21.480846405029297
-23.89917755126953
-9.679420471191406
-22.223403930664062
-19.81060028076172
-26.847030639648438
-24.592714309692383
-15.674739837646484
-26.289201736450195
-22.62209701538086
-22.58544158935547
-20.57847023010254
-13.286808967590332
-24.484922409057617
-20.751062393188477
-24.582164764404297
-22.9573974609375
-24.84909439086914
-25.84254264831543
-23.682964324951172
-12.147549629211426
-24.719581604003906
-15.984575271606445
-18.051193237304688
-23.185070037841797
-18.794906616210938
-24.023971557617188
-7.957481861114502
-26.445716857910156
-19.559778213500977
-17.40516471862793
-21.399234771728516
-24.646934509277344
-12.761024475097656
-22.141220092773438
-24.303821563720703
-19.912700653076172
-15.332584381103516
-15.458952903747559
-23.223773956298828
-16.96750259399414
-23.109209060668945
-21.532445907592773
-17.799358367919922
-21.203338623046875
-19.492267608642578
-13.179337501525879
-21.180641174316406
-24.579137802124023
-28.10433578491211
-18.918659210205078
-21.168964385986328
-27.09367561340332
-29.484054565429688
-25.74736785888672
-19.794139862060547
-21.685192108154297
-21.198871612548828
-24.949172973632812
-20.74256134033203
-21.59975814819336
-5.243135929107666
-23.72016716003418
-26.190444946289062
-21.88005828857422
-21.97454833984375
-23.353254318237305
-14.572314262390137
-24.195138931274414
-21.846981048583984
-25.135190963745117
-23.069683074951172
-17.137393951416016
-18.483665466308594
-24.89306640625
-21.65291976928711
-19.850818634033203
-11.738839149475098
-21.116954803466797
-4.006773471832275
-23.14480972290039
-20.709922790527344
-27.10007095336914
-11.296639442443848
-10.690805435180664
-23.497337341308594
-22.726707458496094
-23.36465835571289
-23.87605857849121
-23.776453018188477
-20.020219802856445
-21.03907585144043
-18.463226318359375
-19.433624267578125
-21.923847198486328
-21.915172576904297
-20.143573760986328
-25.396272659301758
-23.123003005981445
-22.82841682434082
-17.522441864013672
-23.112194061279297
-17.991060256958008
-22.05870819091797
-21.113967895507812
-26.547266006469727
-22.104537963867188
-20.477840423583984
-21.42071533203125
-11.269403457641602
-11.82040786743164
-13.484017372131348
-25.15940284729004
-19.158817291259766
-22.114381790161133
-21.78756332397461
-26.663841247558594
-25.620826721191406
-25.79959487915039
-25.649490356445312
-24.43655014038086
-17.014619827270508
-9.728549003601074
-20.821788787841797
-18.868288040161133
-18.205846786499023
-18.506755828857422
-20.85247802734375
-7.06795072555542
-13.920870780944824
-22.99163818359375
-23.256505966186523
-15.91527271270752
-24.74874496459961
-24.36787223815918
-22.796646118164062
-17.123714447021484
-22.035572052001953
-22.38133430480957
-25.825231552124023
-27.68076515197754
-17.057903289794922
-22.32704734802246
-25.495113372802734
-27.279102325439453
-24.004581451416016
-26.735809326171875
-25.733173370361328
-17.62862205505371
-21.5903263092041
-17.110980987548828
-23.52531623840332
-19.870805740356445
-23.324398040771484
-23.90492820739746
-13.689591407775879
-23.234973907470703
-25.777503967285156
-18.68838882446289
-27.74370765686035
-14.12414264678955
-23.49838638305664
-18.6573486328125
-23.16763687133789
-23.375452041625977
-24.867618560791016
-26.646495819091797
-25.781326293945312
-22.849918365478516
-21.607036590576172
-15.508110046386719
-23.30574607849121
-21.216259002685547
-25.559261322021484
-16.527873992919922
-23.9062557220459
-18.763965606689453
-19.00314712524414
-19.020566940307617
-27.79092788696289
-19.88226318359375
-12.269110679626465
-19.978519439697266
-22.786701202392578
-21.44046401977539
-23.294206619262695
-21.473766326904297
-21.663345336914062
-19.63302230834961
-18.849191665649414
-20.100500106811523
-24.833694458007812
-22.664730072021484
-17.9720516204834
-18.006629943847656
-19.022199630737305
-23.335987091064453
-18.29630470275879
-21.781667709350586
-11.938230514526367
-13.714612007141113
-27.448652267456055
-20.47247314453125
-20.660869598388672
-15.995741844177246
-17.870162963867188
-23.890045166015625
-20.198856353759766
-20.125364303588867
-18.75324821472168
-20.896581649780273
-28.66556739807129
-16.900779724121094
-26.69701385498047
-11.146364212036133
-21.27325439453125
-21.063806533813477
-18.942119598388672
-20.88606834411621
-18.02588653564453
-18.23130989074707
-19.71726417541504
-10.811736106872559
-22.963863372802734
-10.988170623779297
-26.984432220458984
-8.689436912536621
-27.91064453125
-25.05504035949707
-22.053878784179688
-22.436172485351562
-22.690196990966797
-16.290664672851562
-22.4912052154541
-21.10928726196289
-24.732311248779297
-24.46126365661621
-29.664966583251953
-18.641666412353516
-22.210439682006836
-23.625904083251953
-21.33884048461914
-24.619735717773438
-23.410568237304688
-20.93106460571289
-24.841960906982422
-29.401050567626953
-20.401994705200195
-21.22589111328125
-23.95416831970215
-22.3747615814209
-26.64599609375
-23.232728958129883
-27.32939910888672
-23.386760711669922
-25.839664459228516
-19.71300506591797
-22.86852264404297
-15.454126358032227
-21.222492218017578
-25.96949005126953
-16.274456024169922
-18.568071365356445
-25.654794692993164
-16.85116195678711
-22.854080200195312
-15.593722343444824
-19.086673736572266
-22.570119857788086
-17.138811111450195
-20.62044334411621
-21.593120574951172
-20.456056594848633
-11.11003589630127
-23.245601654052734
-21.349390029907227
-13.14635944366455
-22.528915405273438
-21.62646484375
-20.206584930419922
-13.656006813049316
-21.779050827026367
-22.77614402770996
-22.492046356201172
-23.094104766845703
-23.133346557617188
-25.75377082824707
-21.497411727905273
-17.809341430664062
-5.420759677886963
-22.573280334472656
-15.932658195495605
-28.283512115478516
-28.51364517211914
-23.61540985107422
-26.698589324951172
-24.23250961303711
-17.0039005279541
-20.73078727722168
-21.655349731445312
-20.55070686340332
-20.5924015045166
-10.970714569091797
-24.444305419921875
-21.72294807434082
-18.60536766052246
-17.229867935180664
-13.987654685974121
-18.46626091003418
-20.467811584472656
-25.249425888061523
-28.712997436523438
-22.17239761352539
-27.610733032226562
-17.439027786254883
-27.291568756103516
-16.223491668701172
-27.309762954711914
-22.71339988708496
-18.140708923339844
-14.418335914611816
-20.07117462158203
-24.647396087646484
-21.576942443847656
-25.826736450195312
-23.00832748413086
-16.963409423828125
-27.74664878845215
-17.641109466552734
-25.07097816467285
-18.453685760498047
-15.106195449829102
-21.05687713623047
-25.82056999206543
-24.539682388305664
-19.743032455444336
-19.509666442871094
-17.98438835144043
-20.19967269897461
-21.094131469726562
-19.113496780395508
-18.38776969909668
-16.45228385925293
-22.733854293823242
-15.346015930175781
-25.09926414489746
-6.697228908538818
-19.773181915283203
-20.045204162597656
