5.8067522048950195
2.694632053375244
6.618236064910889
5.210501194000244
10.056482315063477
3.3930740356445312
4.868729591369629
4.322271823883057
1.1508138179779053
5.5870161056518555
2.322335958480835
9.60047435760498
4.612299919128418
6.622745990753174
4.8316650390625
4.525100231170654
4.981441497802734
7.015148162841797
4.73647928237915
3.789257526397705
4.057580471038818
4.594907283782959
6.785165309906006
4.926183700561523
8.514634132385254
5.233791828155518
5.9113335609436035
3.6663615703582764
0.21803534030914307
3.7565860748291016
8.841490745544434
2.1586618423461914
6.138442516326904
6.64359188079834
4.567700386047363
10.678991317749023
3.1055498123168945
3.7079789638519287
6.614003658294678
9.287270545959473
3.531412363052368
4.3431196212768555
3.3761394023895264
7.402832508087158
0.9186747670173645
5.10595703125
5.135053634643555
2.7313172817230225
4.909646511077881
5.469839572906494
1.6952788829803467
7.296684741973877
6.587860107421875
6.052175045013428
-0.07818854600191116
6.004899501800537
0.6143839955329895
5.410707950592041
2.7223048210144043
10.52260684967041
1.7921537160873413
4.316794395446777
7.165030002593994
3.0553197860717773
2.041727066040039
3.1357758045196533
5.3124003410339355
0.39747482538223267
8.011480331420898
3.732799768447876
9.772851943969727
2.7045483589172363
9.117536544799805
4.4585371017456055
5.1633620262146
7.913093090057373
2.7017767429351807
5.583089828491211
6.265208721160889
5.256418704986572
2.8488025665283203
2.468372344970703
3.226266384124756
8.432043075561523
4.9071173667907715
2.3828563690185547
2.495666027069092
-1.3412190675735474
-3.253539800643921
6.570189952850342
2.9936940670013428
9.615777969360352
6.321585178375244
7.328488826751709
10.663887977600098
6.898355960845947
-1.1824567317962646
3.555551767349243
2.4530258178710938
8.392801284790039
7.582263469696045
7.458003997802734
7.936969757080078
6.423393726348877
5.384658336639404
19.228883743286133
5.477182388305664
6.856588363647461
10.344924926757812
5.609009742736816
2.8307042121887207
10.640082359313965
2.025444507598877
10.085960388183594
5.317139625549316
5.71788215637207
4.629025459289551
9.383319854736328
0.8901704549789429
6.079482078552246
6.038140773773193
4.751697540283203
3.7481279373168945
6.2863850593566895
5.597504615783691
6.0084147453308105
6.899103164672852
6.805265426635742
3.5424585342407227
2.396296262741089
3.8529052734375
6.380219459533691
6.629075050354004
3.4157376289367676
3.284339427947998
2.458085298538208
14.184731483459473
4.20174503326416
1.136321783065796
5.329286575317383
10.378150939941406
6.70265007019043
5.892390727996826
2.760350227355957
9.589399337768555
4.72255277633667
9.08474349975586
3.8745107650756836
7.681285858154297
0.2402362823486328
8.629032135009766
2.74824595451355
-2.4427742958068848
3.5281362533569336
3.205726385116577
8.08128547668457
9.027137756347656
5.894799709320068
1.1307384967803955
2.6253461837768555
2.9848716259002686
7.464966773986816
5.054927349090576
9.690040588378906
6.0474114418029785
4.305140972137451
8.888014793395996
6.596436023712158
3.9850242137908936
2.3317723274230957
5.50351619720459
3.1900482177734375
7.071883678436279
5.345861911773682
6.831508159637451
1.2956141233444214
1.702009677886963
10.57573127746582
6.191040992736816
2.751274585723877
6.779624938964844
7.818431377410889
5.242140769958496
2.8562917709350586
5.163590908050537
3.090947151184082
9.113182067871094
5.1906418800354
-0.44419655203819275
9.276187896728516
12.764533996582031
6.238471508026123
5.374992847442627
5.185391902923584
0.5304902791976929
8.115645408630371
5.936026096343994
2.4282050132751465
1.7109580039978027
7.6485748291015625
3.3356544971466064
4.447051048278809
8.616901397705078
-0.5722619295120239
9.200098037719727
8.530272483825684
2.8008642196655273
0.2969157099723816
6.7704243659973145
6.504926681518555
2.887333869934082
1.4248273372650146
7.83673095703125
1.1726124286651611
4.868464469909668
1.9806640148162842
7.399023532867432
6.217173099517822
3.379242420196533
9.751738548278809
5.9207282066345215
7.754244804382324
10.327646255493164
7.884218215942383
1.060917615890503
5.123743057250977
3.0758776664733887
12.268195152282715
5.825026988983154
3.8229002952575684
4.479315280914307
5.376445293426514
4.063767910003662
8.497105598449707
6.246006011962891
6.175518989562988
5.533920764923096
0.32121825218200684
6.643690586090088
3.3796422481536865
5.672948360443115
3.670053005218506
8.366289138793945
7.336232662200928
3.962876796722412
3.3287220001220703
4.545157432556152
-0.35116297006607056
3.7929494380950928
6.259061813354492
7.942438125610352
-1.0319989919662476
8.239516258239746
0.8122817873954773
6.885518550872803
5.293391227722168
8.121094703674316
5.416864395141602
6.063411712646484
8.185766220092773
5.901038646697998
0.32932066917419434
4.039730548858643
7.265143871307373
6.182569980621338
6.336178302764893
7.771313190460205
1.4193503856658936
3.583648920059204
6.011107444763184
6.532566547393799
5.8862128257751465
5.925869941711426
6.246294021606445
1.5650172233581543
8.528472900390625
4.64186954498291
2.562406063079834
3.9084231853485107
5.971382141113281
3.5349326133728027
4.839244365692139
6.69087553024292
4.155709266662598
4.709715843200684
1.873934268951416
5.67341947555542
3.277351140975952
-1.8903968334197998
7.441376686096191
4.8838887214660645
6.4657063484191895
4.373669624328613
3.2042949199676514
6.99090576171875
5.8810133934021
8.349615097045898
4.951188564300537
-2.400986671447754
7.449281215667725
7.247048377990723
1.2141830921173096
-0.11560595780611038
7.291196346282959
7.623072147369385
8.898688316345215
3.56656551361084
9.027341842651367
5.37204122543335
4.285006999969482
5.002983570098877
6.081571578979492
5.4409990310668945
3.043999195098877
6.871098041534424
2.9458749294281006
8.631061553955078
5.845602035522461
6.418287754058838
9.228872299194336
7.665063858032227
3.786823034286499
8.030516624450684
3.009241819381714
3.1550076007843018
5.70892858505249
8.594513893127441
7.534883975982666
7.757093906402588
8.613368034362793
5.70829963684082
9.194437980651855
6.440089225769043
3.206991195678711
1.9914186000823975
5.832928657531738
4.733999729156494
6.806087017059326
4.331231594085693
9.029483795166016
2.94962477684021
5.582424640655518
2.2469894886016846
7.051412582397461
4.462590217590332
2.490769863128662
8.561870574951172
1.966817855834961
2.3182454109191895
3.0698981285095215
2.4775214195251465
3.771738052368164
6.541797161102295
4.92866325378418
6.408266067504883
2.062542676925659
3.7609622478485107
4.644765853881836
2.407275676727295
5.357175827026367
3.9393632411956787
5.732743263244629
8.394949913024902
7.449667453765869
5.167816162109375
6.49627161026001
6.750026702880859
9.1375093460083
-0.49038755893707275
10.899494171142578
1.1998919248580933
6.116087913513184
-1.126473307609558
4.513702392578125
6.613489627838135
9.73453426361084
5.224859237670898
4.263697624206543
8.390308380126953
9.18744945526123
3.4739978313446045
4.072603702545166
-0.5381319522857666
2.6715774536132812
1.3423051834106445
7.975168228149414
2.779216766357422
6.215176582336426
5.641787052154541
1.7343082427978516
0.9786424040794373
3.858475685119629
4.972618103027344
-2.4400010108947754
3.3974194526672363
4.955844402313232
4.005502223968506
2.497504711151123
9.151931762695312
4.235572338104248
7.986783027648926
10.172150611877441
4.529550075531006
4.082883358001709
8.385132789611816
9.581616401672363
6.671718597412109
3.4905083179473877
10.623698234558105
6.3957839012146
6.462471008300781
0.9248056411743164
9.616683006286621
1.586035132408142
2.794198513031006
7.620007514953613
3.652747392654419
6.0329413414001465
4.999897003173828
12.011250495910645
6.008116722106934
6.46426248550415
9.247507095336914
4.922516345977783
11.86221694946289
6.423494338989258
11.195563316345215
11.003673553466797
-0.3635152280330658
3.6987574100494385
10.145112991333008
6.175737380981445
-0.11502660065889359
4.037210464477539
4.844386100769043
0.4233892560005188
5.115138530731201
6.100341320037842
7.018258571624756
4.804134845733643
6.120675086975098
5.101788520812988
5.726997375488281
2.248389482498169
9.786897659301758
5.06403112411499
7.8664631843566895
5.49635124206543
7.081523895263672
9.398940086364746
3.89231014251709
7.873587608337402
3.39292049407959
5.727700233459473
1.5215356349945068
5.155463218688965
12.573293685913086
14.393218994140625
4.75193452835083
9.1190767288208
7.6761698722839355
4.748477458953857
6.259384632110596
7.846084117889404
3.847137451171875
3.1305699348449707
-0.1362486481666565
4.612377643585205
3.1360666751861572
4.6666107177734375
1.5051331520080566
3.876479387283325
2.1820757389068604
5.0491156578063965
11.945270538330078
4.75044584274292
3.723097801208496
12.691774368286133
4.429922580718994
2.2497057914733887
12.083475112915039
6.0878376960754395
4.981230735778809
3.920219898223877
-3.63047456741333
10.265347480773926
2.7464962005615234
4.40820837020874
6.415934085845947
12.89927864074707
7.51702356338501
1.0468807220458984
6.688982963562012
9.056600570678711
3.2266619205474854
2.092831611633301
-1.4614372253417969
5.769265651702881
9.258804321289062
11.417535781860352
12.325116157531738
9.178627014160156
8.820438385009766
-1.2218619585037231
8.264338493347168
5.578071594238281
6.111203193664551
5.7789740562438965
7.369699478149414
7.200062274932861
-0.8342992663383484
5.591150283813477
7.056366920471191
2.357074737548828
-0.5543053150177002
0.5895490646362305
6.242849349975586
-1.215635061264038
5.6201276779174805
6.72423791885376
3.992133617401123
2.3754332065582275
7.184366703033447
7.736375331878662
5.340753078460693
2.8411777019500732
2.8905105590820312
8.786704063415527
1.9310202598571777
4.744434833526611
6.6855082511901855
3.1123239994049072
3.3989696502685547
6.625472545623779
8.16386604309082
6.455841541290283
6.881720542907715
8.148977279663086
1.6663384437561035
7.911421298980713
6.34376859664917
9.387308120727539
7.348325729370117
-1.1476752758026123
6.479607582092285
10.23597526550293
3.1758506298065186
2.2980329990386963
3.8934245109558105
5.026099681854248
8.128072738647461
7.563351631164551
9.275748252868652
5.108617305755615
4.976574420928955
11.127998352050781
2.268097162246704
11.08742904663086
4.0131354331970215
9.96005630493164
10.230533599853516
3.68233585357666
7.14463996887207
6.656476974487305
7.799917697906494
1.8210457563400269
4.7080464363098145
5.432775020599365
8.651351928710938
7.687443256378174
0.9526554942131042
14.71561050415039
10.855883598327637
5.785632610321045
6.352974891662598
7.27408504486084
10.063861846923828
1.5505578517913818
5.424288749694824
4.4771294593811035
5.58642053604126
6.118427753448486
3.280061721801758
8.78742790222168
6.487913131713867
4.062019348144531
-0.5914433002471924
12.63659381866455
4.4573211669921875
4.0223588943481445
3.8756935596466064
1.63954758644104
5.886717319488525
3.4037880897521973
5.242967128753662
2.0626864433288574
6.409303188323975
1.1729719638824463
4.551944732666016
7.439106464385986
5.773403644561768
8.0175142288208
3.7172329425811768
3.7675397396087646
8.533283233642578
2.771531581878662
7.646012306213379
4.752862453460693
7.130838871002197
4.5341620445251465
3.946045398712158
4.876142978668213
2.6421871185302734
4.193040370941162
11.002226829528809
5.914827346801758
4.842942714691162
4.9862213134765625
5.355813026428223
6.494909763336182
6.94231653213501
5.426604747772217
5.258298873901367
6.117568492889404
2.253971576690674
2.3077950477600098
3.424971103668213
7.640588283538818
3.912593364715576
5.2447662353515625
6.359411716461182
3.6919784545898438
1.4974802732467651
1.3523859977722168
3.770326852798462
5.920680522918701
1.8378487825393677
2.527944803237915
9.012030601501465
4.211896896362305
5.75586462020874
4.2936787605285645
0.6590406894683838
3.258505344390869
9.359696388244629
11.165841102600098
3.001549482345581
6.294248104095459
5.015113830566406
9.585000991821289
2.9286446571350098
6.229856491088867
7.137333393096924
2.4952237606048584
4.502470016479492
-1.1757442951202393
5.795563697814941
6.708154201507568
3.047478675842285
4.641645431518555
5.540834903717041
7.565131664276123
6.280972480773926
5.335908889770508
7.930159568786621
3.7639501094818115
5.6148481369018555
4.49130916595459
5.144314289093018
1.2700611352920532
9.586994171142578
4.843032360076904
3.2435243129730225
5.848762512207031
9.447422981262207
7.563624382019043
5.706562519073486
6.367068767547607
5.4679388999938965
4.519595146179199
2.1293540000915527
10.212002754211426
5.842223644256592
8.464313507080078
2.8547768592834473
3.4065945148468018
6.624360084533691
2.546502113342285
3.256084442138672
4.804512023925781
9.856222152709961
5.807348251342773
3.237365484237671
5.566413879394531
3.7344107627868652
6.2660603523254395
6.654709339141846
2.329780340194702
3.6370856761932373
3.5908544063568115
4.082657814025879
5.343951225280762
4.7144551277160645
9.437771797180176
10.433465957641602
6.271252155303955
6.545211315155029
7.376712322235107
1.1192630529403687
3.981503963470459
4.605494022369385
6.0062737464904785
3.5429980754852295
7.364715099334717
4.813046932220459
2.495241165161133
7.009235382080078
5.438812732696533
5.843566417694092
10.607898712158203
3.833956241607666
12.190180778503418
4.599649906158447
4.322122097015381
6.086368560791016
4.281957626342773
6.619522571563721
6.388770580291748
2.7109086513519287
6.316868305206299
6.283445835113525
14.219560623168945
3.586153507232666
6.238545894622803
5.550755977630615
5.153636932373047
-0.29725074768066406
8.943527221679688
7.913314342498779
6.087705135345459
2.0829389095306396
5.478469371795654
8.144413948059082
7.067058563232422
0.5538160800933838
5.992689609527588
1.201384425163269
7.725470542907715
7.775045394897461
5.065892219543457
6.587916374206543
1.1015307903289795
3.1694064140319824
0.18598049879074097
10.128716468811035
4.274755477905273
6.375332355499268
5.7508320808410645
5.37099027633667
3.444213628768921
1.5872888565063477
-2.8526368141174316
5.648867607116699
7.190678119659424
5.713995933532715
5.1074628829956055
4.144474983215332
1.6241157054901123
6.479247093200684
1.6505353450775146
4.359752178192139
1.9145797491073608
4.392894268035889
4.4880781173706055
4.71119499206543
2.2901272773742676
10.463879585266113
2.9827301502227783
9.219374656677246
5.501945972442627
7.946146488189697
1.99741530418396
5.900784969329834
6.3327813148498535
4.294280529022217
3.8435864448547363
8.44808292388916
3.1541566848754883
2.2767269611358643
6.62808895111084
1.5697027444839478
2.766934394836426
10.66696548461914
3.3074843883514404
6.682863712310791
11.526859283447266
5.046886444091797
4.235281944274902
5.311994552612305
6.223987579345703
3.348461151123047
7.541306018829346
5.287795066833496
3.69154691696167
6.768031120300293
6.408239841461182
6.311827182769775
7.160551071166992
8.274603843688965
5.67092752456665
8.237253189086914
7.712766647338867
8.031938552856445
6.574089527130127
1.3909887075424194
8.137458801269531
5.363811016082764
3.301832675933838
1.2092958688735962
2.333958625793457
7.266637802124023
3.066941976547241
4.583142280578613
3.592409610748291
7.83361291885376
5.971218585968018
3.290998935699463
8.380051612854004
1.2793532609939575
3.144753932952881
4.109701156616211
5.655945301055908
7.331350326538086
-0.28403347730636597
4.472845554351807
7.189886569976807
3.8128931522369385
4.553922653198242
5.9105095863342285
3.3731319904327393
3.206329822540283
4.3821611404418945
10.937614440917969
5.504415988922119
6.001258373260498
10.463811874389648
8.138803482055664
6.441100120544434
7.799440383911133
2.23602294921875
2.0174810886383057
4.220028877258301
9.48981761932373
3.8201091289520264
2.157871723175049
7.314589023590088
3.95987868309021
5.60444450378418
3.4372973442077637
6.113500595092773
6.197970390319824
5.309199810028076
5.367977142333984
4.442773342132568
5.748771667480469
6.717233180999756
2.734442949295044
4.2994065284729
11.318168640136719
4.254542350769043
10.57217788696289
8.609759330749512
6.781136512756348
4.9977006912231445
8.124567985534668
3.611427068710327
7.328450679779053
1.2090787887573242
8.377884864807129
1.45427668094635
4.127216815948486
5.204024791717529
7.893158435821533
7.233824729919434
-1.3442378044128418
7.059040546417236
3.991036891937256
2.3634634017944336
5.261208534240723
7.6695475578308105
2.2042348384857178
9.544958114624023
7.814500331878662
8.48047924041748
3.1445798873901367
2.9709742069244385
-0.664402186870575
8.2525634765625
0.022816531360149384
5.513726711273193
4.760114669799805
7.068667888641357
6.353060245513916
8.838287353515625
4.306360721588135
2.260697603225708
5.563876628875732
3.8739001750946045
4.634800910949707
10.875471115112305
5.888031482696533
3.6751160621643066
5.160557270050049
0.049789540469646454
11.529757499694824
8.32230281829834
3.8277714252471924
5.4211297035217285
0.30154913663864136
8.490204811096191
8.564903259277344
2.8395867347717285
4.107053756713867
5.489154815673828
5.512651443481445
4.579984664916992
2.6726486682891846
3.5002248287200928
8.412508010864258
6.394596576690674
2.1837873458862305
7.626718521118164
0.7685052156448364
13.127409934997559
12.929317474365234
5.667336940765381
5.956753253936768
3.3100779056549072
4.809777736663818
5.3003034591674805
10.327536582946777
1.837015151977539
1.8012166023254395
6.403915882110596
6.335732936859131
3.324897527694702
1.7463783025741577
4.61641263961792
6.36656379699707
1.5840723514556885
4.87301778793335
6.349409580230713
7.212924957275391
0.6363341212272644
4.8792266845703125
5.0047407150268555
10.245285034179688
0.6474157571792603
-1.2183899879455566
5.768496990203857
9.308053970336914
5.790981292724609
6.67246675491333
4.328067779541016
3.950773239135742
5.464416027069092
13.015076637268066
0.12872231006622314
6.126040458679199
7.024996280670166
6.4688825607299805
7.142190933227539
6.84356689453125
3.7369861602783203
5.270840644836426
3.5875391960144043
4.664377689361572
5.488218784332275
3.7588906288146973
8.59850025177002
4.697535514831543
5.671487808227539
1.7047210931777954
4.715075492858887
6.025312900543213
7.614872932434082
3.0772957801818848
4.206319332122803
8.1733980178833
3.2287847995758057
7.784058570861816
1.5526556968688965
6.657650470733643
9.141218185424805
8.220160484313965
5.238370895385742
5.086474895477295
5.141201972961426
10.772096633911133
6.745489120483398
-7.348782062530518
-6.449913501739502
-6.6650004386901855
-3.8432278633117676
-10.554001808166504
-12.644845962524414
-14.927220344543457
-17.070919036865234
-5.823923587799072
-8.417245864868164
-4.560004234313965
-8.082117080688477
-9.778547286987305
-13.535993576049805
-7.622469425201416
-3.4191040992736816
-9.67756462097168
-10.444343566894531
-8.372703552246094
-9.779173851013184
-8.436634063720703
-9.108254432678223
-6.84145975112915
-9.580474853515625
-12.168769836425781
-12.871423721313477
-10.552010536193848
-9.200242042541504
-12.23321533203125
-7.769463539123535
-10.95496940612793
-9.300804138183594
-14.245359420776367
-6.943580150604248
-14.828873634338379
-9.39427375793457
-8.791055679321289
-14.198331832885742
-10.103754997253418
-12.681471824645996
-7.62558126449585
-9.735233306884766
-8.677909851074219
-11.49342155456543
-8.71945571899414
-7.890526294708252
-8.426793098449707
-12.881694793701172
-9.073930740356445
-11.008328437805176
-9.954800605773926
-11.406089782714844
-7.669507026672363
-11.995577812194824
-11.202459335327148
-7.864273548126221
-11.636162757873535
-5.382093906402588
-11.003050804138184
-5.8165154457092285
-10.212810516357422
-5.146125793457031
-13.343122482299805
-11.13520336151123
-7.280863285064697
-8.675069808959961
-11.365578651428223
-6.022170543670654
-13.919066429138184
-9.17441177368164
-6.831428050994873
-9.845182418823242
-9.702767372131348
-8.613168716430664
-7.575427532196045
-9.918649673461914
-9.700017929077148
-9.31635570526123
-6.6517767906188965
-11.863726615905762
-12.413538932800293
-12.121862411499023
-8.370763778686523
-10.270700454711914
-8.26132583618164
-5.734328269958496
-9.888237953186035
-11.718062400817871
-7.437681674957275
-7.945319652557373
-9.714825630187988
-11.594482421875
-6.909744739532471
-10.09713077545166
-9.677709579467773
-9.1415433883667
-12.274356842041016
-7.298994541168213
-8.905545234680176
-6.472670555114746
-7.382796764373779
-9.63272762298584
-12.890068054199219
-12.349225997924805
-7.972962379455566
-4.975763320922852
-5.381689548492432
-12.310203552246094
-9.976054191589355
-6.5009074211120605
-8.778121948242188
-6.5969319343566895
-9.62440013885498
-11.92902946472168
-8.343221664428711
-7.662041187286377
-11.535160064697266
-1.7617459297180176
-7.219171047210693
-9.548255920410156
-9.742212295532227
-9.856186866760254
-10.895730018615723
-8.278082847595215
-8.563665390014648
-9.599206924438477
-8.60996150970459
-10.07979965209961
-8.814289093017578
-9.897271156311035
-5.568899154663086
-8.367565155029297
-10.15575885772705
-12.600715637207031
-7.947263240814209
-7.875560283660889
-6.739104747772217
-10.749764442443848
-8.071847915649414
-10.191085815429688
-6.484354496002197
-6.673019886016846
-8.021001815795898
-10.595218658447266
-8.383146286010742
-10.647513389587402
-9.416351318359375
-9.662248611450195
-10.280050277709961
-9.31024169921875
-9.97060489654541
-8.810371398925781
-5.856009006500244
-8.979121208190918
-15.998649597167969
-11.717824935913086
-10.33659553527832
-11.083473205566406
-7.28535270690918
-5.138594150543213
-9.51278305053711
-8.741500854492188
-8.506677627563477
-8.837116241455078
-7.974789142608643
-13.485803604125977
-4.456889629364014
-12.49285888671875
-5.091810703277588
-7.2235565185546875
-6.136261463165283
-10.437149047851562
-6.520096302032471
-10.381186485290527
-7.051945686340332
-7.578454494476318
-5.797699451446533
-12.307795524597168
-6.2876386642456055
-7.439570903778076
-12.535751342773438
-11.965697288513184
-11.042655944824219
-6.884504795074463
-7.395780086517334
-10.98062515258789
-8.077722549438477
-13.161035537719727
-11.55488395690918
-10.948993682861328
-12.87636947631836
-7.128307819366455
-7.604941368103027
-11.238752365112305
-10.381404876708984
-12.481019973754883
-7.813999176025391
-6.716512680053711
-6.288691997528076
-3.8786773681640625
-13.535776138305664
-8.043756484985352
-16.103845596313477
-7.739695072174072
-12.427714347839355
-7.181098461151123
-10.807679176330566
-9.021856307983398
-8.307329177856445
-11.304182052612305
-11.639376640319824
-10.719185829162598
-7.497635841369629
-9.388425827026367
-8.240985870361328
-9.761079788208008
-10.40732192993164
-6.971151828765869
-8.440617561340332
-8.376947402954102
-12.653233528137207
-11.290874481201172
-10.877249717712402
-11.229013442993164
-7.425840854644775
-7.961281776428223
-10.519530296325684
-1.4683974981307983
-10.117908477783203
-12.600600242614746
-7.928976535797119
-9.345026016235352
-7.973630428314209
-10.824060440063477
-7.331625461578369
-7.150920391082764
-10.876724243164062
-7.962216854095459
-9.692107200622559
-8.76463508605957
-9.47314453125
-6.087106704711914
-10.715021133422852
-16.970539093017578
-9.589366912841797
-5.0064473152160645
-5.469696521759033
-10.648628234863281
-12.347763061523438
-6.994497776031494
-5.399917125701904
-7.9909796714782715
-9.085753440856934
-10.711478233337402
-8.168255805969238
-11.663196563720703
-11.2311429977417
-12.949857711791992
-8.047021865844727
-7.467474937438965
-9.175637245178223
-9.896137237548828
-9.783382415771484
-5.302832126617432
-8.128990173339844
-13.000128746032715
-9.40327262878418
-11.133607864379883
-15.498275756835938
-11.624761581420898
-13.076667785644531
-7.463540554046631
-14.90402603149414
-6.632569313049316
-12.11259937286377
-7.627862453460693
-7.169694423675537
-12.679064750671387
-6.975759029388428
-8.584005355834961
-9.60843563079834
-9.191808700561523
-6.345887660980225
-12.680150032043457
-9.164405822753906
-9.018677711486816
-9.589160919189453
-7.6123480796813965
-9.007059097290039
-8.198564529418945
-9.209052085876465
-8.265707969665527
-12.644661903381348
-8.651742935180664
-11.371264457702637
-11.71514892578125
-11.464129447937012
-10.23304271697998
-6.033987045288086
-9.722376823425293
-8.479536056518555
-8.689594268798828
-5.111485004425049
-9.792160034179688
-7.283117771148682
-5.708371639251709
-10.199895858764648
-10.055270195007324
-7.996777057647705
-14.217071533203125
-8.813841819763184
-10.164447784423828
-12.153736114501953
-9.148446083068848
-10.943946838378906
-13.241456985473633
-11.073010444641113
-7.954850673675537
-6.733962535858154
-13.422508239746094
-2.62385892868042
-8.383077621459961
-8.787762641906738
-9.411629676818848
-10.20841121673584
-8.295413970947266
-11.871695518493652
-11.5770263671875
-15.415435791015625
-8.326257705688477
-12.750467300415039
-8.9888277053833
-8.517714500427246
-9.665372848510742
-13.510520935058594
-9.778328895568848
-10.622142791748047
-10.089599609375
-9.341873168945312
-11.521143913269043
-13.988323211669922
-7.369819641113281
-8.268689155578613
-8.590521812438965
-8.479412078857422
-11.47059440612793
-8.245534896850586
-7.394362926483154
-9.096864700317383
-13.28286361694336
-8.28670883178711
-12.81525707244873
-8.05938720703125
-11.942681312561035
-6.326417922973633
-8.33995246887207
-9.093730926513672
-7.699389934539795
-8.0404052734375
-14.051575660705566
-9.376860618591309
-8.801201820373535
-9.224994659423828
-10.559650421142578
-9.874403953552246
-8.640007972717285
-9.682382583618164
-6.7050347328186035
-9.271321296691895
-7.271085739135742
-5.762994289398193
-10.855172157287598
-9.146909713745117
-7.302000522613525
-7.64940881729126
-7.102590084075928
-10.667508125305176
-7.708189964294434
-7.973395824432373
-9.185904502868652
-12.915484428405762
-10.629046440124512
-8.17996597290039
-10.750350952148438
-13.033090591430664
-8.516663551330566
-14.82512092590332
-9.709903717041016
-11.689563751220703
-11.895723342895508
-10.229948997497559
-12.38458251953125
-12.29374885559082
-5.901963710784912
-7.710748195648193
-9.642339706420898
-15.774068832397461
-9.332681655883789
-12.919464111328125
-11.242446899414062
-12.186342239379883
-13.07887077331543
-12.310925483703613
-11.241332054138184
-9.372894287109375
-7.58577299118042
-11.158366203308105
-11.633821487426758
-6.807639122009277
-11.024839401245117
-4.866608142852783
-7.207120418548584
-11.655538558959961
-9.281003952026367
-14.781511306762695
-11.286489486694336
-6.1550068855285645
-6.658298015594482
-11.746965408325195
-11.841146469116211
-10.87928295135498
-7.916173934936523
-7.358178615570068
-12.995384216308594
-2.662069320678711
-14.826000213623047
-7.984076976776123
-8.802372932434082
-9.52043342590332
-8.379480361938477
-12.10692024230957
-7.784947872161865
-7.875158786773682
-10.438214302062988
-8.006511688232422
-7.1191935539245605
-8.6726655960083
-9.317787170410156
-12.611324310302734
-13.736193656921387
-8.051902770996094
-9.493492126464844
-13.570855140686035
-9.334722518920898
-13.418575286865234
-6.483554363250732
-5.2259321212768555
-13.546527862548828
-8.745972633361816
-9.903112411499023
-12.456855773925781
-8.125763893127441
-15.98818588256836
-6.505934238433838
-12.07061767578125
-8.364124298095703
-10.527692794799805
-5.9932780265808105
-9.344640731811523
-11.33444595336914
-9.57699966430664
-7.82472562789917
-8.093216896057129
-6.7640604972839355
-8.772076606750488
-8.340776443481445
-9.739798545837402
-10.568944931030273
-11.318957328796387
-10.37060546875
-11.111785888671875
-9.715795516967773
-5.826341152191162
-10.027708053588867
-5.4536261558532715
-5.645157337188721
-8.03903865814209
-11.001100540161133
-11.764094352722168
-9.252654075622559
-6.57080602645874
-5.587433338165283
-12.812749862670898
-13.69403076171875
-13.792471885681152
-8.146224021911621
-11.794193267822266
-14.877626419067383
-10.439823150634766
-8.09652042388916
-13.928115844726562
-9.958734512329102
-9.382869720458984
-6.854844570159912
-9.566957473754883
-9.64693546295166
-11.253240585327148
-7.456716060638428
-14.295852661132812
-5.822065830230713
-11.216854095458984
-3.712693452835083
-5.641221046447754
-5.820834159851074
-7.731860160827637
-7.405972957611084
-10.291543960571289
-15.475561141967773
-9.209992408752441
-15.638179779052734
-11.359895706176758
-10.755329132080078
-6.593450546264648
-8.462788581848145
-5.804566860198975
-8.624286651611328
-10.381402969360352
-9.373196601867676
-9.862395286560059
-8.124005317687988
-13.241096496582031
-8.157618522644043
-12.755738258361816
-7.119492053985596
-13.245384216308594
-10.090963363647461
-9.20100212097168
-8.609485626220703
-8.707603454589844
-9.913454055786133
-6.590212345123291
-5.703395843505859
-9.707091331481934
-6.40053129196167
-9.62009334564209
-10.293054580688477
-6.7989983558654785
-12.378572463989258
-9.210243225097656
-9.212890625
-10.544730186462402
-11.453143119812012
-7.558000087738037
-6.851267337799072
-7.77250337600708
-9.152532577514648
-7.705296039581299
-11.933465003967285
-12.487648010253906
-9.562098503112793
-5.84896183013916
-7.3279805183410645
-8.277690887451172
-15.131108283996582
-6.175914287567139
-6.120752811431885
-11.786051750183105
-6.126516342163086
-6.035162448883057
-13.058356285095215
-9.377853393554688
-10.277504920959473
-7.976421356201172
-10.227731704711914
-9.516159057617188
-8.97768783569336
-7.855929851531982
-9.909141540527344
-9.180549621582031
-12.213960647583008
-8.260586738586426
-8.924710273742676
-6.753565311431885
-7.756782531738281
-6.522895336151123
-7.1799092292785645
-4.241761684417725
-7.7438273429870605
-8.764111518859863
-10.33971118927002
-8.498311042785645
-12.342916488647461
-7.750794410705566
-6.38930606842041
-8.294290542602539
-8.180556297302246
-7.9038238525390625
-8.591163635253906
-11.826467514038086
-11.773016929626465
-6.850979328155518
-7.8353657722473145
-10.092765808105469
-7.874044895172119
-7.410835266113281
-6.921239376068115
-6.040277004241943
-9.629508018493652
-7.726261615753174
-10.435527801513672
-14.200969696044922
-9.813348770141602
-8.506258010864258
-9.809962272644043
-6.966624736785889
-12.894050598144531
-6.8345208168029785
-7.611298084259033
-9.808759689331055
-11.206511497497559
-11.136363983154297
-4.755174160003662
-10.560707092285156
-7.333715915679932
-8.339174270629883
-10.87508487701416
-6.846663951873779
-5.988576412200928
-15.139693260192871
-6.507397174835205
-9.740560531616211
-9.206945419311523
-7.442407131195068
-11.535036087036133
-11.988378524780273
-8.699649810791016
-11.917501449584961
-7.639431953430176
-8.236856460571289
-7.45720100402832
-9.899293899536133
-7.143923282623291
-9.735836029052734
-4.610550880432129
-9.452378273010254
-9.346108436584473
-9.393268585205078
-7.91835355758667
-8.156927108764648
-8.252662658691406
-8.445072174072266
-5.294266700744629
-7.903954982757568
-6.143128871917725
-11.229290008544922
-6.5936431884765625
-10.848808288574219
-9.181711196899414
-7.7063069343566895
-11.175565719604492
-10.196453094482422
-10.869989395141602
-12.902271270751953
-7.372997760772705
-9.953632354736328
-6.415989398956299
-8.331220626831055
-8.087874412536621
-8.315397262573242
-8.14449691772461
-9.15099811553955
-6.26428747177124
-8.334613800048828
-7.064941883087158
-11.903519630432129
-13.117950439453125
-11.135351181030273
-8.86456298828125
-13.940561294555664
-10.823016166687012
-9.886039733886719
-4.744961261749268
-8.757954597473145
-10.830881118774414
-8.868417739868164
-12.703563690185547
-6.922290325164795
-12.824623107910156
-9.224909782409668
-6.1371941566467285
-9.824951171875
-5.437012672424316
-10.743850708007812
-3.750152587890625
-8.650940895080566
-11.319706916809082
-14.200199127197266
-9.231854438781738
-7.1122541427612305
-8.07724380493164
-9.15256118774414
-9.971895217895508
-13.540596008300781
-10.47956657409668
-8.779908180236816
-9.366599082946777
-9.475147247314453
-12.07571792602539
-5.844479560852051
-9.504030227661133
-9.201178550720215
-5.9890642166137695
-7.096441745758057
-10.239433288574219
-11.562033653259277
-10.69649887084961
-15.406036376953125
-9.124082565307617
-6.954159736633301
-10.941717147827148
-8.191595077514648
-6.663824558258057
-3.4914917945861816
-10.554774284362793
-7.888330936431885
-8.091773986816406
-5.200287342071533
-9.546623229980469
-8.821996688842773
-10.076476097106934
-8.683547973632812
-3.7794785499572754
-10.495588302612305
-7.246232509613037
-9.835636138916016
-10.231500625610352
-13.931254386901855
-5.928804874420166
-7.888415813446045
-8.421374320983887
-6.567732334136963
-10.06679916381836
-10.054967880249023
-9.100461959838867
-7.696609973907471
-5.162722110748291
-11.522976875305176
-11.652917861938477
-8.973752975463867
-8.44312572479248
-12.604111671447754
-9.773904800415039
-5.956355094909668
-8.517806053161621
-6.011646747589111
-11.65466022491455
-10.668654441833496
-10.039285659790039
-9.227124214172363
-9.873748779296875
-11.005892753601074
-9.594602584838867
-7.2710394859313965
-5.481781482696533
-4.391327381134033
-10.739960670471191
-11.792118072509766
-6.986606597900391
-17.69525146484375
-8.493268966674805
-10.023209571838379
-8.242734909057617
-6.6374993324279785
-8.008974075317383
-12.799888610839844
-12.397500038146973
-12.31757926940918
-9.30917739868164
-8.860613822937012
-9.675726890563965
-9.96380615234375
-9.394372940063477
-9.847012519836426
-8.171995162963867
-7.307022571563721
-7.882158279418945
-10.559109687805176
-5.722951412200928
-10.301752090454102
-7.6151604652404785
-9.664436340332031
-8.081350326538086
-10.952281951904297
-7.197729110717773
-9.241554260253906
-12.674173355102539
-9.938400268554688
-6.2256245613098145
-9.598125457763672
-8.833549499511719
-11.134032249450684
-9.248438835144043
-14.698417663574219
-11.33483600616455
-10.233438491821289
-9.675712585449219
-8.792755126953125
-11.233543395996094
-14.028409957885742
-7.575808048248291
-8.978086471557617
-7.6424784660339355
-10.965376853942871
-6.380771160125732
-9.359121322631836
-7.222390651702881
-8.63035774230957
-14.063216209411621
-11.90420913696289
-9.479640007019043
-12.351460456848145
-5.773478031158447
-10.931400299072266
-7.111042499542236
-6.698204517364502
-10.45997428894043
-8.240752220153809
-8.647314071655273
-11.617513656616211
-8.533886909484863
-14.271049499511719
-10.500957489013672
-9.403765678405762
-10.232465744018555
-9.888608932495117
-6.463310718536377
-10.247638702392578
-11.41419792175293
-9.933073997497559
-11.926671981811523
-10.346920013427734
-9.33869457244873
-7.090655326843262
-6.861505508422852
-9.891541481018066
-7.3360466957092285
-9.139058113098145
-12.262493133544922
-12.861713409423828
-4.436076641082764
-6.876279354095459
-7.758643627166748
-9.068157196044922
-9.107786178588867
-7.72887659072876
-8.723711967468262
0.4417491555213928
-11.168067932128906
-7.570175647735596
-7.638147830963135
-6.611916542053223
-6.034675598144531
-8.784894943237305
-9.386850357055664
-8.706247329711914
-9.631007194519043
-12.531560897827148
-10.774934768676758
-8.550113677978516
-8.841789245605469
-7.3899688720703125
-8.074807167053223
-10.66306209564209
-10.06942367553711
-10.646148681640625
-9.27469253540039
-9.238797187805176
-7.878230571746826
-17.44919204711914
-10.022317886352539
-8.584278106689453
-12.914261817932129
-7.264422416687012
-5.5214385986328125
-7.818077087402344
-9.289703369140625
-12.573983192443848
-6.673975467681885
-11.688824653625488
-11.96945858001709
-8.705538749694824
-11.589338302612305
-10.022297859191895
-7.1358323097229
-9.470474243164062
-14.29226016998291
-14.90648078918457
-11.789932250976562
-12.52678108215332
-5.417105197906494
-9.874509811401367
-9.531912803649902
-9.874029159545898
-7.793458938598633
-8.879404067993164
-8.183204650878906
-9.608784675598145
-11.208355903625488
-12.507811546325684
-8.332274436950684
-11.258379936218262
-7.4933881759643555
-13.697799682617188
-5.624722003936768
-9.07413101196289
-8.781577110290527
-9.504743576049805
-7.159727573394775
-10.266340255737305
-4.846900463104248
-5.89206075668335
-10.187435150146484
-7.324582099914551
-10.100207328796387
-5.8135457038879395
-14.306429862976074
-11.131793975830078
-6.652166843414307
-10.38257122039795
-5.6736040115356445
-11.285999298095703
-7.927726745605469
-6.724006175994873
-8.251319885253906
-8.809454917907715
-13.951288223266602
-13.917835235595703
-7.420073986053467
-7.40538215637207
-11.748801231384277
-7.625782489776611
-6.663155555725098
-13.141508102416992
-11.546869277954102
-2.3783631324768066
-9.460247039794922
-12.063006401062012
-11.284852027893066
-6.878035068511963
-9.866374015808105
-12.777053833007812
-10.733099937438965
-5.0543341636657715
-11.173839569091797
-10.80612564086914
-12.77319622039795
-14.341450691223145
-8.961272239685059
-9.35331916809082
-7.277519702911377
-12.162410736083984
-7.0116658210754395
-9.122919082641602
-8.435791969299316
-11.45422649383545
-13.229458808898926
-7.2230658531188965
-5.619237899780273
-7.380542755126953
-15.723644256591797
-8.290546417236328
-9.260098457336426
-12.923763275146484
-8.320449829101562
-11.280094146728516
-8.195405006408691
-7.391618728637695
-7.9553937911987305
-5.88530158996582
-11.712295532226562
-13.165771484375
-12.583074569702148
-10.732341766357422
-10.452359199523926
-8.70587158203125
-11.623355865478516
-6.790322780609131
-9.3052339553833
-9.219755172729492
-6.5687384605407715
-8.477997779846191
-9.81849479675293
-12.289079666137695
-7.977797985076904
-9.018888473510742
-8.465213775634766
-8.34655475616455
-7.311823844909668
-12.196857452392578
-9.041813850402832
-8.53857707977295
-6.317840099334717
-14.348182678222656
-7.069514274597168
-6.478825092315674
-6.881768703460693
-11.223015785217285
-10.455228805541992
-9.831396102905273
-7.957461833953857
