16.41024398803711
15.152182579040527
15.001014709472656
17.477415084838867
21.831266403198242
14.85470962524414
20.367454528808594
16.929594039916992
12.76538372039795
13.955504417419434
17.360488891601562
18.53509521484375
15.332708358764648
12.560829162597656
17.5972843170166
10.987467765808105
19.44843864440918
13.544666290283203
13.792279243469238
8.790453910827637
20.1818904876709
14.11209774017334
14.225973129272461
17.338844299316406
19.98904037475586
20.513317108154297
17.392486572265625
12.635475158691406
12.558039665222168
17.416641235351562
21.105375289916992
11.584890365600586
18.672697067260742
17.16297721862793
18.98089599609375
18.330556869506836
12.603925704956055
11.695311546325684
16.591325759887695
21.25909996032715
12.112208366394043
16.571788787841797
7.146346092224121
21.726205825805664
17.394542694091797
16.709136962890625
15.884100914001465
14.833569526672363
15.199728965759277
12.419683456420898
15.228241920471191
18.52287483215332
20.699098587036133
19.361644744873047
13.206452369689941
16.46119499206543
12.991781234741211
16.6983642578125
19.232105255126953
20.3891544342041
17.287309646606445
15.348855018615723
16.809812545776367
15.919807434082031
13.223275184631348
18.42711639404297
16.110673904418945
7.397770404815674
26.0594425201416
16.281797409057617
22.455121994018555
13.190413475036621
18.93499183654785
12.742167472839355
18.151290893554688
16.180015563964844
9.386198997497559
14.921138763427734
17.357866287231445
17.141387939453125
13.977856636047363
17.777334213256836
12.83642864227295
17.156776428222656
20.604787826538086
17.32132911682129
16.703948974609375
11.583910942077637
13.854263305664062
16.501028060913086
13.446024894714355
17.576404571533203
16.88191032409668
18.985578536987305
20.986730575561523
18.429874420166016
9.945734977722168
8.784294128417969
15.788132667541504
15.033180236816406
17.036083221435547
20.74651336669922
16.986454010009766
21.29869842529297
16.433773040771484
24.492937088012695
14.710339546203613
18.92940330505371
16.82437515258789
17.303621292114258
14.348487854003906
17.741697311401367
17.710683822631836
26.53425407409668
15.590910911560059
12.674834251403809
14.605472564697266
18.62187385559082
12.842231750488281
19.7081241607666
13.598684310913086
16.98610496520996
15.471488952636719
14.497138023376465
14.834071159362793
15.354625701904297
17.433095932006836
19.5690975189209
23.023914337158203
11.767040252685547
16.5079345703125
16.775964736938477
21.35466957092285
20.523292541503906
13.062127113342285
16.042524337768555
18.158950805664062
11.890698432922363
17.3211612701416
16.631248474121094
21.302841186523438
21.030548095703125
13.36834716796875
13.031011581420898
19.902301788330078
18.606843948364258
18.97402000427246
6.99221658706665
21.12643051147461
16.304922103881836
20.539785385131836
18.73888397216797
2.2027673721313477
16.798324584960938
11.488981246948242
18.815702438354492
20.10608673095703
15.671043395996094
15.7809419631958
17.066755294799805
14.072310447692871
18.12091636657715
19.40677261352539
17.82082176208496
14.710043907165527
15.459970474243164
18.232481002807617
19.49909782409668
12.695877075195312
16.080190658569336
16.67444610595703
20.279985427856445
15.70195484161377
8.894519805908203
12.929877281188965
12.950981140136719
18.367353439331055
19.182018280029297
12.197327613830566
15.920037269592285
18.437801361083984
17.451202392578125
16.523893356323242
17.32551383972168
12.612196922302246
15.19983196258545
18.503095626831055
17.783349990844727
10.827757835388184
13.538031578063965
20.736263275146484
18.429182052612305
16.714262008666992
18.86661720275879
9.610991477966309
23.33100700378418
9.012474060058594
15.582634925842285
11.217458724975586
20.789979934692383
17.1286678314209
15.08157730102539
15.227335929870605
14.724181175231934
17.41258430480957
17.9789981842041
13.744735717773438
13.428010940551758
20.241167068481445
14.855508804321289
9.155932426452637
15.876864433288574
11.555416107177734
16.19890785217285
13.981048583984375
15.173444747924805
20.25078582763672
19.962736129760742
18.345672607421875
20.88068199157715
16.23080825805664
15.301090240478516
20.50249481201172
12.837977409362793
11.85683822631836
14.72279167175293
11.35812759399414
12.955683708190918
15.761802673339844
17.381864547729492
19.68564796447754
17.04754638671875
10.881155967712402
12.729321479797363
20.076570510864258
13.906047821044922
17.19222068786621
14.88404655456543
16.968034744262695
14.241507530212402
17.07989501953125
10.930170059204102
18.915437698364258
17.29971694946289
15.309782981872559
16.34299659729004
15.50947093963623
11.928979873657227
20.135770797729492
19.803178787231445
13.53078842163086
7.915238380432129
18.181856155395508
13.470584869384766
23.068544387817383
20.370973587036133
20.138490676879883
21.096694946289062
16.982341766357422
18.57515525817871
22.306747436523438
16.964216232299805
14.064629554748535
22.771766662597656
20.837984085083008
19.020503997802734
21.90431785583496
18.690500259399414
10.73466682434082
12.900734901428223
19.181507110595703
13.96745777130127
16.16473960876465
17.747163772583008
14.132464408874512
22.39046287536621
17.4702205657959
13.529067993164062
17.814231872558594
15.574506759643555
13.287203788757324
18.510408401489258
18.368825912475586
18.070724487304688
10.100911140441895
13.077814102172852
19.50363540649414
16.533613204956055
13.678410530090332
19.152589797973633
16.629108428955078
14.354914665222168
16.397184371948242
13.895739555358887
13.67959213256836
21.201135635375977
23.609947204589844
21.246173858642578
9.929204940795898
18.471200942993164
20.09537124633789
5.4995551109313965
13.949708938598633
13.604463577270508
15.272897720336914
18.282142639160156
12.982987403869629
17.663366317749023
13.010096549987793
17.581668853759766
16.487468719482422
21.254249572753906
18.44655418395996
12.710071563720703
13.190138816833496
15.365165710449219
19.02444076538086
13.967586517333984
11.130520820617676
19.36506462097168
18.569799423217773
18.42501449584961
17.732372283935547
14.918846130371094
15.440933227539062
18.180070877075195
19.466655731201172
20.42133903503418
22.96247100830078
18.73143768310547
18.12262535095215
19.242109298706055
19.011993408203125
17.64314842224121
13.445804595947266
19.323421478271484
13.296192169189453
17.445663452148438
14.56840705871582
16.82781219482422
16.728633880615234
14.663408279418945
11.67680835723877
20.594039916992188
14.237483978271484
9.45448112487793
15.19031047821045
11.484844207763672
13.34719467163086
14.714824676513672
15.80588150024414
14.303343772888184
11.034197807312012
18.397083282470703
19.167505264282227
13.343334197998047
14.403600692749023
17.337902069091797
11.58306884765625
18.051929473876953
14.48442268371582
17.145275115966797
16.499794006347656
20.350780487060547
21.182146072387695
16.093564987182617
16.968841552734375
16.193336486816406
17.464191436767578
18.364442825317383
15.73949909210205
20.39177131652832
11.862689971923828
15.3721342086792
14.164027214050293
19.52739143371582
13.745856285095215
11.64856243133545
21.7115535736084
21.70436668395996
12.25265121459961
15.989513397216797
14.229961395263672
18.756359100341797
18.709659576416016
15.680362701416016
12.087085723876953
12.250513076782227
17.061758041381836
18.122488021850586
14.892987251281738
13.523468017578125
18.9747371673584
9.840757369995117
9.705056190490723
15.8204927444458
12.605559349060059
19.484844207763672
23.379785537719727
18.09931755065918
17.208499908447266
21.462175369262695
17.423965454101562
12.315875053405762
19.94331932067871
22.0200252532959
15.992713928222656
18.460561752319336
19.907318115234375
15.915940284729004
15.720699310302734
16.984651565551758
17.864696502685547
12.05782413482666
16.368967056274414
14.88498306274414
17.447614669799805
13.88485336303711
15.788290023803711
22.831768035888672
22.32072639465332
16.493104934692383
22.98680877685547
17.74664306640625
22.741918563842773
20.304636001586914
19.34489631652832
22.57880973815918
11.22776985168457
16.284997940063477
22.505207061767578
16.059810638427734
9.12643814086914
18.192047119140625
21.201868057250977
10.28390884399414
11.67331314086914
21.035491943359375
21.697906494140625
18.001564025878906
16.946367263793945
18.520938873291016
15.456456184387207
8.4695405960083
16.614795684814453
14.645874977111816
14.978404998779297
18.36701774597168
13.715228080749512
20.778833389282227
16.34652328491211
18.552156448364258
10.775490760803223
18.09809684753418
17.138866424560547
15.449843406677246
21.431652069091797
19.936832427978516
18.717941284179688
14.346858978271484
13.588896751403809
15.987791061401367
16.51896858215332
14.141026496887207
16.805795669555664
17.128446578979492
14.113028526306152
20.542781829833984
12.0107421875
17.66229248046875
12.197474479675293
12.542747497558594
13.905609130859375
16.5779972076416
19.245197296142578
20.027799606323242
15.26224422454834
18.406551361083984
17.075918197631836
11.777665138244629
18.64081573486328
19.895864486694336
14.241636276245117
17.565746307373047
14.059185028076172
18.97701072692871
17.649206161499023
14.20510196685791
20.33414649963379
20.313961029052734
18.325611114501953
10.563295364379883
20.67841148376465
13.801199913024902
11.04515552520752
11.729310035705566
11.261590957641602
15.891797065734863
20.07083511352539
18.00255584716797
24.221513748168945
20.534820556640625
15.90188217163086
11.755156517028809
18.639739990234375
15.174532890319824
20.866714477539062
19.533620834350586
18.033803939819336
18.25608253479004
11.105874061584473
9.503993034362793
18.509105682373047
14.815328598022461
8.999933242797852
7.690497875213623
20.40240478515625
15.550504684448242
8.459237098693848
16.35556983947754
8.005590438842773
12.364405632019043
21.657350540161133
15.758868217468262
17.945558547973633
17.101016998291016
14.39847183227539
14.819661140441895
13.123790740966797
13.83536148071289
22.970386505126953
13.862981796264648
15.782221794128418
21.506969451904297
16.316242218017578
19.320695877075195
19.151885986328125
22.392353057861328
3.249235153198242
16.706995010375977
10.596736907958984
19.457271575927734
22.378950119018555
10.65262508392334
20.929882049560547
21.37917709350586
17.327022552490234
14.792956352233887
20.11324119567871
15.355767250061035
18.768632888793945
18.343692779541016
23.92983055114746
15.908781051635742
15.400667190551758
19.576982498168945
12.94926929473877
18.794824600219727
14.169170379638672
18.777362823486328
24.090049743652344
13.905521392822266
21.64643669128418
18.370250701904297
17.197113037109375
15.094229698181152
11.771688461303711
12.390158653259277
20.101770401000977
16.448461532592773
15.275208473205566
23.235069274902344
19.356304168701172
15.91535472869873
18.162141799926758
20.678483963012695
24.989545822143555
12.962370872497559
19.438148498535156
14.052769660949707
15.637919425964355
21.07697868347168
9.766531944274902
22.92743682861328
20.31329345703125
15.12396240234375
6.340198993682861
21.118572235107422
16.869272232055664
18.87394905090332
11.8517484664917
17.5419864654541
17.648855209350586
15.061771392822266
16.083473205566406
13.4278564453125
16.477203369140625
13.866108894348145
10.814055442810059
17.580766677856445
22.499624252319336
19.665056228637695
16.25434112548828
18.759489059448242
17.182640075683594
7.951127529144287
23.919021606445312
20.968021392822266
15.329686164855957
15.702953338623047
15.14541244506836
18.86846923828125
11.871074676513672
7.62532901763916
22.652572631835938
20.24949836730957
17.034589767456055
17.92300796508789
20.13812828063965
12.598530769348145
17.71579933166504
17.990995407104492
16.30912208557129
17.695192337036133
20.5333309173584
11.39134407043457
21.49748420715332
14.206779479980469
15.509098052978516
15.784249305725098
16.819622039794922
17.56505584716797
14.039508819580078
15.195666313171387
12.530263900756836
14.252301216125488
16.57685089111328
10.12997817993164
19.036043167114258
16.167932510375977
21.091217041015625
19.58299446105957
9.802873611450195
15.113739967346191
16.934450149536133
17.50157356262207
11.115260124206543
18.2595272064209
18.17112922668457
17.286338806152344
14.090535163879395
17.23316192626953
22.66157341003418
12.789756774902344
16.219039916992188
14.501627922058105
18.829193115234375
18.760578155517578
16.481304168701172
16.55122947692871
19.791656494140625
18.809043884277344
9.90889835357666
20.597490310668945
13.166182518005371
17.981460571289062
20.73077964782715
18.047487258911133
20.585453033447266
12.328110694885254
20.13357162475586
17.660184860229492
15.406381607055664
19.420806884765625
12.02115535736084
17.318239212036133
10.980753898620605
21.688838958740234
14.46567440032959
20.327177047729492
12.014978408813477
21.845796585083008
18.506763458251953
14.050957679748535
14.17075252532959
14.967424392700195
18.431352615356445
7.420779705047607
18.605052947998047
18.10483169555664
21.14873504638672
18.906625747680664
14.88809585571289
15.575264930725098
14.308670043945312
17.060222625732422
18.463632583618164
15.333789825439453
15.61076831817627
16.14736557006836
16.684602737426758
18.942302703857422
16.15593147277832
21.2707576751709
22.800508499145508
19.84269905090332
10.445125579833984
18.069103240966797
7.394465923309326
18.992197036743164
14.47127628326416
18.69061851501465
18.995275497436523
19.66135597229004
16.073074340820312
15.887484550476074
15.470054626464844
13.786568641662598
17.245838165283203
22.76658821105957
17.58709144592285
16.541419982910156
19.071823120117188
11.563558578491211
20.908283233642578
17.742265701293945
19.15382957458496
20.46320152282715
17.71368980407715
13.508137702941895
13.118229866027832
24.81829833984375
16.409645080566406
22.173463821411133
19.014741897583008
19.520034790039062
7.687777519226074
20.86821937561035
14.878934860229492
13.330760955810547
16.16812515258789
16.165157318115234
22.406784057617188
18.540719985961914
9.323602676391602
14.789480209350586
14.365839004516602
22.03010368347168
19.91388702392578
16.479341506958008
13.150592803955078
18.402862548828125
9.093680381774902
11.763042449951172
15.866236686706543
16.72197151184082
21.000150680541992
11.934086799621582
20.768821716308594
15.363432884216309
12.934989929199219
9.119932174682617
18.66388702392578
18.41853904724121
21.11839485168457
17.857152938842773
13.517494201660156
14.246968269348145
16.82396697998047
13.86117935180664
14.165186882019043
8.074823379516602
22.286623001098633
10.927512168884277
18.347280502319336
10.540807723999023
21.724485397338867
14.521228790283203
21.200836181640625
19.964174270629883
19.37915802001953
15.317925453186035
21.8939208984375
14.47978401184082
15.315807342529297
19.014432907104492
19.12507438659668
13.546277046203613
14.041116714477539
12.026597023010254
13.241641998291016
12.907052040100098
22.377723693847656
15.19701862335205
19.23381996154785
22.425268173217773
17.699071884155273
12.858698844909668
20.763551712036133
16.498394012451172
14.507583618164062
19.465259552001953
17.134323120117188
14.779440879821777
21.148000717163086
15.627605438232422
21.59101676940918
15.59140682220459
19.1386661529541
15.084510803222656
18.220550537109375
14.541922569274902
9.468879699707031
19.419771194458008
16.69297981262207
19.04815673828125
13.119629859924316
15.732368469238281
15.569887161254883
8.906473159790039
18.345611572265625
11.968893051147461
20.972095489501953
14.664352416992188
15.62704086303711
15.010544776916504
13.232983589172363
23.266508102416992
18.08209991455078
13.785247802734375
20.191665649414062
20.469039916992188
20.249914169311523
14.236191749572754
15.912837028503418
16.58061408996582
11.754497528076172
12.670804977416992
18.32863998413086
11.125515937805176
11.80568790435791
22.318035125732422
19.029109954833984
20.85971450805664
17.016775131225586
18.741676330566406
19.9381160736084
16.721111297607422
18.17915153503418
13.771498680114746
7.180060386657715
7.8236002922058105
21.175453186035156
18.3302059173584
13.207768440246582
16.32903480529785
17.3305721282959
19.670793533325195
15.056262969970703
20.242650985717773
15.294245719909668
16.142925262451172
15.776084899902344
17.90656280517578
19.34054183959961
17.952280044555664
13.340202331542969
17.057661056518555
19.503684997558594
19.550140380859375
23.07158851623535
18.554004669189453
14.724750518798828
13.004262924194336
18.829145431518555
17.992347717285156
20.847267150878906
8.971929550170898
17.40019989013672
11.835115432739258
10.721680641174316
17.270999908447266
18.862157821655273
13.466599464416504
15.358879089355469
22.799823760986328
17.08269691467285
15.397125244140625
11.642887115478516
18.60223960876465
15.798229217529297
19.791616439819336
18.94584083557129
16.506315231323242
15.293210983276367
15.38370418548584
11.790711402893066
24.297536849975586
10.890375137329102
14.76513385772705
11.719402313232422
21.071792602539062
16.199352264404297
16.842374801635742
16.781465530395508
17.48517417907715
18.934595108032227
19.702009201049805
12.954202651977539
16.677711486816406
16.64609146118164
12.832351684570312
15.80171012878418
12.46517562866211
17.81025505065918
21.497236251831055
19.309324264526367
20.76633071899414
13.895187377929688
23.227502822875977
13.870387077331543
16.551883697509766
16.68577766418457
16.983081817626953
13.985408782958984
15.62294864654541
17.134164810180664
17.99740982055664
13.998344421386719
17.98900604248047
17.617813110351562
18.989774703979492
6.869248867034912
14.094291687011719
22.37078857421875
17.236507415771484
16.606929779052734
16.840662002563477
17.865461349487305
19.317279815673828
20.54658317565918
17.859207153320312
14.52786922454834
20.995494842529297
18.027572631835938
16.679128646850586
16.474349975585938
15.259860038757324
19.175588607788086
15.827205657958984
15.002557754516602
12.633216857910156
19.986757278442383
15.670010566711426
12.471808433532715
19.239065170288086
20.08805274963379
12.676401138305664
13.601394653320312
21.10123634338379
18.8041934967041
18.8012638092041
20.18831443786621
14.355384826660156
16.51664924621582
18.256568908691406
18.80980110168457
10.876704216003418
12.868069648742676
18.180009841918945
22.3283634185791
21.577730178833008
15.038006782531738
13.643936157226562
16.933921813964844
18.377904891967773
12.031978607177734
19.521011352539062
15.091965675354004
20.891559600830078
21.588844299316406
15.088342666625977
16.738536834716797
19.89080810546875
12.874731063842773
19.5847225189209
17.618534088134766
19.42595100402832
22.122425079345703
14.373578071594238
18.061716079711914
8.515800476074219
16.260950088500977
24.003488540649414
17.891244888305664
15.842218399047852
18.811067581176758
19.755563735961914
19.90300750732422
16.73809051513672
-7.348782062530518
-6.449913501739502
-6.6650004386901855
-3.8432278633117676
-10.554001808166504
-12.644845962524414
-14.927220344543457
-17.070919036865234
-5.823923587799072
-8.417245864868164
-4.560004234313965
-8.082117080688477
-9.778547286987305
-13.535993576049805
-7.622469425201416
-3.4191040992736816
-9.67756462097168
-10.444343566894531
-8.372703552246094
-9.779173851013184
-8.436634063720703
-9.108254432678223
-6.84145975112915
-9.580474853515625
-12.168769836425781
-12.871423721313477
-10.552010536193848
-9.200242042541504
-12.23321533203125
-7.769463539123535
-10.95496940612793
-9.300804138183594
-14.245359420776367
-6.943580150604248
-14.828873634338379
-9.39427375793457
-8.791055679321289
-14.198331832885742
-10.103754997253418
-12.681471824645996
-7.62558126449585
-9.735233306884766
-8.677909851074219
-11.49342155456543
-8.71945571899414
-7.890526294708252
-8.426793098449707
-12.881694793701172
-9.073930740356445
-11.008328437805176
-9.954800605773926
-11.406089782714844
-7.669507026672363
-11.995577812194824
-11.202459335327148
-7.864273548126221
-11.636162757873535
-5.382093906402588
-11.003050804138184
-5.8165154457092285
-10.212810516357422
-5.146125793457031
-13.343122482299805
-11.13520336151123
-7.280863285064697
-8.675069808959961
-11.365578651428223
-6.022170543670654
-13.919066429138184
-9.17441177368164
-6.831428050994873
-9.845182418823242
-9.702767372131348
-8.613168716430664
-7.575427532196045
-9.918649673461914
-9.700017929077148
-9.31635570526123
-6.6517767906188965
-11.863726615905762
-12.413538932800293
-12.121862411499023
-8.370763778686523
-10.270700454711914
-8.26132583618164
-5.734328269958496
-9.888237953186035
-11.718062400817871
-7.437681674957275
-7.945319652557373
-9.714825630187988
-11.594482421875
-6.909744739532471
-10.09713077545166
-9.677709579467773
-9.1415433883667
-12.274356842041016
-7.298994541168213
-8.905545234680176
-6.472670555114746
-7.382796764373779
-9.63272762298584
-12.890068054199219
-12.349225997924805
-7.972962379455566
-4.975763320922852
-5.381689548492432
-12.310203552246094
-9.976054191589355
-6.5009074211120605
-8.778121948242188
-6.5969319343566895
-9.62440013885498
-11.92902946472168
-8.343221664428711
-7.662041187286377
-11.535160064697266
-1.7617459297180176
-7.219171047210693
-9.548255920410156
-9.742212295532227
-9.856186866760254
-10.895730018615723
-8.278082847595215
-8.563665390014648
-9.599206924438477
-8.60996150970459
-10.07979965209961
-8.814289093017578
-9.897271156311035
-5.568899154663086
-8.367565155029297
-10.15575885772705
-12.600715637207031
-7.947263240814209
-7.875560283660889
-6.739104747772217
-10.749764442443848
-8.071847915649414
-10.191085815429688
-6.484354496002197
-6.673019886016846
-8.021001815795898
-10.595218658447266
-8.383146286010742
-10.647513389587402
-9.416351318359375
-9.662248611450195
-10.280050277709961
-9.31024169921875
-9.97060489654541
-8.810371398925781
-5.856009006500244
-8.979121208190918
-15.998649597167969
-11.717824935913086
-10.33659553527832
-11.083473205566406
-7.28535270690918
-5.138594150543213
-9.51278305053711
-8.741500854492188
-8.506677627563477
-8.837116241455078
-7.974789142608643
-13.485803604125977
-4.456889629364014
-12.49285888671875
-5.091810703277588
-7.2235565185546875
-6.136261463165283
-10.437149047851562
-6.520096302032471
-10.381186485290527
-7.051945686340332
-7.578454494476318
-5.797699451446533
-12.307795524597168
-6.2876386642456055
-7.439570903778076
-12.535751342773438
-11.965697288513184
-11.042655944824219
-6.884504795074463
-7.395780086517334
-10.98062515258789
-8.077722549438477
-13.161035537719727
-11.55488395690918
-10.948993682861328
-12.87636947631836
-7.128307819366455
-7.604941368103027
-11.238752365112305
-10.381404876708984
-12.481019973754883
-7.813999176025391
-6.716512680053711
-6.288691997528076
-3.8786773681640625
-13.535776138305664
-8.043756484985352
-16.103845596313477
-7.739695072174072
-12.427714347839355
-7.181098461151123
-10.807679176330566
-9.021856307983398
-8.307329177856445
-11.304182052612305
-11.639376640319824
-10.719185829162598
-7.497635841369629
-9.388425827026367
-8.240985870361328
-9.761079788208008
-10.40732192993164
-6.971151828765869
-8.440617561340332
-8.376947402954102
-12.653233528137207
-11.290874481201172
-10.877249717712402
-11.229013442993164
-7.425840854644775
-7.961281776428223
-10.519530296325684
-1.4683974981307983
-10.117908477783203
-12.600600242614746
-7.928976535797119
-9.345026016235352
-7.973630428314209
-10.824060440063477
-7.331625461578369
-7.150920391082764
-10.876724243164062
-7.962216854095459
-9.692107200622559
-8.76463508605957
-9.47314453125
-6.087106704711914
-10.715021133422852
-16.970539093017578
-9.589366912841797
-5.0064473152160645
-5.469696521759033
-10.648628234863281
-12.347763061523438
-6.994497776031494
-5.399917125701904
-7.9909796714782715
-9.085753440856934
-10.711478233337402
-8.168255805969238
-11.663196563720703
-11.2311429977417
-12.949857711791992
-8.047021865844727
-7.467474937438965
-9.175637245178223
-9.896137237548828
-9.783382415771484
-5.302832126617432
-8.128990173339844
-13.000128746032715
-9.40327262878418
-11.133607864379883
-15.498275756835938
-11.624761581420898
-13.076667785644531
-7.463540554046631
-14.90402603149414
-6.632569313049316
-12.11259937286377
-7.627862453460693
-7.169694423675537
-12.679064750671387
-6.975759029388428
-8.584005355834961
-9.60843563079834
-9.191808700561523
-6.345887660980225
-12.680150032043457
-9.164405822753906
-9.018677711486816
-9.589160919189453
-7.6123480796813965
-9.007059097290039
-8.198564529418945
-9.209052085876465
-8.265707969665527
-12.644661903381348
-8.651742935180664
-11.371264457702637
-11.71514892578125
-11.464129447937012
-10.23304271697998
-6.033987045288086
-9.722376823425293
-8.479536056518555
-8.689594268798828
-5.111485004425049
-9.792160034179688
-7.283117771148682
-5.708371639251709
-10.199895858764648
-10.055270195007324
-7.996777057647705
-14.217071533203125
-8.813841819763184
-10.164447784423828
-12.153736114501953
-9.148446083068848
-10.943946838378906
-13.241456985473633
-11.073010444641113
-7.954850673675537
-6.733962535858154
-13.422508239746094
-2.62385892868042
-8.383077621459961
-8.787762641906738
-9.411629676818848
-10.20841121673584
-8.295413970947266
-11.871695518493652
-11.5770263671875
-15.415435791015625
-8.326257705688477
-12.750467300415039
-8.9888277053833
-8.517714500427246
-9.665372848510742
-13.510520935058594
-9.778328895568848
-10.622142791748047
-10.089599609375
-9.341873168945312
-11.521143913269043
-13.988323211669922
-7.369819641113281
-8.268689155578613
-8.590521812438965
-8.479412078857422
-11.47059440612793
-8.245534896850586
-7.394362926483154
-9.096864700317383
-13.28286361694336
-8.28670883178711
-12.81525707244873
-8.05938720703125
-11.942681312561035
-6.326417922973633
-8.33995246887207
-9.093730926513672
-7.699389934539795
-8.0404052734375
-14.051575660705566
-9.376860618591309
-8.801201820373535
-9.224994659423828
-10.559650421142578
-9.874403953552246
-8.640007972717285
-9.682382583618164
-6.7050347328186035
-9.271321296691895
-7.271085739135742
-5.762994289398193
-10.855172157287598
-9.146909713745117
-7.302000522613525
-7.64940881729126
-7.102590084075928
-10.667508125305176
-7.708189964294434
-7.973395824432373
-9.185904502868652
-12.915484428405762
-10.629046440124512
-8.17996597290039
-10.750350952148438
-13.033090591430664
-8.516663551330566
-14.82512092590332
-9.709903717041016
-11.689563751220703
-11.895723342895508
-10.229948997497559
-12.38458251953125
-12.29374885559082
-5.901963710784912
-7.710748195648193
-9.642339706420898
-15.774068832397461
-9.332681655883789
-12.919464111328125
-11.242446899414062
-12.186342239379883
-13.07887077331543
-12.310925483703613
-11.241332054138184
-9.372894287109375
-7.58577299118042
-11.158366203308105
-11.633821487426758
-6.807639122009277
-11.024839401245117
-4.866608142852783
-7.207120418548584
-11.655538558959961
-9.281003952026367
-14.781511306762695
-11.286489486694336
-6.1550068855285645
-6.658298015594482
-11.746965408325195
-11.841146469116211
-10.87928295135498
-7.916173934936523
-7.358178615570068
-12.995384216308594
-2.662069320678711
-14.826000213623047
-7.984076976776123
-8.802372932434082
-9.52043342590332
-8.379480361938477
-12.10692024230957
-7.784947872161865
-7.875158786773682
-10.438214302062988
-8.006511688232422
-7.1191935539245605
-8.6726655960083
-9.317787170410156
-12.611324310302734
-13.736193656921387
-8.051902770996094
-9.493492126464844
-13.570855140686035
-9.334722518920898
-13.418575286865234
-6.483554363250732
-5.2259321212768555
-13.546527862548828
-8.745972633361816
-9.903112411499023
-12.456855773925781
-8.125763893127441
-15.98818588256836
-6.505934238433838
-12.07061767578125
-8.364124298095703
-10.527692794799805
-5.9932780265808105
-9.344640731811523
-11.33444595336914
-9.57699966430664
-7.82472562789917
-8.093216896057129
-6.7640604972839355
-8.772076606750488
-8.340776443481445
-9.739798545837402
-10.568944931030273
-11.318957328796387
-10.37060546875
-11.111785888671875
-9.715795516967773
-5.826341152191162
-10.027708053588867
-5.4536261558532715
-5.645157337188721
-8.03903865814209
-11.001100540161133
-11.764094352722168
-9.252654075622559
-6.57080602645874
-5.587433338165283
-12.812749862670898
-13.69403076171875
-13.792471885681152
-8.146224021911621
-11.794193267822266
-14.877626419067383
-10.439823150634766
-8.09652042388916
-13.928115844726562
-9.958734512329102
-9.382869720458984
-6.854844570159912
-9.566957473754883
-9.64693546295166
-11.253240585327148
-7.456716060638428
-14.295852661132812
-5.822065830230713
-11.216854095458984
-3.712693452835083
-5.641221046447754
-5.820834159851074
-7.731860160827637
-7.405972957611084
-10.291543960571289
-15.475561141967773
-9.209992408752441
-15.638179779052734
-11.359895706176758
-10.755329132080078
-6.593450546264648
-8.462788581848145
-5.804566860198975
-8.624286651611328
-10.381402969360352
-9.373196601867676
-9.862395286560059
-8.124005317687988
-13.241096496582031
-8.157618522644043
-12.755738258361816
-7.119492053985596
-13.245384216308594
-10.090963363647461
-9.20100212097168
-8.609485626220703
-8.707603454589844
-9.913454055786133
-6.590212345123291
-5.703395843505859
-9.707091331481934
-6.40053129196167
-9.62009334564209
-10.293054580688477
-6.7989983558654785
-12.378572463989258
-9.210243225097656
-9.212890625
-10.544730186462402
-11.453143119812012
-7.558000087738037
-6.851267337799072
-7.77250337600708
-9.152532577514648
-7.705296039581299
-11.933465003967285
-12.487648010253906
-9.562098503112793
-5.84896183013916
-7.3279805183410645
-8.277690887451172
-15.131108283996582
-6.175914287567139
-6.120752811431885
-11.786051750183105
-6.126516342163086
-6.035162448883057
-13.058356285095215
-9.377853393554688
-10.277504920959473
-7.976421356201172
-10.227731704711914
-9.516159057617188
-8.97768783569336
-7.855929851531982
-9.909141540527344
-9.180549621582031
-12.213960647583008
-8.260586738586426
-8.924710273742676
-6.753565311431885
-7.756782531738281
-6.522895336151123
-7.1799092292785645
-4.241761684417725
-7.7438273429870605
-8.764111518859863
-10.33971118927002
-8.498311042785645
-12.342916488647461
-7.750794410705566
-6.38930606842041
-8.294290542602539
-8.180556297302246
-7.9038238525390625
-8.591163635253906
-11.826467514038086
-11.773016929626465
-6.850979328155518
-7.8353657722473145
-10.092765808105469
-7.874044895172119
-7.410835266113281
-6.921239376068115
-6.040277004241943
-9.629508018493652
-7.726261615753174
-10.435527801513672
-14.200969696044922
-9.813348770141602
-8.506258010864258
-9.809962272644043
-6.966624736785889
-12.894050598144531
-6.8345208168029785
-7.611298084259033
-9.808759689331055
-11.206511497497559
-11.136363983154297
-4.755174160003662
-10.560707092285156
-7.333715915679932
-8.339174270629883
-10.87508487701416
-6.846663951873779
-5.988576412200928
-15.139693260192871
-6.507397174835205
-9.740560531616211
-9.206945419311523
-7.442407131195068
-11.535036087036133
-11.988378524780273
-8.699649810791016
-11.917501449584961
-7.639431953430176
-8.236856460571289
-7.45720100402832
-9.899293899536133
-7.143923282623291
-9.735836029052734
-4.610550880432129
-9.452378273010254
-9.346108436584473
-9.393268585205078
-7.91835355758667
-8.156927108764648
-8.252662658691406
-8.445072174072266
-5.294266700744629
-7.903954982757568
-6.143128871917725
-11.229290008544922
-6.5936431884765625
-10.848808288574219
-9.181711196899414
-7.7063069343566895
-11.175565719604492
-10.196453094482422
-10.869989395141602
-12.902271270751953
-7.372997760772705
-9.953632354736328
-6.415989398956299
-8.331220626831055
-8.087874412536621
-8.315397262573242
-8.14449691772461
-9.15099811553955
-6.26428747177124
-8.334613800048828
-7.064941883087158
-11.903519630432129
-13.117950439453125
-11.135351181030273
-8.86456298828125
-13.940561294555664
-10.823016166687012
-9.886039733886719
-4.744961261749268
-8.757954597473145
-10.830881118774414
-8.868417739868164
-12.703563690185547
-6.922290325164795
-12.824623107910156
-9.224909782409668
-6.1371941566467285
-9.824951171875
-5.437012672424316
-10.743850708007812
-3.750152587890625
-8.650940895080566
-11.319706916809082
-14.200199127197266
-9.231854438781738
-7.1122541427612305
-8.07724380493164
-9.15256118774414
-9.971895217895508
-13.540596008300781
-10.47956657409668
-8.779908180236816
-9.366599082946777
-9.475147247314453
-12.07571792602539
-5.844479560852051
-9.504030227661133
-9.201178550720215
-5.9890642166137695
-7.096441745758057
-10.239433288574219
-11.562033653259277
-10.69649887084961
-15.406036376953125
-9.124082565307617
-6.954159736633301
-10.941717147827148
-8.191595077514648
-6.663824558258057
-3.4914917945861816
-10.554774284362793
-7.888330936431885
-8.091773986816406
-5.200287342071533
-9.546623229980469
-8.821996688842773
-10.076476097106934
-8.683547973632812
-3.7794785499572754
-10.495588302612305
-7.246232509613037
-9.835636138916016
-10.231500625610352
-13.931254386901855
-5.928804874420166
-7.888415813446045
-8.421374320983887
-6.567732334136963
-10.06679916381836
-10.054967880249023
-9.100461959838867
-7.696609973907471
-5.162722110748291
-11.522976875305176
-11.652917861938477
-8.973752975463867
-8.44312572479248
-12.604111671447754
-9.773904800415039
-5.956355094909668
-8.517806053161621
-6.011646747589111
-11.65466022491455
-10.668654441833496
-10.039285659790039
-9.227124214172363
-9.873748779296875
-11.005892753601074
-9.594602584838867
-7.2710394859313965
-5.481781482696533
-4.391327381134033
-10.739960670471191
-11.792118072509766
-6.986606597900391
-17.69525146484375
-8.493268966674805
-10.023209571838379
-8.242734909057617
-6.6374993324279785
-8.008974075317383
-12.799888610839844
-12.397500038146973
-12.31757926940918
-9.30917739868164
-8.860613822937012
-9.675726890563965
-9.96380615234375
-9.394372940063477
-9.847012519836426
-8.171995162963867
-7.307022571563721
-7.882158279418945
-10.559109687805176
-5.722951412200928
-10.301752090454102
-7.6151604652404785
-9.664436340332031
-8.081350326538086
-10.952281951904297
-7.197729110717773
-9.241554260253906
-12.674173355102539
-9.938400268554688
-6.2256245613098145
-9.598125457763672
-8.833549499511719
-11.134032249450684
-9.248438835144043
-14.698417663574219
-11.33483600616455
-10.233438491821289
-9.675712585449219
-8.792755126953125
-11.233543395996094
-14.028409957885742
-7.575808048248291
-8.978086471557617
-7.6424784660339355
-10.965376853942871
-6.380771160125732
-9.359121322631836
-7.222390651702881
-8.63035774230957
-14.063216209411621
-11.90420913696289
-9.479640007019043
-12.351460456848145
-5.773478031158447
-10.931400299072266
-7.111042499542236
-6.698204517364502
-10.45997428894043
-8.240752220153809
-8.647314071655273
-11.617513656616211
-8.533886909484863
-14.271049499511719
-10.500957489013672
-9.403765678405762
-10.232465744018555
-9.888608932495117
-6.463310718536377
-10.247638702392578
-11.41419792175293
-9.933073997497559
-11.926671981811523
-10.346920013427734
-9.33869457244873
-7.090655326843262
-6.861505508422852
-9.891541481018066
-7.3360466957092285
-9.139058113098145
-12.262493133544922
-12.861713409423828
-4.436076641082764
-6.876279354095459
-7.758643627166748
-9.068157196044922
-9.107786178588867
-7.72887659072876
-8.723711967468262
0.4417491555213928
-11.168067932128906
-7.570175647735596
-7.638147830963135
-6.611916542053223
-6.034675598144531
-8.784894943237305
-9.386850357055664
-8.706247329711914
-9.631007194519043
-12.531560897827148
-10.774934768676758
-8.550113677978516
-8.841789245605469
-7.3899688720703125
-8.074807167053223
-10.66306209564209
-10.06942367553711
-10.646148681640625
-9.27469253540039
-9.238797187805176
-7.878230571746826
-17.44919204711914
-10.022317886352539
-8.584278106689453
-12.914261817932129
-7.264422416687012
-5.5214385986328125
-7.818077087402344
-9.289703369140625
-12.573983192443848
-6.673975467681885
-11.688824653625488
-11.96945858001709
-8.705538749694824
-11.589338302612305
-10.022297859191895
-7.1358323097229
-9.470474243164062
-14.29226016998291
-14.90648078918457
-11.789932250976562
-12.52678108215332
-5.417105197906494
-9.874509811401367
-9.531912803649902
-9.874029159545898
-7.793458938598633
-8.879404067993164
-8.183204650878906
-9.608784675598145
-11.208355903625488
-12.507811546325684
-8.332274436950684
-11.258379936218262
-7.4933881759643555
-13.697799682617188
-5.624722003936768
-9.07413101196289
-8.781577110290527
-9.504743576049805
-7.159727573394775
-10.266340255737305
-4.846900463104248
-5.89206075668335
-10.187435150146484
-7.324582099914551
-10.100207328796387
-5.8135457038879395
-14.306429862976074
-11.131793975830078
-6.652166843414307
-10.38257122039795
-5.6736040115356445
-11.285999298095703
-7.927726745605469
-6.724006175994873
-8.251319885253906
-8.809454917907715
-13.951288223266602
-13.917835235595703
-7.420073986053467
-7.40538215637207
-11.748801231384277
-7.625782489776611
-6.663155555725098
-13.141508102416992
-11.546869277954102
-2.3783631324768066
-9.460247039794922
-12.063006401062012
-11.284852027893066
-6.878035068511963
-9.866374015808105
-12.777053833007812
-10.733099937438965
-5.0543341636657715
-11.173839569091797
-10.80612564086914
-12.77319622039795
-14.341450691223145
-8.961272239685059
-9.35331916809082
-7.277519702911377
-12.162410736083984
-7.0116658210754395
-9.122919082641602
-8.435791969299316
-11.45422649383545
-13.229458808898926
-7.2230658531188965
-5.619237899780273
-7.380542755126953
-15.723644256591797
-8.290546417236328
-9.260098457336426
-12.923763275146484
-8.320449829101562
-11.280094146728516
-8.195405006408691
-7.391618728637695
-7.9553937911987305
-5.88530158996582
-11.712295532226562
-13.165771484375
-12.583074569702148
-10.732341766357422
-10.452359199523926
-8.70587158203125
-11.623355865478516
-6.790322780609131
-9.3052339553833
-9.219755172729492
-6.5687384605407715
-8.477997779846191
-9.81849479675293
-12.289079666137695
-7.977797985076904
-9.018888473510742
-8.465213775634766
-8.34655475616455
-7.311823844909668
-12.196857452392578
-9.041813850402832
-8.53857707977295
-6.317840099334717
-14.348182678222656
-7.069514274597168
-6.478825092315674
-6.881768703460693
-11.223015785217285
-10.455228805541992
-9.831396102905273
-7.957461833953857
