26.151531219482422
25.602079391479492
21.704572677612305
26.731260299682617
22.67046546936035
24.84117317199707
27.30923843383789
26.888944625854492
27.429201126098633
24.471588134765625
25.159765243530273
23.949445724487305
21.806713104248047
23.89942169189453
26.19384002685547
23.658485412597656
26.274391174316406
26.477022171020508
24.154844284057617
20.497310638427734
25.70323944091797
25.81110191345215
25.174680709838867
26.93184471130371
26.726089477539062
23.935609817504883
27.18216896057129
25.032617568969727
26.335142135620117
25.020071029663086
25.515087127685547
27.34205436706543
21.355628967285156
27.75105094909668
23.32900619506836
26.667387008666992
26.27340316772461
23.828588485717773
28.29680061340332
25.5362491607666
23.07321548461914
22.877178192138672
26.456636428833008
24.119516372680664
26.22296714782715
28.981176376342773
24.720754623413086
25.840967178344727
22.5433406829834
26.42889404296875
27.861251831054688
23.979724884033203
27.22028160095215
26.257343292236328
23.856664657592773
24.03835678100586
27.34027099609375
26.748945236206055
26.66544532775879
26.57295036315918
27.036848068237305
26.005386352539062
26.477907180786133
26.0152530670166
26.604387283325195
26.558040618896484
24.916324615478516
25.110313415527344
23.727291107177734
26.233261108398438
24.145605087280273
27.097549438476562
25.918058395385742
21.14659309387207
23.797361373901367
26.94535255432129
24.360868453979492
23.228574752807617
26.461210250854492
26.4612979888916
27.302026748657227
27.22171401977539
24.385221481323242
26.474853515625
25.69418716430664
24.21430015563965
24.78820037841797
24.91599464416504
25.95240020751953
25.890119552612305
22.97446060180664
24.185455322265625
28.12877082824707
23.86425018310547
24.686771392822266
22.938941955566406
22.338523864746094
22.9180965423584
25.687917709350586
23.082387924194336
27.2470645904541
26.019794464111328
26.806032180786133
21.799358367919922
23.71270179748535
24.86469841003418
26.01369285583496
23.170406341552734
24.089237213134766
25.65152359008789
24.621274948120117
24.629634857177734
24.41267204284668
22.491790771484375
25.043752670288086
25.036989212036133
25.6487979888916
20.998104095458984
23.722915649414062
22.73084831237793
24.42816925048828
24.64607810974121
24.915029525756836
23.366992950439453
25.23284339904785
25.96335792541504
27.723941802978516
27.849040985107422
24.366968154907227
25.332345962524414
25.008554458618164
28.37804412841797
27.90760612487793
22.917009353637695
22.260499954223633
24.482282638549805
26.315711975097656
25.589759826660156
24.328243255615234
26.232595443725586
28.44566535949707
28.33833885192871
26.47447395324707
28.08374786376953
23.246612548828125
26.55044937133789
24.219945907592773
21.8907413482666
25.81210708618164
24.661470413208008
24.640607833862305
26.592605590820312
26.6933650970459
28.49363136291504
23.931110382080078
27.24509048461914
23.414079666137695
25.184865951538086
22.129873275756836
27.3525333404541
24.631914138793945
24.922365188598633
25.140459060668945
25.82572364807129
22.08413314819336
25.699665069580078
27.253612518310547
26.236345291137695
26.203737258911133
24.56756591796875
24.699146270751953
18.655099868774414
25.372663497924805
27.09208869934082
25.884939193725586
23.879823684692383
27.46608543395996
24.18766212463379
24.664758682250977
27.40003776550293
25.339345932006836
23.97368812561035
26.134050369262695
26.96422576904297
25.536272048950195
23.878650665283203
24.74897575378418
24.307363510131836
25.798330307006836
25.77483558654785
23.581907272338867
24.666894912719727
22.871694564819336
27.445096969604492
25.61040687561035
26.54571533203125
26.64925765991211
27.190553665161133
26.65284538269043
21.667091369628906
25.370121002197266
25.5635929107666
22.236949920654297
27.63031578063965
24.818559646606445
26.409404754638672
26.074140548706055
26.369958877563477
21.77682113647461
26.56785011291504
24.677719116210938
24.719717025756836
24.29401969909668
27.0137996673584
25.287128448486328
23.24575424194336
24.573890686035156
26.310707092285156
24.03763198852539
24.33819580078125
23.86530113220215
18.465377807617188
26.235488891601562
24.866003036499023
22.349939346313477
25.96760368347168
26.466856002807617
26.324752807617188
23.720075607299805
24.855125427246094
25.922883987426758
25.342050552368164
25.597490310668945
25.940967559814453
22.243362426757812
25.208276748657227
24.00876808166504
20.017576217651367
21.49815559387207
24.591232299804688
21.856334686279297
26.973318099975586
25.239681243896484
27.02130699157715
25.436569213867188
26.241397857666016
27.24733543395996
24.53156852722168
25.706560134887695
27.09067726135254
26.238847732543945
28.28544044494629
25.051286697387695
25.165098190307617
25.300771713256836
28.238676071166992
21.390018463134766
27.751750946044922
26.093448638916016
25.423450469970703
27.151691436767578
24.205907821655273
28.061262130737305
21.967313766479492
27.579862594604492
25.83821678161621
27.24095916748047
26.332061767578125
24.28884506225586
24.785308837890625
25.524356842041016
25.72226905822754
25.051488876342773
25.345823287963867
25.721641540527344
23.159997940063477
25.54552459716797
22.942201614379883
25.066722869873047
23.59171485900879
22.746187210083008
19.920122146606445
27.554550170898438
25.498592376708984
25.4361572265625
26.621620178222656
27.701208114624023
24.997167587280273
27.01285743713379
26.254920959472656
27.232275009155273
27.346914291381836
25.226327896118164
26.524272918701172
23.419368743896484
25.5554256439209
26.434141159057617
25.036893844604492
23.47633934020996
23.525678634643555
24.052978515625
25.654672622680664
25.253931045532227
26.232452392578125
27.274351119995117
20.097665786743164
25.69475555419922
24.81069564819336
24.97862434387207
25.32575035095215
24.043733596801758
22.861196517944336
26.026933670043945
26.60929298400879
27.337839126586914
25.360984802246094
24.4604434967041
22.943315505981445
21.05953025817871
25.823328018188477
22.516355514526367
27.989137649536133
27.341827392578125
27.062023162841797
26.014240264892578
27.58725929260254
20.659719467163086
25.917665481567383
26.417116165161133
24.581880569458008
27.336515426635742
23.116907119750977
25.702625274658203
26.301273345947266
26.67371368408203
25.00462532043457
24.55807113647461
25.09103012084961
22.990514755249023
23.980133056640625
22.31909942626953
25.4545955657959
23.614439010620117
24.26055335998535
25.636993408203125
22.94721794128418
22.861270904541016
25.66303825378418
25.41025733947754
26.769981384277344
25.45003318786621
23.921092987060547
24.340343475341797
24.9762020111084
24.336854934692383
24.436906814575195
27.26243782043457
26.286195755004883
22.372098922729492
26.35126304626465
24.95393943786621
26.25592803955078
23.156312942504883
21.370019912719727
24.490983963012695
23.725906372070312
25.384042739868164
27.031749725341797
26.43602180480957
22.06873321533203
26.119657516479492
28.5061092376709
26.09635353088379
22.945768356323242
24.99760627746582
25.365747451782227
23.252214431762695
24.61791229248047
28.27985954284668
25.331012725830078
25.250335693359375
24.95551109313965
23.79254722595215
25.550874710083008
24.343069076538086
25.681631088256836
24.59060287475586
23.77629280090332
28.02412986755371
26.314987182617188
28.45008659362793
21.732511520385742
25.57118797302246
21.453718185424805
25.32135772705078
19.8316650390625
24.72191619873047
26.332868576049805
25.932247161865234
22.15380859375
26.835901260375977
25.833070755004883
22.687835693359375
23.860429763793945
26.406267166137695
25.219392776489258
24.240222930908203
27.13235092163086
22.524768829345703
24.34809684753418
27.6756649017334
27.97439193725586
24.109277725219727
24.258182525634766
27.63844108581543
27.439321517944336
27.408477783203125
24.731307983398438
25.653791427612305
24.346433639526367
25.843873977661133
24.403743743896484
22.415077209472656
24.795595169067383
22.795560836791992
27.226377487182617
28.15251922607422
27.742494583129883
27.35596466064453
25.490768432617188
24.73908805847168
24.72306251525879
27.54231071472168
25.734750747680664
17.221832275390625
22.60032844543457
25.655292510986328
25.37876319885254
21.770002365112305
25.01053810119629
26.116342544555664
21.85710906982422
25.257431030273438
26.888473510742188
27.159717559814453
23.93768310546875
23.693510055541992
23.88325309753418
25.423616409301758
24.623090744018555
23.66971778869629
25.560853958129883
26.37824821472168
23.601694107055664
24.533601760864258
27.127304077148438
25.818044662475586
25.821653366088867
27.43386459350586
26.727041244506836
26.820058822631836
26.661680221557617
22.51882553100586
21.042654037475586
25.487897872924805
24.260746002197266
24.771326065063477
25.146013259887695
22.384815216064453
23.685182571411133
25.76456069946289
27.930755615234375
22.708019256591797
24.90422821044922
29.560239791870117
22.793790817260742
24.402849197387695
25.11644172668457
23.631967544555664
24.732500076293945
25.734806060791016
24.285680770874023
23.647689819335938
25.0476131439209
26.236190795898438
26.495271682739258
25.470314025878906
24.71808433532715
22.336965560913086
25.078977584838867
25.095657348632812
28.4106502532959
26.226669311523438
21.510272979736328
24.27164649963379
25.94502830505371
27.38636016845703
26.285062789916992
26.396102905273438
27.53931999206543
25.299381256103516
25.035316467285156
26.50874137878418
24.654706954956055
20.60807228088379
23.173307418823242
26.202932357788086
23.00016212463379
26.398221969604492
26.593294143676758
24.03690528869629
26.689504623413086
22.535524368286133
26.521276473999023
27.234434127807617
24.88710594177246
26.26951789855957
24.36149787902832
26.032691955566406
23.950807571411133
23.347387313842773
25.562820434570312
24.572904586791992
23.494373321533203
25.768003463745117
26.153104782104492
26.01348114013672
25.384565353393555
27.128664016723633
23.945375442504883
24.0364990234375
26.337675094604492
26.901880264282227
24.452119827270508
23.60231590270996
26.7097225189209
26.837560653686523
26.87533187866211
21.378286361694336
26.19648551940918
23.84367561340332
24.26323890686035
26.30869483947754
26.14225959777832
25.80461311340332
24.76345443725586
27.336713790893555
21.897218704223633
21.94424819946289
24.201576232910156
25.43222427368164
27.94432258605957
25.751615524291992
27.152494430541992
23.621278762817383
21.06000518798828
27.33662223815918
27.343931198120117
19.42824363708496
26.58006477355957
26.4242000579834
24.518037796020508
24.400060653686523
24.762319564819336
22.851581573486328
23.795635223388672
25.48029327392578
23.8333740234375
23.848480224609375
24.88652992248535
22.671133041381836
24.954334259033203
21.921518325805664
26.795278549194336
27.622312545776367
23.858835220336914
26.08659553527832
23.271631240844727
25.710844039916992
27.18987464904785
24.492963790893555
25.52227210998535
26.526273727416992
26.81338119506836
24.825963973999023
21.56505584716797
27.34354019165039
27.11965560913086
24.657869338989258
24.880468368530273
25.042070388793945
24.8847713470459
23.57219886779785
21.641681671142578
24.771398544311523
25.7858829498291
26.857519149780273
26.044153213500977
26.22809410095215
23.969322204589844
26.9051456451416
26.071748733520508
25.29315185546875
26.40468978881836
26.4874267578125
26.215110778808594
22.95384979248047
24.241947174072266
25.484975814819336
26.227819442749023
25.232240676879883
24.264842987060547
24.616334915161133
25.04783058166504
23.247743606567383
23.253969192504883
26.827938079833984
25.562164306640625
26.0966796875
26.008453369140625
25.25050926208496
25.191850662231445
26.647436141967773
24.7811336517334
25.19776153564453
27.604759216308594
25.6546630859375
26.318252563476562
23.829408645629883
24.21170425415039
26.722164154052734
26.85763168334961
24.71265983581543
25.83719825744629
24.267528533935547
25.358442306518555
21.81356430053711
26.265958786010742
24.970386505126953
25.763774871826172
25.713340759277344
23.28782844543457
25.498809814453125
20.37141227722168
22.89996337890625
27.317766189575195
24.918790817260742
22.304908752441406
24.615629196166992
21.467798233032227
17.82312774658203
25.85982894897461
25.81261444091797
26.082056045532227
26.22503089904785
22.101486206054688
26.979032516479492
28.538602828979492
26.791818618774414
24.372346878051758
22.78404998779297
24.509708404541016
23.888072967529297
22.66570281982422
25.07697868347168
26.577720642089844
25.933246612548828
26.299848556518555
26.900789260864258
27.736188888549805
19.159332275390625
24.819744110107422
24.216455459594727
24.834529876708984
23.371505737304688
26.52913475036621
25.966970443725586
22.354646682739258
23.969587326049805
26.63327980041504
25.492517471313477
26.94246482849121
25.15026092529297
26.401229858398438
21.58234405517578
24.61524200439453
21.74064826965332
26.877002716064453
24.664955139160156
26.451372146606445
23.361066818237305
24.048498153686523
27.967166900634766
23.704219818115234
24.29826545715332
24.557445526123047
25.21776008605957
24.748750686645508
23.04865074157715
22.987565994262695
25.814435958862305
25.32887077331543
26.514537811279297
23.220922470092773
27.280071258544922
27.3676700592041
26.338239669799805
24.212692260742188
23.802230834960938
22.18012809753418
26.964065551757812
24.681209564208984
24.77913475036621
27.179033279418945
26.226099014282227
24.790969848632812
25.44771385192871
26.272794723510742
26.399911880493164
21.773847579956055
22.686323165893555
25.29677391052246
25.67864418029785
27.36308479309082
27.088665008544922
24.96392059326172
24.396621704101562
24.939659118652344
26.829696655273438
27.271455764770508
26.647119522094727
24.27269172668457
25.788854598999023
22.9798526763916
24.84086036682129
27.553049087524414
25.333219528198242
26.51327896118164
29.186105728149414
23.176485061645508
24.882429122924805
23.859580993652344
25.598546981811523
23.342248916625977
25.548477172851562
23.021373748779297
21.758481979370117
26.342065811157227
25.06534767150879
24.438093185424805
24.87689781188965
21.71183204650879
27.20400619506836
24.576921463012695
24.31397247314453
25.331510543823242
27.1439266204834
25.849802017211914
22.673324584960938
24.77346420288086
26.64109992980957
25.859193801879883
24.629554748535156
27.001014709472656
24.828889846801758
24.519874572753906
24.572723388671875
22.503110885620117
24.015308380126953
25.867998123168945
24.660152435302734
25.73387336730957
26.080720901489258
26.376047134399414
26.67145538330078
23.916223526000977
21.07179069519043
26.566946029663086
24.24940299987793
24.808284759521484
26.125505447387695
28.06001853942871
27.654138565063477
21.069252014160156
23.506486892700195
25.100605010986328
25.249347686767578
24.35504722595215
26.22430419921875
24.33102035522461
24.099576950073242
26.91918182373047
25.301502227783203
25.368247985839844
26.733394622802734
20.91721534729004
26.940532684326172
25.916446685791016
27.296663284301758
27.838441848754883
26.441314697265625
24.198081970214844
28.024587631225586
25.553621292114258
28.274717330932617
25.487714767456055
27.77073860168457
23.30278968811035
26.461198806762695
24.57891273498535
25.618398666381836
26.99915313720703
27.238100051879883
22.341585159301758
22.596254348754883
27.26361083984375
27.7752685546875
26.714025497436523
25.550703048706055
29.187334060668945
26.492168426513672
24.47888946533203
22.029356002807617
24.875932693481445
25.135587692260742
27.774755477905273
23.650720596313477
26.476240158081055
25.536088943481445
25.875699996948242
25.579540252685547
23.974653244018555
22.96410369873047
23.999399185180664
26.45253562927246
25.50649070739746
22.324445724487305
27.51394271850586
25.122188568115234
25.100196838378906
24.576204299926758
28.559345245361328
24.131616592407227
23.68291664123535
21.52021598815918
24.806100845336914
25.186967849731445
27.736183166503906
27.343902587890625
26.28760528564453
28.167516708374023
23.99724006652832
25.738122940063477
23.726585388183594
23.99249267578125
26.121681213378906
18.91144561767578
21.357759475708008
24.36086082458496
27.383146286010742
24.612226486206055
27.726516723632812
27.783708572387695
23.80702781677246
22.141176223754883
26.115861892700195
26.265100479125977
25.158613204956055
28.40321159362793
24.775400161743164
26.1225528717041
27.288320541381836
28.17531967163086
26.895366668701172
28.01362419128418
24.96402931213379
24.720178604125977
20.71591567993164
20.705589294433594
27.019554138183594
23.142976760864258
25.83391761779785
26.690820693969727
24.72594451904297
27.35392951965332
25.60588264465332
27.113130569458008
25.663780212402344
26.646833419799805
25.327091217041016
26.063039779663086
27.766874313354492
23.63831901550293
24.262548446655273
21.604379653930664
27.751054763793945
27.72268295288086
24.85345458984375
24.16887664794922
21.485429763793945
24.544185638427734
27.21882438659668
26.066265106201172
24.309961318969727
24.926605224609375
27.78318977355957
24.06731414794922
25.889238357543945
27.52240562438965
28.305715560913086
25.00563621520996
25.9798641204834
27.094633102416992
26.025495529174805
24.020036697387695
26.837230682373047
28.315622329711914
26.30669593811035
21.46338653564453
25.631572723388672
25.47507667541504
27.292001724243164
26.824365615844727
25.843311309814453
25.797456741333008
27.454221725463867
23.92473602294922
25.715333938598633
23.312320709228516
26.260866165161133
25.347755432128906
22.4484806060791
28.199861526489258
27.69021224975586
26.37220573425293
26.315963745117188
24.742069244384766
26.567262649536133
24.8848819732666
26.92060661315918
26.688718795776367
24.69742202758789
25.384065628051758
25.655582427978516
26.603160858154297
24.939044952392578
16.00870132446289
26.367822647094727
25.610334396362305
23.339874267578125
25.2273006439209
26.937164306640625
26.26548194885254
23.517471313476562
25.270936965942383
28.199705123901367
27.200353622436523
24.830913543701172
24.867155075073242
25.622713088989258
24.764118194580078
24.699251174926758
23.75421714782715
25.439735412597656
25.73138427734375
23.337953567504883
28.212682723999023
23.16012191772461
29.86821746826172
26.3127498626709
23.685346603393555
27.493383407592773
23.328641891479492
25.134788513183594
24.82081413269043
23.40448760986328
24.73599624633789
26.304685592651367
26.746963500976562
24.347070693969727
24.798200607299805
27.51717758178711
26.21659278869629
26.610197067260742
25.693124771118164
25.7873592376709
24.319875717163086
24.450536727905273
23.1368465423584
23.566438674926758
27.816320419311523
25.156963348388672
-18.158353805541992
-16.118066787719727
-18.824472427368164
-16.497440338134766
-18.132261276245117
-17.088306427001953
-18.877086639404297
-16.190065383911133
-16.175477981567383
-18.026119232177734
-16.569507598876953
-16.318445205688477
-18.063234329223633
-17.144227981567383
-15.326593399047852
-15.949684143066406
-17.402362823486328
-17.096050262451172
-18.218048095703125
-18.68234634399414
-17.452045440673828
-18.2109432220459
-16.658145904541016
-16.32996368408203
-17.714366912841797
-17.70428466796875
-17.107954025268555
-16.476396560668945
-15.723864555358887
-15.031900405883789
-17.79255485534668
-15.484947204589844
-15.702987670898438
-16.302106857299805
-18.003494262695312
-18.631351470947266
-15.729144096374512
-19.288084030151367
-17.811918258666992
-18.06513786315918
-17.153383255004883
-16.817890167236328
-17.805700302124023
-18.627687454223633
-16.99420738220215
-17.73578453063965
-15.898226737976074
-18.587451934814453
-17.89885139465332
-17.26667594909668
-19.2446346282959
-18.59912872314453
-18.485034942626953
-18.51249122619629
-17.493534088134766
-17.701242446899414
-18.634016036987305
-17.423002243041992
-19.061145782470703
-16.200942993164062
-18.391687393188477
-16.41455841064453
-16.600465774536133
-16.69703483581543
-13.45783805847168
-16.973569869995117
-18.018451690673828
-18.340011596679688
-17.278621673583984
-19.036731719970703
-18.541120529174805
-17.160768508911133
-16.3236083984375
-16.88992691040039
-16.681241989135742
-16.858173370361328
-16.173965454101562
-18.16282081604004
-15.92788028717041
-18.0909423828125
-17.801015853881836
-17.53696060180664
-15.940220832824707
-17.83991241455078
-18.474891662597656
-19.376617431640625
-18.333913803100586
-18.303030014038086
-16.110448837280273
-18.790529251098633
-16.91116714477539
-18.19039535522461
-19.327266693115234
-18.144018173217773
-18.413801193237305
-18.027374267578125
-17.766477584838867
-16.732877731323242
-16.27318572998047
-18.476360321044922
-15.62679386138916
-18.814777374267578
-18.197023391723633
-18.845361709594727
-18.338308334350586
-18.033138275146484
-17.61227798461914
-17.709945678710938
-18.624683380126953
-15.066923141479492
-16.935016632080078
-15.931811332702637
-15.45322036743164
-17.60929298400879
-15.977531433105469
-19.065610885620117
-19.291261672973633
-18.84320068359375
-17.93028450012207
-18.66947364807129
-18.17364501953125
-18.924091339111328
-18.499921798706055
-16.398950576782227
-18.01397132873535
-17.59031867980957
-16.126392364501953
-19.616580963134766
-16.524389266967773
-18.899206161499023
-16.63673210144043
-18.342090606689453
-18.259748458862305
-18.9219913482666
-15.770929336547852
-17.66087532043457
-17.00701332092285
-18.20844841003418
-13.228532791137695
-17.880325317382812
-18.74961280822754
-17.349891662597656
-17.212583541870117
-15.901101112365723
-18.132522583007812
-18.545055389404297
-16.86781883239746
-17.051956176757812
-16.468486785888672
-17.246519088745117
-18.380775451660156
-18.169353485107422
-17.712242126464844
-19.012113571166992
-17.435338973999023
-17.39155387878418
-18.453411102294922
-17.071807861328125
-16.221723556518555
-16.37595558166504
-16.70492172241211
-16.994558334350586
-16.535564422607422
-16.215909957885742
-14.344171524047852
-13.231618881225586
-15.69489574432373
-16.961933135986328
-16.155101776123047
-18.036291122436523
-16.408740997314453
-17.57944679260254
-16.628419876098633
-17.97063636779785
-14.952864646911621
-18.206762313842773
-17.807729721069336
-16.6285457611084
-18.11121940612793
-15.853816986083984
-17.733497619628906
-18.05350685119629
-17.577816009521484
-16.36565589904785
-16.65420913696289
-16.12338638305664
-18.76249122619629
-18.150760650634766
-17.712778091430664
-19.023853302001953
-18.12616729736328
-17.735519409179688
-18.280118942260742
-18.435331344604492
-18.749723434448242
-19.084062576293945
-16.60451316833496
-14.37664794921875
-17.398950576782227
-18.179473876953125
-16.733875274658203
-18.534027099609375
-17.998233795166016
-18.17733383178711
-19.39011573791504
-17.269922256469727
-16.71674919128418
-17.71329116821289
-13.687445640563965
-17.651609420776367
-18.872455596923828
-16.747905731201172
-16.848779678344727
-17.436487197875977
-16.580249786376953
-18.61549949645996
-16.759052276611328
-18.8746337890625
-19.52696418762207
-17.366926193237305
-15.998821258544922
-18.05784797668457
-18.91670799255371
-17.494813919067383
-18.545940399169922
-17.910062789916992
-16.8656063079834
-16.585508346557617
-16.142080307006836
-17.532917022705078
-17.41074562072754
-17.594789505004883
-16.522550582885742
-16.070255279541016
-17.088422775268555
-16.587339401245117
-18.02260398864746
-17.057950973510742
-18.061464309692383
-19.172388076782227
-18.097522735595703
-13.800880432128906
-14.35812759399414
-16.875930786132812
-16.014768600463867
-16.708227157592773
-16.95279312133789
-16.204572677612305
-17.201217651367188
-19.234546661376953
-15.781933784484863
-14.129106521606445
-18.957151412963867
-19.17503547668457
-12.530542373657227
-18.684175491333008
-19.275007247924805
-17.550708770751953
-17.664653778076172
-17.670820236206055
-17.823135375976562
-15.840076446533203
-19.091941833496094
-16.524097442626953
-17.768619537353516
-16.96928596496582
-17.465795516967773
-16.411108016967773
-17.393516540527344
-17.181703567504883
-19.695688247680664
-16.767560958862305
-17.745290756225586
-14.748416900634766
-17.388822555541992
-19.522296905517578
-17.279380798339844
-18.550796508789062
-17.41718101501465
-17.64702606201172
-16.572811126708984
-19.730302810668945
-19.058923721313477
-15.462509155273438
-16.109529495239258
-16.08199119567871
-18.573688507080078
-16.436948776245117
-12.591399192810059
-17.89106559753418
-17.17129898071289
-14.142004013061523
-14.947369575500488
-18.03047752380371
-15.332474708557129
-17.36774253845215
-16.941682815551758
-17.786788940429688
-16.60434341430664
-15.224929809570312
-18.616613388061523
-15.558046340942383
-16.96324348449707
-17.894195556640625
-16.73512077331543
-18.254812240600586
-18.15253257751465
-18.831653594970703
-17.33688735961914
-17.702486038208008
-13.753398895263672
-17.71802520751953
-17.675657272338867
-18.95895004272461
-19.2020320892334
-17.253313064575195
-16.7515926361084
-18.046735763549805
-17.586366653442383
-17.12965202331543
-16.021827697753906
-16.615930557250977
-18.176843643188477
-18.134302139282227
-18.818052291870117
-18.528444290161133
-17.878137588500977
-18.47793960571289
-17.55245018005371
-18.473220825195312
-18.684349060058594
-18.325902938842773
-15.652667999267578
-17.91920280456543
-19.639005661010742
-18.40406608581543
-16.270112991333008
-18.592309951782227
-17.39167022705078
-18.157474517822266
-16.863759994506836
-15.54439926147461
-16.667556762695312
-18.4386043548584
-18.31540870666504
-16.773359298706055
-18.457263946533203
-17.748882293701172
-14.067863464355469
-17.75445556640625
-20.023035049438477
-15.998254776000977
-16.4841251373291
-16.875301361083984
-17.120731353759766
-16.918651580810547
-17.875661849975586
-17.36945343017578
-15.640439987182617
-18.227340698242188
-11.587944030761719
-17.70687484741211
-17.747093200683594
-12.581040382385254
-17.72037696838379
-16.858030319213867
-17.285133361816406
-18.237823486328125
-18.786781311035156
-17.414310455322266
-16.44487762451172
-18.309898376464844
-17.57463836669922
-17.78095817565918
-18.437124252319336
-17.715890884399414
-16.02058982849121
-18.058691024780273
-18.192163467407227
-14.03216552734375
-18.312471389770508
-16.0933895111084
-15.777400970458984
-15.401382446289062
-19.272016525268555
-16.626670837402344
-17.790163040161133
-16.780614852905273
-18.427488327026367
-18.651611328125
-17.112607955932617
-18.123533248901367
-19.12012481689453
-17.747238159179688
-18.582887649536133
-17.20490074157715
-17.687358856201172
-17.193912506103516
-18.589481353759766
-18.085317611694336
-17.645641326904297
-17.14869499206543
-17.014324188232422
-17.874650955200195
-16.66222381591797
-18.377111434936523
-18.571006774902344
-16.950050354003906
-13.832476615905762
-17.821407318115234
-18.51626968383789
-18.448959350585938
-17.01075553894043
-18.87568473815918
-16.14785385131836
-18.218469619750977
-16.2111873626709
-17.452438354492188
-19.019346237182617
-16.741487503051758
-18.660945892333984
-17.762725830078125
-18.36428451538086
-16.967653274536133
-14.379437446594238
-18.61771583557129
-18.392799377441406
-17.543643951416016
-16.322059631347656
-17.00754165649414
-17.284881591796875
-17.886524200439453
-17.6572322845459
-18.52350425720215
-17.986669540405273
-16.707021713256836
-18.007673263549805
-15.772024154663086
-18.779462814331055
-17.518295288085938
-16.598159790039062
-18.626728057861328
-17.931703567504883
-16.928613662719727
-18.671001434326172
-15.289204597473145
-18.593055725097656
-19.185991287231445
-19.10262680053711
-18.540632247924805
-17.94137191772461
-14.625229835510254
-17.92804718017578
-17.22429656982422
-17.575490951538086
-15.63897705078125
-18.12495994567871
-18.289152145385742
-18.442800521850586
-18.403711318969727
-17.828126907348633
-18.151538848876953
-18.190744400024414
-18.333080291748047
-16.5303897857666
-18.581029891967773
-16.427515029907227
-16.829282760620117
-18.09771156311035
-17.41378402709961
-15.90249252319336
-18.33416175842285
-16.593482971191406
-18.597036361694336
-14.928359985351562
-18.368671417236328
-17.66859245300293
-17.257558822631836
-18.811994552612305
-19.363910675048828
-18.36297035217285
-19.445056915283203
-17.74698257446289
-18.546188354492188
-16.671306610107422
-18.53376579284668
-18.22120475769043
-14.987665176391602
-18.801355361938477
-18.270404815673828
-18.208955764770508
-16.544504165649414
-16.82999610900879
-18.069604873657227
-17.96051025390625
-16.25055503845215
-16.582307815551758
-18.108449935913086
-16.516979217529297
-17.438751220703125
-18.493680953979492
-15.435750007629395
-17.63496971130371
-17.385705947875977
-16.844196319580078
-16.648252487182617
-17.892152786254883
-19.93042755126953
-18.373743057250977
-18.97849464416504
-16.609630584716797
-16.93623161315918
-17.416135787963867
-15.782392501831055
-18.532447814941406
-17.13459587097168
-16.86009407043457
-17.781068801879883
-17.46184539794922
-19.827306747436523
-16.731624603271484
-15.676637649536133
-18.57258415222168
-18.459428787231445
-17.73346519470215
-15.361268997192383
-17.152631759643555
-12.616604804992676
-17.504560470581055
-12.63485336303711
-17.06814193725586
-17.118019104003906
-17.072969436645508
-16.53025245666504
-19.30919075012207
-17.811491012573242
-16.54678726196289
-18.08200454711914
-17.605632781982422
-11.356496810913086
-16.88833999633789
-16.056278228759766
-20.064069747924805
-19.384140014648438
-16.182785034179688
-18.081329345703125
-16.883302688598633
-14.470499038696289
-16.962133407592773
-15.305632591247559
-18.014799118041992
-18.591623306274414
-20.164649963378906
-17.73224639892578
-16.84309959411621
-16.861370086669922
-18.726299285888672
-15.728790283203125
-11.71998119354248
-18.046316146850586
-18.51291275024414
-16.93808937072754
-14.740479469299316
-18.48399543762207
-17.385955810546875
-17.076684951782227
-17.123727798461914
-19.37532615661621
-19.389404296875
-14.974710464477539
-16.719362258911133
-19.09530258178711
-16.769271850585938
-19.21747398376465
-19.03277587890625
-16.673973083496094
-18.60951042175293
-11.660947799682617
-18.385425567626953
-18.260560989379883
-18.374786376953125
-18.673702239990234
-17.597715377807617
-18.423154830932617
-16.967004776000977
-18.83112335205078
-16.778423309326172
-17.32611846923828
-19.1190242767334
-19.575984954833984
-15.764909744262695
-13.28165340423584
-18.09137535095215
-16.41152572631836
-17.03938102722168
-15.12380599975586
-16.436344146728516
-17.01081085205078
-19.186437606811523
-18.764894485473633
-16.829200744628906
-18.753114700317383
-15.27651596069336
-17.822704315185547
-17.95321273803711
-17.012699127197266
-18.138996124267578
-17.456390380859375
-16.696237564086914
-16.311861038208008
-17.058551788330078
-17.992462158203125
-17.707368850708008
-19.228195190429688
-17.462329864501953
-15.951245307922363
-18.635297775268555
-18.495826721191406
-18.762704849243164
-19.011219024658203
-16.67806053161621
-17.58631706237793
-14.566434860229492
-19.264453887939453
-17.317001342773438
-18.151657104492188
-17.94390869140625
-18.312162399291992
-19.038846969604492
-17.463117599487305
-18.66563606262207
-18.053707122802734
-16.21161460876465
-16.89764976501465
-15.227167129516602
-16.664186477661133
-17.014604568481445
-15.589351654052734
-18.26146125793457
-18.530902862548828
-18.854421615600586
-18.473718643188477
-18.30006980895996
-15.912317276000977
-16.202972412109375
-17.8942813873291
-15.060219764709473
-17.277240753173828
-15.954377174377441
-18.09291648864746
-15.384223937988281
-18.019733428955078
-18.847196578979492
-17.92823028564453
-15.042895317077637
-17.164140701293945
-18.707035064697266
-17.00936508178711
-18.047338485717773
-13.971630096435547
-18.6051082611084
-17.84940528869629
-18.591768264770508
-16.86896324157715
-16.149499893188477
-17.69678497314453
-16.217060089111328
-16.783178329467773
-18.04498863220215
-17.226200103759766
-18.22862434387207
-15.251228332519531
-17.605274200439453
-18.091154098510742
-16.939189910888672
-18.21221923828125
-13.959726333618164
-17.999670028686523
-17.843246459960938
-18.3736629486084
-17.06097412109375
-17.34809684753418
-18.61644744873047
-17.276525497436523
-17.507631301879883
-16.932918548583984
-17.925748825073242
-15.739216804504395
-17.74138069152832
-15.87285327911377
-18.790876388549805
-19.297082901000977
-17.58709716796875
-17.446002960205078
-17.381723403930664
-17.990982055664062
-18.66313934326172
-17.902738571166992
-16.863962173461914
-18.213529586791992
-16.290679931640625
-17.387218475341797
-16.10408592224121
-17.161720275878906
-18.65277671813965
-13.670246124267578
-19.22146987915039
-17.319881439208984
-18.367422103881836
-17.300233840942383
-16.755905151367188
-16.79693031311035
-16.775022506713867
-17.63964080810547
-18.64267921447754
-15.494372367858887
-17.296611785888672
-15.392982482910156
-19.3796443939209
-18.130468368530273
-14.77072811126709
-19.079320907592773
-17.948087692260742
-17.61039161682129
-18.98198699951172
-18.169939041137695
-17.00739860534668
-15.480752944946289
-16.994857788085938
-16.53116226196289
-18.36139488220215
-18.3001766204834
-18.4492244720459
-17.99850845336914
-16.52433204650879
-17.492807388305664
-16.169382095336914
-15.601097106933594
-18.407878875732422
-18.7689208984375
-18.0148868560791
-17.691743850708008
-17.798540115356445
-18.81406593322754
-14.327705383300781
-17.32672119140625
-15.345727920532227
-19.13966941833496
-12.826202392578125
-15.526444435119629
-18.70566749572754
-15.647541046142578
-16.955678939819336
-16.722700119018555
-17.476421356201172
-17.666976928710938
-16.881540298461914
-16.969539642333984
-18.252201080322266
-17.806211471557617
-14.885173797607422
-16.746479034423828
-18.045825958251953
-18.559446334838867
-18.04730796813965
-18.361438751220703
-16.261985778808594
-13.971369743347168
-18.11911392211914
-8.381300926208496
-16.589778900146484
-16.69794273376465
-16.912294387817383
-11.472262382507324
-16.9182186126709
-13.01828384399414
-17.998228073120117
-16.559677124023438
-17.540287017822266
-17.492124557495117
-19.221784591674805
-17.221660614013672
-15.805466651916504
-19.109601974487305
-16.73195457458496
-17.949609756469727
-15.465953826904297
-12.160778045654297
-16.743072509765625
-18.269729614257812
-18.287273406982422
-15.587268829345703
-18.249197006225586
-17.296340942382812
-17.597763061523438
-18.357078552246094
-18.25600242614746
-16.291101455688477
-19.19393539428711
-16.57563018798828
-17.5968017578125
-17.63587188720703
-14.958986282348633
-17.205280303955078
-17.383724212646484
-17.855239868164062
-19.240520477294922
-19.223793029785156
-19.036500930786133
-15.774892807006836
-15.736177444458008
-16.071800231933594
-19.694229125976562
-17.085172653198242
-16.93718147277832
-17.067766189575195
-17.73649787902832
-16.4067440032959
-17.661373138427734
-14.295982360839844
-17.7491397857666
-17.150026321411133
-17.008567810058594
-16.953962326049805
-18.866880416870117
-16.567344665527344
-17.75960922241211
-19.186058044433594
-16.0336971282959
-17.680570602416992
-17.702892303466797
-16.1859130859375
-14.84062385559082
-18.994983673095703
-18.18545150756836
-17.502792358398438
-18.15503692626953
-15.391592025756836
-16.967998504638672
-16.457117080688477
-17.085664749145508
-17.437454223632812
-17.8006591796875
-17.559432983398438
-18.88474464416504
-18.870515823364258
-19.44268798828125
-18.515260696411133
-17.56617546081543
-16.998409271240234
-16.20464515686035
-16.772611618041992
-18.491479873657227
-15.737833023071289
-13.243428230285645
-15.546669006347656
-18.84505271911621
-18.295862197875977
-17.92118263244629
-17.840112686157227
-17.51600456237793
-15.732856750488281
-16.911083221435547
-17.467241287231445
-17.523469924926758
-16.8237247467041
-16.619518280029297
-16.42458152770996
-18.82434844970703
-18.240766525268555
-16.53342628479004
-18.58924102783203
-18.172286987304688
-17.237905502319336
-16.749698638916016
-18.99922752380371
-18.29249382019043
-15.840753555297852
-16.983957290649414
-15.587148666381836
-12.750432968139648
-17.242990493774414
-17.881336212158203
-17.7843074798584
-17.78073501586914
-19.843425750732422
-16.524259567260742
-18.805910110473633
-17.023454666137695
-15.942246437072754
-17.18058967590332
-16.5975284576416
-17.85724639892578
-17.475603103637695
-17.31886863708496
-16.35936737060547
-17.237281799316406
-16.675636291503906
-17.357187271118164
-18.433273315429688
-12.830118179321289
-16.50191879272461
-18.31463623046875
-13.67367935180664
-16.485244750976562
-17.84903907775879
-15.154605865478516
-15.114357948303223
-18.895483016967773
-16.784530639648438
-18.169939041137695
-18.290287017822266
-17.36327362060547
-9.736035346984863
-18.504863739013672
-18.853782653808594
-16.567716598510742
-18.239667892456055
-17.501798629760742
-19.13548469543457
-18.181100845336914
-18.725141525268555
-15.130440711975098
-17.5830135345459
-17.627262115478516
-18.240407943725586
-16.581832885742188
-17.878406524658203
-14.1907377243042
-17.395219802856445
-16.731143951416016
-16.3326473236084
-17.013385772705078
-17.975709915161133
-17.307392120361328
-18.027498245239258
-16.321273803710938
-12.986618041992188
-16.806198120117188
-17.000837326049805
-18.02217674255371
-17.988798141479492
-16.58757972717285
-18.615724563598633
-19.08113670349121
-18.284183502197266
-17.737239837646484
-14.598779678344727
-18.109066009521484
-18.23963737487793
-15.392332077026367
-15.936493873596191
-18.14760398864746
-19.449426651000977
-17.33290672302246
-17.66095542907715
-16.43992042541504
-16.33637809753418
-16.229352951049805
-18.593658447265625
-15.7911958694458
-17.289794921875
-16.43384552001953
-18.2783260345459
-17.003385543823242
-19.01024055480957
-17.77486801147461
-16.450040817260742
-17.768091201782227
-17.89548110961914
-17.795469284057617
-17.96702003479004
-18.80084800720215
-17.181421279907227
-17.00310516357422
-18.258333206176758
-18.899864196777344
-18.940855026245117
-16.70296287536621
-18.020057678222656
-17.388784408569336
-19.524139404296875
-18.883085250854492
-16.679162979125977
-16.083513259887695
-18.306821823120117
-16.398635864257812
-17.55523681640625
-17.537961959838867
-17.747926712036133
-17.23137664794922
-17.615638732910156
-18.81297492980957
-16.86760711669922
-16.852079391479492
-15.916837692260742
-18.549779891967773
-17.195009231567383
-16.79755210876465
-14.328458786010742
