11.16748332977295
17.002193450927734
19.47557830810547
15.128371238708496
17.062206268310547
14.763607025146484
14.126450538635254
18.141977310180664
16.261138916015625
18.527320861816406
13.56744384765625
16.826923370361328
18.915164947509766
16.127904891967773
14.801351547241211
11.992000579833984
14.051666259765625
16.236644744873047
12.026926040649414
3.7352371215820312
15.477578163146973
15.219128608703613
14.036166191101074
-2.8368911743164062
15.254258155822754
16.698802947998047
8.565070152282715
15.523307800292969
17.848134994506836
18.240314483642578
13.437106132507324
14.962182998657227
18.708740234375
16.916276931762695
16.778453826904297
17.858213424682617
17.659408569335938
12.775712966918945
19.73721694946289
19.724651336669922
16.354923248291016
18.636701583862305
17.828960418701172
16.080522537231445
12.71614933013916
18.90226936340332
14.411005973815918
18.857364654541016
14.556443214416504
14.148113250732422
13.713177680969238
13.075637817382812
13.283560752868652
14.980740547180176
10.354645729064941
18.407794952392578
11.195093154907227
12.628979682922363
15.788683891296387
19.602447509765625
10.690529823303223
14.433979988098145
19.517986297607422
17.393190383911133
11.53681755065918
10.904321670532227
11.826148986816406
15.159290313720703
3.5444834232330322
20.757293701171875
19.54653549194336
13.5682373046875
16.891456604003906
12.433525085449219
13.502959251403809
18.41618537902832
16.0360107421875
14.897908210754395
10.311257362365723
18.326677322387695
6.022661209106445
15.164883613586426
15.310938835144043
12.6287841796875
13.386178016662598
15.721112251281738
15.900507926940918
11.075769424438477
13.052685737609863
11.996508598327637
12.269247055053711
13.562718391418457
16.053062438964844
13.440543174743652
12.147000312805176
14.97171401977539
14.14498233795166
12.660100936889648
9.833673477172852
15.239642143249512
16.740314483642578
13.464958190917969
13.58112621307373
14.544346809387207
18.788450241088867
19.46806526184082
17.703752517700195
14.555899620056152
21.20969009399414
12.062124252319336
11.987774848937988
20.7687931060791
14.159852027893066
14.405882835388184
11.96517276763916
17.802221298217773
16.216466903686523
16.269372940063477
11.095816612243652
15.497997283935547
10.505006790161133
16.958131790161133
19.20827865600586
16.801959991455078
17.96579360961914
18.928569793701172
17.49126625061035
16.451698303222656
14.890801429748535
8.622428894042969
9.961522102355957
12.901278495788574
18.4759464263916
18.278196334838867
13.629685401916504
14.595563888549805
12.787545204162598
16.489469528198242
14.267827033996582
19.936397552490234
17.075363159179688
13.44872760772705
15.904311180114746
15.16598129272461
14.839754104614258
18.061912536621094
19.418773651123047
20.71523666381836
13.090156555175781
12.022613525390625
17.615577697753906
19.03246307373047
12.221418380737305
17.824926376342773
16.472970962524414
16.643468856811523
22.06650733947754
18.031368255615234
16.90770149230957
10.379629135131836
16.341514587402344
20.412477493286133
18.037092208862305
17.455860137939453
13.420523643493652
18.049787521362305
14.684586524963379
17.08994483947754
20.46904754638672
14.680707931518555
16.653078079223633
9.583239555358887
13.050698280334473
16.18579864501953
16.73863410949707
19.570444107055664
15.569316864013672
20.819194793701172
17.372621536254883
13.68927001953125
19.220245361328125
16.11992645263672
12.811211585998535
19.79863166809082
14.488936424255371
17.53982925415039
13.88072681427002
14.206949234008789
10.95489501953125
14.660889625549316
12.705668449401855
15.410914421081543
13.196075439453125
18.27516746520996
18.140491485595703
19.071264266967773
14.326176643371582
17.561033248901367
14.17441177368164
18.78636932373047
14.31265926361084
18.1043701171875
15.759278297424316
15.687338829040527
16.266773223876953
12.902594566345215
16.143831253051758
17.858963012695312
11.431061744689941
19.969871520996094
11.219061851501465
9.920778274536133
18.322052001953125
17.465682983398438
16.81943702697754
11.752360343933105
18.96790885925293
9.337837219238281
17.19675636291504
14.9402494430542
20.24030303955078
13.9015531539917
15.69522762298584
17.27469253540039
11.7960205078125
11.488378524780273
16.473468780517578
15.321490287780762
17.94730567932129
20.204452514648438
15.114384651184082
18.22679901123047
6.204796314239502
15.298404693603516
16.204694747924805
21.9497013092041
18.329753875732422
17.41735076904297
15.218134880065918
8.351694107055664
16.50459861755371
18.675003051757812
15.801093101501465
12.745792388916016
11.247159957885742
18.762714385986328
12.065657615661621
13.001540184020996
14.802013397216797
16.26780128479004
12.669925689697266
17.630905151367188
13.106284141540527
17.102720260620117
19.344125747680664
14.573471069335938
19.480133056640625
14.72103500366211
18.64710235595703
12.87378978729248
16.663118362426758
18.669923782348633
11.95844554901123
16.123950958251953
6.977282524108887
8.495549201965332
14.50662899017334
15.695748329162598
9.894172668457031
18.917823791503906
15.893357276916504
14.110398292541504
16.407814025878906
17.934673309326172
18.65990447998047
15.100439071655273
22.280179977416992
11.303879737854004
19.975475311279297
17.094993591308594
12.153162002563477
9.807156562805176
16.947654724121094
5.499619960784912
12.482686042785645
17.923683166503906
11.907483100891113
18.584434509277344
23.159881591796875
16.42502784729004
16.62015724182129
17.048494338989258
16.462764739990234
15.64200496673584
18.135210037231445
13.221780776977539
16.328479766845703
19.87570571899414
11.44321346282959
15.846314430236816
8.842835426330566
20.080120086669922
20.516178131103516
11.915916442871094
12.248311042785645
8.005616188049316
8.32325267791748
17.447185516357422
20.284622192382812
13.244877815246582
20.086219787597656
14.526450157165527
13.420483589172363
16.216962814331055
18.306262969970703
18.49420928955078
17.252197265625
18.989341735839844
20.25648307800293
16.259864807128906
16.135602951049805
16.693634033203125
18.021669387817383
21.23383140563965
12.193035125732422
18.688880920410156
21.706661224365234
19.64950942993164
18.825103759765625
21.095462799072266
8.191728591918945
17.460697174072266
15.454805374145508
15.772409439086914
17.047670364379883
16.953275680541992
17.87295150756836
13.960342407226562
16.168594360351562
23.206039428710938
16.980533599853516
19.851320266723633
13.823111534118652
13.716492652893066
22.851619720458984
18.007774353027344
18.836416244506836
21.5978946685791
13.371744155883789
20.18720054626465
18.449077606201172
14.5878267288208
14.877851486206055
10.751940727233887
16.418073654174805
1.3466265201568604
15.66306209564209
15.191947937011719
22.624359130859375
15.652962684631348
19.60494613647461
15.554998397827148
14.82986831665039
16.596899032592773
15.629989624023438
16.116405487060547
19.908401489257812
3.4931631088256836
16.821395874023438
13.738035202026367
12.034117698669434
15.453817367553711
12.510519027709961
16.706157684326172
13.785738945007324
17.326086044311523
12.674975395202637
17.668928146362305
16.991897583007812
13.400182723999023
20.91800308227539
16.813676834106445
16.340593338012695
11.787299156188965
21.42266273498535
12.247369766235352
12.161470413208008
11.886584281921387
13.958324432373047
16.92230224609375
19.991594314575195
6.137421131134033
14.629262924194336
13.68690299987793
14.198210716247559
16.217239379882812
12.121359825134277
11.651488304138184
16.930557250976562
17.81279182434082
11.650032043457031
18.315078735351562
17.495296478271484
17.13426971435547
15.051026344299316
13.789155960083008
14.592215538024902
11.0574312210083
15.795493125915527
17.191024780273438
9.805001258850098
12.984322547912598
14.888611793518066
13.748230934143066
9.648879051208496
16.687362670898438
21.088125228881836
14.071725845336914
13.148228645324707
17.331295013427734
19.314870834350586
12.179795265197754
13.824418067932129
14.726590156555176
14.889386177062988
19.858097076416016
7.568390369415283
13.546092987060547
17.39415168762207
13.308037757873535
15.545909881591797
17.74305534362793
14.949084281921387
18.98224449157715
16.59633445739746
14.050341606140137
20.225513458251953
9.657279014587402
17.310314178466797
14.280906677246094
15.490110397338867
15.086130142211914
14.979668617248535
12.317164421081543
13.952502250671387
19.279380798339844
12.731369972229004
14.910612106323242
14.491816520690918
15.99523639678955
17.907058715820312
13.793434143066406
17.012496948242188
15.69208812713623
14.300568580627441
12.459954261779785
13.1762113571167
14.771153450012207
11.105362892150879
11.876870155334473
16.669824600219727
12.071017265319824
14.28697395324707
19.110939025878906
12.379192352294922
14.883864402770996
15.011106491088867
16.217527389526367
12.813931465148926
15.816488265991211
15.354186058044434
16.18871307373047
12.438523292541504
18.68665885925293
14.198844909667969
15.70423698425293
17.59856414794922
16.07173728942871
16.511049270629883
12.048169136047363
11.78475570678711
15.16207218170166
11.171935081481934
16.18474769592285
16.88341522216797
14.453277587890625
13.448471069335938
16.277250289916992
16.385940551757812
14.99238109588623
14.919276237487793
16.629653930664062
12.506726264953613
16.770641326904297
12.434710502624512
16.135061264038086
12.927506446838379
13.061803817749023
17.058115005493164
14.412731170654297
16.898929595947266
16.946718215942383
14.932756423950195
17.63129425048828
13.745125770568848
14.016857147216797
14.964608192443848
14.299372673034668
14.531210899353027
12.949370384216309
15.02325439453125
16.29709243774414
14.55367374420166
15.834236145019531
16.425973892211914
12.251077651977539
20.64333724975586
12.331549644470215
13.5648832321167
16.832042694091797
19.32406997680664
18.9467830657959
16.27954864501953
20.051559448242188
16.424463272094727
18.97391700744629
21.040897369384766
15.316953659057617
20.305755615234375
18.44482421875
17.058149337768555
16.712915420532227
17.483856201171875
13.457079887390137
16.69918441772461
13.043702125549316
10.878602981567383
16.865703582763672
20.030712127685547
15.643485069274902
15.722940444946289
14.47373104095459
17.974451065063477
18.93048858642578
11.972024917602539
20.35843276977539
16.41655731201172
16.028141021728516
14.728360176086426
13.737835884094238
20.01333236694336
18.00411033630371
17.291658401489258
14.509943008422852
14.780492782592773
15.822583198547363
15.557371139526367
13.046586036682129
11.353934288024902
11.384954452514648
14.204645156860352
13.811541557312012
14.44383430480957
18.03775405883789
13.137537956237793
18.28832244873047
16.489368438720703
21.260948181152344
12.933385848999023
15.566444396972656
16.363847732543945
16.010826110839844
15.600704193115234
14.667447090148926
14.911003112792969
18.737167358398438
18.54534912109375
14.4520902633667
18.258392333984375
4.345858573913574
15.073272705078125
19.22359848022461
17.408077239990234
13.681784629821777
11.705826759338379
15.830747604370117
17.03841781616211
15.866735458374023
12.973954200744629
11.579751014709473
17.402185440063477
13.701085090637207
14.033661842346191
17.26445770263672
18.73676300048828
13.862778663635254
10.003588676452637
15.310585021972656
14.023894309997559
17.431293487548828
18.01025390625
15.564005851745605
15.430744171142578
12.970545768737793
13.434161186218262
17.010055541992188
14.367249488830566
11.612990379333496
20.72614860534668
13.7196683883667
18.680925369262695
14.706947326660156
16.65213966369629
12.585505485534668
19.64270782470703
12.42984390258789
16.55664825439453
11.66714096069336
11.341317176818848
13.840600967407227
15.454133033752441
16.269073486328125
21.146484375
15.887904167175293
17.157398223876953
17.086746215820312
16.795808792114258
15.157536506652832
12.403451919555664
20.80685806274414
17.61521339416504
14.861101150512695
16.765853881835938
14.092267036437988
17.400638580322266
14.526076316833496
14.04411506652832
15.185454368591309
20.298110961914062
13.740460395812988
13.769796371459961
12.716337203979492
16.35576629638672
15.536782264709473
12.586928367614746
14.137530326843262
13.838414192199707
6.396137237548828
13.876266479492188
15.141535758972168
13.93256950378418
15.550555229187012
13.143136978149414
12.494487762451172
13.99840259552002
7.561305046081543
15.41244888305664
10.916847229003906
16.55718231201172
10.56168270111084
13.90311336517334
15.606544494628906
19.886810302734375
12.06712532043457
14.985974311828613
10.750393867492676
15.597225189208984
17.910139083862305
12.97275161743164
13.530330657958984
15.357351303100586
14.335806846618652
20.749128341674805
19.70172882080078
14.884224891662598
19.545650482177734
15.323551177978516
11.335439682006836
14.049792289733887
16.50119972229004
9.671228408813477
12.022634506225586
19.383726119995117
15.430471420288086
12.29915714263916
9.224817276000977
8.84892749786377
13.187529563903809
17.68280029296875
17.71303939819336
16.05026626586914
12.139753341674805
15.150357246398926
17.938634872436523
15.13477897644043
12.795832633972168
18.723604202270508
19.76491355895996
18.243261337280273
15.692582130432129
12.564020156860352
17.051536560058594
13.392394065856934
22.880308151245117
10.206449508666992
20.295589447021484
15.764638900756836
23.070354461669922
20.119396209716797
13.077788352966309
22.527881622314453
15.815617561340332
19.624658584594727
19.712068557739258
9.781054496765137
13.086206436157227
15.654322624206543
16.371231079101562
14.29775619506836
17.99863052368164
17.799528121948242
20.63883399963379
16.585918426513672
16.72328758239746
16.553844451904297
15.95156192779541
13.267552375793457
19.872798919677734
17.82553482055664
10.940837860107422
12.982444763183594
22.52237319946289
16.80703353881836
15.780864715576172
21.379180908203125
17.70945167541504
19.192989349365234
19.99143409729004
14.304417610168457
21.313570022583008
13.856771469116211
11.76335620880127
15.767663955688477
16.88963508605957
16.644224166870117
17.55856704711914
16.367494583129883
18.537023544311523
17.090303421020508
18.044559478759766
17.74472427368164
10.782197952270508
16.71974754333496
13.203431129455566
16.7168025970459
17.754093170166016
17.189525604248047
2.3296549320220947
15.898494720458984
15.243749618530273
13.173952102661133
13.682267189025879
17.719236373901367
19.69561767578125
14.683725357055664
13.543344497680664
17.684694290161133
15.386065483093262
20.357463836669922
15.50180721282959
11.857354164123535
18.116586685180664
10.848748207092285
14.732333183288574
17.226560592651367
10.53475570678711
15.114513397216797
17.60118293762207
18.196903228759766
12.358277320861816
17.842973709106445
19.394573211669922
17.05756950378418
19.476058959960938
9.530799865722656
16.806779861450195
16.99116325378418
18.695558547973633
18.696502685546875
13.291826248168945
13.536123275756836
15.45546817779541
15.569198608398438
16.921382904052734
14.21372127532959
18.64609718322754
15.768889427185059
16.400636672973633
11.523674011230469
8.720033645629883
12.754206657409668
10.41297435760498
12.030794143676758
12.937329292297363
19.35833168029785
17.796932220458984
18.24021339416504
19.173717498779297
16.320091247558594
10.738393783569336
15.68786907196045
15.197784423828125
17.688152313232422
17.770875930786133
14.045042037963867
15.437390327453613
14.264532089233398
15.657673835754395
15.876628875732422
19.066011428833008
20.09698486328125
12.846186637878418
21.258861541748047
18.90047836303711
17.83452033996582
16.20293617248535
19.780603408813477
17.497398376464844
15.141188621520996
12.519400596618652
13.741127967834473
4.369818687438965
16.672481536865234
14.967421531677246
6.8636603355407715
10.221720695495605
11.207673072814941
17.760456085205078
16.487367630004883
19.716630935668945
17.46474266052246
12.128994941711426
15.825119972229004
15.46984577178955
21.867143630981445
13.800702095031738
15.390430450439453
18.596811294555664
15.5383939743042
12.827258110046387
19.532201766967773
16.0848331451416
17.979633331298828
12.396869659423828
15.8643798828125
15.505955696105957
14.908258438110352
14.533676147460938
17.79681968688965
14.543251037597656
17.66168785095215
13.20212459564209
15.346360206604004
20.84676742553711
16.038118362426758
14.119307518005371
12.096658706665039
18.31564712524414
20.26918601989746
15.918246269226074
23.017942428588867
11.3762788772583
11.745697975158691
17.087480545043945
15.314270973205566
16.943347930908203
17.70870590209961
14.86549186706543
16.833271026611328
14.691088676452637
14.571511268615723
15.949463844299316
16.519947052001953
17.74896240234375
15.587061882019043
16.17438507080078
16.606990814208984
19.671974182128906
21.924915313720703
16.343143463134766
17.47654914855957
15.559013366699219
13.152732849121094
13.60297679901123
16.928062438964844
13.039252281188965
17.538639068603516
18.208728790283203
16.11511993408203
17.951438903808594
13.000199317932129
16.582040786743164
16.689868927001953
20.057415008544922
14.925993919372559
12.156270027160645
12.90031909942627
12.951189994812012
18.783287048339844
13.499674797058105
17.41927719116211
9.68704891204834
17.354530334472656
14.100804328918457
15.89136791229248
15.706146240234375
13.662216186523438
11.390216827392578
11.159380912780762
20.46923828125
17.736486434936523
19.922250747680664
17.921367645263672
18.7552490234375
17.750137329101562
15.63646411895752
16.631681442260742
19.334564208984375
14.965424537658691
17.941843032836914
17.695777893066406
14.633048057556152
11.993293762207031
19.893939971923828
15.586915016174316
19.682844161987305
13.834961891174316
15.937976837158203
20.88393211364746
15.13420581817627
18.360578536987305
18.313810348510742
15.288227081298828
15.598198890686035
23.14517593383789
16.046567916870117
12.225423812866211
18.869325637817383
19.536685943603516
17.405670166015625
14.890447616577148
10.132349014282227
13.895163536071777
14.953094482421875
20.028377532958984
16.17591667175293
13.865833282470703
14.175705909729004
15.98803424835205
13.76052188873291
15.117938041687012
11.576584815979004
15.879493713378906
13.754619598388672
16.969419479370117
13.973093032836914
14.003897666931152
14.5378999710083
8.813247680664062
13.705431938171387
14.319548606872559
17.006929397583008
13.82956600189209
16.560901641845703
11.849194526672363
13.729998588562012
11.103761672973633
18.3809757232666
13.209107398986816
12.929840087890625
16.430870056152344
12.609309196472168
14.332891464233398
16.65768814086914
14.944381713867188
17.573123931884766
18.411731719970703
12.790535926818848
12.810145378112793
22.96572494506836
11.395764350891113
13.931947708129883
16.798643112182617
13.958639144897461
12.721574783325195
13.632662773132324
11.305231094360352
16.063323974609375
12.783034324645996
17.442052841186523
-17.926469802856445
-22.592153549194336
-23.70281982421875
-11.8642578125
-14.257989883422852
-24.722400665283203
-16.100942611694336
-18.185192108154297
-18.885408401489258
-15.3739595413208
-21.01333999633789
-20.072113037109375
-15.181940078735352
-12.85564136505127
-14.06771469116211
-20.68609619140625
-23.13392448425293
-19.743167877197266
-12.683977127075195
-21.566116333007812
-18.648630142211914
-23.131298065185547
-16.415966033935547
-23.241228103637695
-18.02611541748047
-16.512935638427734
-23.062889099121094
-16.962078094482422
-21.137195587158203
-16.07819175720215
-17.26717758178711
-24.698856353759766
-16.223176956176758
-16.61205291748047
-20.073877334594727
-18.258119583129883
-18.97691535949707
-27.83065414428711
-17.930147171020508
-18.506553649902344
-18.44329261779785
-20.146574020385742
-15.725411415100098
-15.729000091552734
-16.1956844329834
-16.044902801513672
-14.856529235839844
-14.111279487609863
-17.635560989379883
-21.210119247436523
-22.383399963378906
-19.674392700195312
-14.527637481689453
-14.733562469482422
-13.88716983795166
-15.376931190490723
-16.107471466064453
-20.728322982788086
-12.724114418029785
-24.04444694519043
-19.4288330078125
-13.866175651550293
-20.84579849243164
-18.518524169921875
-13.307202339172363
-11.56302261352539
-14.134257316589355
-17.148447036743164
-11.800506591796875
-19.904556274414062
-19.80629539489746
-19.296035766601562
-10.049674034118652
-20.06727409362793
-15.066300392150879
-8.59616470336914
-17.6826171875
-19.84869384765625
-13.359408378601074
-12.92392635345459
-15.050543785095215
-14.48193359375
-14.239457130432129
-15.252153396606445
-15.83042049407959
-15.602909088134766
-15.077218055725098
-18.560813903808594
-15.29336929321289
-17.2377986907959
-13.190266609191895
-18.504236221313477
-13.451004981994629
-18.173831939697266
-13.6016206741333
-16.125751495361328
-13.41089916229248
-8.892053604125977
-16.39356231689453
-13.831125259399414
-15.678719520568848
-19.371437072753906
-13.498177528381348
-18.533639907836914
-19.375308990478516
-16.758512496948242
-12.163945198059082
-25.537233352661133
-13.385273933410645
-22.063186645507812
-17.43238067626953
-13.594176292419434
-18.7330322265625
-21.175113677978516
-8.900348663330078
-21.577316284179688
-13.544129371643066
-17.952119827270508
-16.352075576782227
-14.312113761901855
-16.485950469970703
-15.85492992401123
-14.858147621154785
-14.50471019744873
-21.03179931640625
-19.607728958129883
-18.0668888092041
-15.461709976196289
-16.866716384887695
-18.162975311279297
-14.713537216186523
-15.170836448669434
-18.405118942260742
-16.87435531616211
-18.14388084411621
-18.864055633544922
-15.70406436920166
-19.788694381713867
-19.761754989624023
-23.164154052734375
-12.26778507232666
-15.159955024719238
-17.59032440185547
-16.191675186157227
-20.132232666015625
-20.991758346557617
-21.154987335205078
-8.820545196533203
-15.529614448547363
-12.167500495910645
-23.302486419677734
-13.088301658630371
-15.49299144744873
-17.120145797729492
-12.402420997619629
-14.699734687805176
-15.22092056274414
-17.46359634399414
-15.234867095947266
-17.00838851928711
-21.499300003051758
-17.916828155517578
-19.210371017456055
-17.695716857910156
-11.866118431091309
-19.341468811035156
-18.775630950927734
-18.009132385253906
-16.654804229736328
-16.165891647338867
-17.279754638671875
-21.421876907348633
-18.34151268005371
-16.402568817138672
-17.298219680786133
-16.273305892944336
-16.34536361694336
-12.978278160095215
-15.348238945007324
-20.471759796142578
-16.72528839111328
-15.502720832824707
-19.422622680664062
-15.411742210388184
-15.340063095092773
-15.426859855651855
-18.796079635620117
-15.615528106689453
-22.13334083557129
-19.227924346923828
-21.36646842956543
-19.571481704711914
-20.311973571777344
-15.347039222717285
-16.241857528686523
-18.724925994873047
-17.30767059326172
-18.79106330871582
-17.8717041015625
-17.60832977294922
-12.46401309967041
-16.576980590820312
-14.050712585449219
-13.674548149108887
-16.552553176879883
-20.369243621826172
-22.154556274414062
-19.266258239746094
-20.743406295776367
-13.715721130371094
-19.033405303955078
-16.658849716186523
-18.66863441467285
-20.892051696777344
-14.73177719116211
-15.036771774291992
-14.282161712646484
-19.859270095825195
-16.317058563232422
-20.445310592651367
-17.46985626220703
-14.009502410888672
-18.127714157104492
-20.04247283935547
-14.360381126403809
-21.072345733642578
-18.094797134399414
-13.433897972106934
-21.941448211669922
-16.059345245361328
-12.587526321411133
-18.182634353637695
-22.07647705078125
-18.19802474975586
-19.968719482421875
-21.948745727539062
-21.925451278686523
-25.27939224243164
-19.562164306640625
-25.47303581237793
-16.667381286621094
-14.98322868347168
-19.599143981933594
-6.4494781494140625
-13.170419692993164
-13.564292907714844
-23.06029510498047
-19.329605102539062
-16.045820236206055
-17.573881149291992
-19.457380294799805
-13.0150728225708
-13.728656768798828
-16.250591278076172
-15.918583869934082
-22.3310489654541
-21.90436553955078
-16.425155639648438
-17.504154205322266
-16.68914794921875
-26.304325103759766
-15.985417366027832
-15.443768501281738
-17.475156784057617
-21.493629455566406
-21.85686492919922
-10.812759399414062
-9.04427719116211
-19.89473533630371
-16.420238494873047
-17.417346954345703
-18.221445083618164
-18.54189682006836
-18.57347297668457
-24.606538772583008
-14.868760108947754
-19.521257400512695
-16.011701583862305
-20.180978775024414
-17.837364196777344
-18.144418716430664
-20.022504806518555
-16.333637237548828
-20.314712524414062
-13.042268753051758
-13.106554985046387
-16.906496047973633
-12.463644981384277
-21.031110763549805
-15.530207633972168
-13.26181411743164
-19.898601531982422
-16.922870635986328
-18.478635787963867
-17.35970115661621
-15.899248123168945
-17.523447036743164
-18.102907180786133
-18.154518127441406
-18.88394546508789
-16.713743209838867
-12.0499906539917
-16.906227111816406
-17.929155349731445
-15.042953491210938
-14.354575157165527
-16.80664825439453
-20.394407272338867
-10.636116027832031
-13.46260929107666
-13.051718711853027
-13.892017364501953
-22.24032974243164
-17.16998863220215
-19.944873809814453
-20.050630569458008
-15.07069206237793
-14.039158821105957
-16.344518661499023
-13.898277282714844
-13.241522789001465
-14.661139488220215
-17.465377807617188
-16.32195472717285
-13.707035064697266
-17.64605712890625
-19.355443954467773
-17.669931411743164
-17.924909591674805
-15.4041748046875
-17.71092987060547
-18.10559844970703
-15.940523147583008
-18.80907440185547
-14.879045486450195
-15.785273551940918
-12.185489654541016
-18.850032806396484
-15.077692985534668
-13.924784660339355
-15.77036190032959
-20.697362899780273
-17.132884979248047
-17.619504928588867
-16.955442428588867
-16.969436645507812
-10.514799118041992
-15.668963432312012
-21.256166458129883
-16.576040267944336
-18.907913208007812
-20.96333885192871
-15.541302680969238
-22.41754722595215
-21.013452529907227
-22.351207733154297
-23.273441314697266
-13.501951217651367
-10.54758358001709
-21.201648712158203
-22.46548843383789
-17.0319766998291
-22.908479690551758
-14.83134651184082
-16.08033561706543
-10.585470199584961
-22.80802345275879
-18.923831939697266
-19.212644577026367
-14.318387985229492
-19.375905990600586
-26.240947723388672
-14.801736831665039
-15.250983238220215
-17.766923904418945
-21.921913146972656
-16.273056030273438
-12.175324440002441
-20.374242782592773
-11.755075454711914
-19.277156829833984
-17.89397430419922
-20.86388397216797
-19.85380744934082
-18.368480682373047
-20.101314544677734
-17.889379501342773
-17.104021072387695
-17.935626983642578
-24.65138053894043
-24.554948806762695
-13.065035820007324
-21.532651901245117
-19.99820327758789
-16.678081512451172
-18.505643844604492
-11.185344696044922
-15.837347984313965
-24.02492332458496
-13.707056045532227
-15.802123069763184
-17.885896682739258
-7.424912452697754
-23.069602966308594
-17.511598587036133
-20.445554733276367
-22.01066017150879
-23.810033798217773
-20.969867706298828
-18.433120727539062
-17.371339797973633
-22.46929168701172
-19.562070846557617
-20.042219161987305
-16.886831283569336
-19.230051040649414
-24.126256942749023
-20.473581314086914
-26.082855224609375
-21.817956924438477
-22.39711570739746
-15.940555572509766
-24.010364532470703
-20.3382625579834
-19.19190216064453
-19.45720100402832
-16.503828048706055
-20.090238571166992
-24.77423858642578
-18.219255447387695
-14.92218017578125
-14.90015983581543
-19.443553924560547
-23.993698120117188
-22.954545974731445
-20.572864532470703
-16.375391006469727
-13.024126052856445
-21.61831283569336
-19.595640182495117
-13.227824211120605
-13.753037452697754
-19.539508819580078
-15.584427833557129
-14.869714736938477
-25.72536277770996
-18.351852416992188
-21.925668716430664
-20.115966796875
-17.51466941833496
-18.339332580566406
-17.69950294494629
-21.643648147583008
-17.6455135345459
-20.7679443359375
-16.489482879638672
-10.695342063903809
-14.12582015991211
-18.404979705810547
-15.709237098693848
-25.078746795654297
-7.460468292236328
-17.738224029541016
-18.920331954956055
-17.56999397277832
-15.017983436584473
-19.18735122680664
-13.27740478515625
-17.650848388671875
-10.929610252380371
-18.56645965576172
-16.884023666381836
-23.785518646240234
-21.87141990661621
-15.775103569030762
-17.06106948852539
-5.969088554382324
-15.961968421936035
-22.224891662597656
-19.14746856689453
-19.346294403076172
-16.780410766601562
-20.10059928894043
-17.577913284301758
-14.59453010559082
-26.995574951171875
-19.70766830444336
-13.4137601852417
-13.368983268737793
-14.67275619506836
-20.925006866455078
-26.175048828125
-16.01508903503418
-15.715898513793945
-25.052507400512695
-19.215192794799805
-9.499090194702148
-16.04214859008789
-16.95539665222168
-13.819022178649902
-16.436904907226562
-25.55239486694336
-18.29531478881836
-24.6328067779541
-20.20525360107422
-20.552215576171875
-23.288532257080078
-15.69704532623291
-21.14046287536621
-20.903764724731445
-22.00464630126953
-22.21237564086914
-18.30381965637207
-19.412370681762695
-15.01660442352295
-21.537691116333008
-20.045642852783203
-19.0607852935791
-21.487140655517578
-22.72625160217285
-24.859596252441406
-20.355541229248047
-19.61113739013672
-20.348114013671875
-19.674036026000977
-12.788679122924805
-14.133844375610352
-22.00994110107422
-16.318082809448242
-15.974441528320312
-18.96769905090332
-22.358932495117188
-22.540006637573242
-24.7747859954834
-15.960350036621094
-19.948810577392578
-21.582759857177734
-15.440531730651855
-19.96868896484375
-22.4685001373291
-15.46191120147705
-21.206939697265625
-21.26128578186035
-23.40160369873047
-15.846687316894531
-19.328161239624023
-16.133914947509766
-25.268566131591797
-15.493538856506348
-23.25238037109375
-22.865863800048828
-18.926612854003906
-15.712652206420898
-20.693754196166992
-16.501426696777344
-16.9544677734375
-22.518508911132812
-16.748830795288086
-21.634986877441406
-11.311763763427734
-17.61374855041504
-18.631153106689453
-18.317138671875
-15.819336891174316
-29.612834930419922
-17.063861846923828
-21.922706604003906
-24.750629425048828
-20.39608383178711
-21.14276885986328
-19.52235221862793
-21.015300750732422
-23.230873107910156
-14.2150297164917
-16.335979461669922
-19.787303924560547
-19.18022918701172
-18.072484970092773
-9.667762756347656
-18.144390106201172
-19.6679744720459
-19.18442153930664
-13.100390434265137
-18.07509422302246
-15.547341346740723
-16.183731079101562
-19.481977462768555
-17.921289443969727
-16.986692428588867
-13.558270454406738
-15.214516639709473
-15.895892143249512
-14.741140365600586
-18.16619873046875
-17.56520652770996
-24.125398635864258
-19.475017547607422
-17.556594848632812
-13.259364128112793
-15.323882102966309
-19.88372230529785
-16.152912139892578
-23.38290786743164
-13.686615943908691
-18.124713897705078
-19.640886306762695
-10.646531105041504
-18.810636520385742
-22.06407356262207
-16.596914291381836
-18.227983474731445
-19.76578140258789
-13.215816497802734
-13.271589279174805
-19.96214485168457
-18.218589782714844
-20.007381439208984
-17.2684383392334
-20.659330368041992
-20.960647583007812
-19.998971939086914
-18.532468795776367
-21.20638656616211
-16.380537033081055
-25.728870391845703
-21.033161163330078
-20.306869506835938
-19.005144119262695
-19.460247039794922
-24.250041961669922
-17.604267120361328
-14.668319702148438
-20.286100387573242
-21.079330444335938
-16.03842544555664
-20.9830265045166
-16.17918586730957
-17.09444808959961
-17.178375244140625
-15.314946174621582
-10.055378913879395
-14.789063453674316
-19.992645263671875
-15.413250923156738
-18.903268814086914
-17.298316955566406
-18.30754280090332
-20.384151458740234
-17.534696578979492
-19.515724182128906
-16.578250885009766
-19.25668716430664
-19.33407211303711
-17.351669311523438
-21.77043914794922
-17.82893943786621
-21.394542694091797
-16.172426223754883
-20.635236740112305
-17.50763702392578
-17.596778869628906
-18.409889221191406
-15.374235153198242
-18.60579490661621
-15.360795021057129
-18.338857650756836
-17.102251052856445
-16.93015480041504
-22.011959075927734
-13.522844314575195
-16.6652774810791
-20.037445068359375
-25.044654846191406
-19.7667293548584
-25.16829490661621
-17.709796905517578
-16.57855224609375
-15.263495445251465
-25.546489715576172
-20.607749938964844
-17.153017044067383
-26.23546600341797
-21.379074096679688
-20.499317169189453
-16.891315460205078
-27.08226776123047
-23.962862014770508
-18.92717170715332
-20.179227828979492
-23.628257751464844
-18.475318908691406
-20.280691146850586
-14.913392066955566
-23.832439422607422
-18.48257827758789
-21.02259635925293
-21.898479461669922
-22.11768341064453
-21.560503005981445
-18.304561614990234
-15.78600025177002
-17.24653434753418
-15.273712158203125
-22.060279846191406
-19.33458709716797
-17.128023147583008
-12.039381980895996
-15.06230640411377
-18.650251388549805
-17.257558822631836
-17.28989601135254
-15.142538070678711
-16.147689819335938
-13.69874095916748
-18.330459594726562
-13.489645004272461
-15.96068286895752
-13.703598976135254
-17.114593505859375
-18.26797103881836
-19.589279174804688
-11.396111488342285
-17.787342071533203
-16.845712661743164
-12.947641372680664
-19.97125244140625
-16.35647964477539
-15.282340049743652
-15.734163284301758
-18.795635223388672
-19.922483444213867
-21.81589126586914
-15.50404167175293
-13.246508598327637
-20.783506393432617
-26.117000579833984
-22.400876998901367
-15.400764465332031
-15.441038131713867
-14.94555950164795
-12.853026390075684
-22.095157623291016
-8.35500431060791
-17.67764663696289
-23.602691650390625
-21.693815231323242
-16.93760871887207
-15.616545677185059
-25.235309600830078
-19.090484619140625
-21.137014389038086
-17.046621322631836
-20.036653518676758
-13.532320976257324
-19.873695373535156
-20.952146530151367
-21.769733428955078
-23.427814483642578
-17.197410583496094
-17.835556030273438
-18.87958526611328
-13.07791519165039
-14.737573623657227
-22.24362564086914
-21.138782501220703
-15.499715805053711
-15.31695556640625
-19.750099182128906
-18.050765991210938
-14.813736915588379
-13.614734649658203
-20.545902252197266
-15.809050559997559
-21.00261878967285
-23.749605178833008
-19.797544479370117
-14.707304954528809
-16.96767807006836
-23.579561233520508
-20.241994857788086
-21.278430938720703
-20.437036514282227
-13.242422103881836
-21.843101501464844
-20.04555320739746
-16.52515411376953
-17.216495513916016
-19.98029327392578
-19.64090347290039
-16.237060546875
-20.589923858642578
-19.22000503540039
-14.155826568603516
-20.08973503112793
-27.820804595947266
-23.05862045288086
-18.734390258789062
-22.81570053100586
-15.54202938079834
-22.6174259185791
-15.933622360229492
-19.886728286743164
-26.12496566772461
-13.29426383972168
-18.342802047729492
-21.538965225219727
-19.558731079101562
-22.360591888427734
-12.504779815673828
-18.09381675720215
-13.755047798156738
-13.107929229736328
-20.16958236694336
-23.433767318725586
-16.396677017211914
-13.61327075958252
-15.566661834716797
-15.18500804901123
-14.051023483276367
-21.577133178710938
-15.818602561950684
-15.788285255432129
-19.789323806762695
-18.91962242126465
-16.88543128967285
-13.089699745178223
-24.567996978759766
-17.335906982421875
-19.062969207763672
-11.4309720993042
-18.00179672241211
-17.48107147216797
-17.420438766479492
-17.959104537963867
-18.256622314453125
-22.922115325927734
-22.759597778320312
-8.346722602844238
-15.41807746887207
-12.270994186401367
-17.608989715576172
-16.18956756591797
-16.65852165222168
-16.34003257751465
-18.111679077148438
-13.947553634643555
-14.782187461853027
-20.640901565551758
-16.397096633911133
-20.113134384155273
-15.099215507507324
-23.759109497070312
-26.958759307861328
-11.919243812561035
-11.225604057312012
-23.241273880004883
-20.120502471923828
-17.265066146850586
-21.17584991455078
-14.981640815734863
-19.86833381652832
-17.90656280517578
-15.720075607299805
-17.216650009155273
-16.43550682067871
-15.099518775939941
-18.814313888549805
-16.385974884033203
-20.55708885192871
-15.47576904296875
-13.370948791503906
-18.938989639282227
-19.761001586914062
-21.511987686157227
-19.725011825561523
-18.86741065979004
-20.784046173095703
-18.926420211791992
-23.276641845703125
-15.697371482849121
-16.888853073120117
-18.978418350219727
-21.592283248901367
-18.266910552978516
-18.08650779724121
-13.092752456665039
-16.137100219726562
-19.18715476989746
-19.393692016601562
-17.974191665649414
-19.25226402282715
-19.83588981628418
-19.99705696105957
-18.417037963867188
-18.750370025634766
-17.24993133544922
-16.235349655151367
-15.012901306152344
-19.766719818115234
-19.71747589111328
-20.378128051757812
-22.325397491455078
-21.148468017578125
-21.307004928588867
-15.463478088378906
-20.21329689025879
-18.312755584716797
-25.263648986816406
-21.72251319885254
-19.378398895263672
-19.6135311126709
-14.323882102966309
-16.163311004638672
-16.465293884277344
-27.18894386291504
-14.587797164916992
-14.557658195495605
-17.314029693603516
-24.872581481933594
-12.830084800720215
-20.46213722229004
-19.863880157470703
-16.722679138183594
-14.631503105163574
-15.692599296569824
-21.300933837890625
-17.763704299926758
-21.406681060791016
-13.792450904846191
-13.950929641723633
-18.043216705322266
-19.49098777770996
-15.278984069824219
-17.235843658447266
-18.467084884643555
-11.296841621398926
-15.918262481689453
-20.29248809814453
-21.26482582092285
-15.145055770874023
-19.393566131591797
-20.368669509887695
-16.781944274902344
-26.20594024658203
-29.275856018066406
-19.455171585083008
-14.22814655303955
-16.686790466308594
-15.36008358001709
-18.939453125
-21.855022430419922
-24.772993087768555
-11.453790664672852
-24.731555938720703
-25.39686393737793
-10.594034194946289
-17.089982986450195
-21.303340911865234
-9.345049858093262
-10.663959503173828
-25.7248592376709
-17.751861572265625
-18.999916076660156
-18.17488670349121
-16.655223846435547
-15.763236999511719
-21.16063117980957
-20.173070907592773
-16.43860626220703
-18.410171508789062
-19.46184730529785
-12.141303062438965
-22.025728225708008
-17.459726333618164
-21.872995376586914
-17.16117286682129
-20.051671981811523
-20.5974063873291
-17.727991104125977
-20.931488037109375
-17.888822555541992
-20.245004653930664
-17.619583129882812
-18.641210556030273
-23.37017059326172
-15.611276626586914
-21.65229606628418
-14.658275604248047
-16.44675064086914
-14.91425895690918
-17.000959396362305
-20.290847778320312
-22.064403533935547
-24.212364196777344
-15.883516311645508
-20.54607391357422
-17.486268997192383
-19.710283279418945
-23.03365707397461
-13.104186058044434
