16.0412654876709
19.388704299926758
15.56458568572998
15.883898735046387
16.48855972290039
11.841873168945312
18.99673080444336
16.668476104736328
18.746891021728516
20.22539520263672
23.91252326965332
14.266624450683594
12.026521682739258
19.467077255249023
9.260942459106445
9.823858261108398
15.734975814819336
20.844303131103516
8.786916732788086
12.874921798706055
12.805471420288086
10.875907897949219
13.055238723754883
11.245147705078125
20.516733169555664
19.96040916442871
18.609264373779297
21.730390548706055
12.095890998840332
12.324870109558105
2.1605405807495117
17.939847946166992
16.042438507080078
18.135272979736328
14.550714492797852
5.077707767486572
20.487442016601562
14.619499206542969
20.683027267456055
17.677824020385742
6.580166339874268
15.248120307922363
5.863204002380371
8.330288887023926
19.56448745727539
12.272027015686035
18.70771026611328
16.42820930480957
18.762598037719727
8.958047866821289
19.8371639251709
7.800523281097412
11.035415649414062
21.821393966674805
16.56755256652832
16.663244247436523
15.831969261169434
19.919574737548828
17.343029022216797
10.310315132141113
7.773341655731201
12.362979888916016
12.427767753601074
14.388296127319336
9.972488403320312
12.833871841430664
12.189773559570312
14.772297859191895
18.239727020263672
15.97359848022461
11.8713960647583
13.460466384887695
17.15372085571289
17.543046951293945
21.927324295043945
15.656820297241211
20.10025978088379
14.39352035522461
17.22279930114746
16.944988250732422
18.454364776611328
19.374300003051758
20.572717666625977
15.686208724975586
16.851428985595703
18.205650329589844
20.938905715942383
19.24604606628418
14.120311737060547
19.86469268798828
18.16774559020996
23.85572052001953
14.435956001281738
12.886907577514648
10.475502967834473
13.236054420471191
9.840372085571289
4.9067463874816895
20.693490982055664
19.926753997802734
19.31474494934082
15.059623718261719
18.01983642578125
14.036434173583984
17.399320602416992
15.551948547363281
12.681312561035156
16.19101905822754
11.956060409545898
19.567914962768555
21.711637496948242
12.821563720703125
13.168550491333008
17.239702224731445
13.301273345947266
16.9998722076416
17.923641204833984
14.151334762573242
15.213314056396484
15.724764823913574
15.774992942810059
17.362943649291992
7.296193599700928
18.86663818359375
18.37564468383789
12.689340591430664
15.203580856323242
1.4325474500656128
17.937150955200195
11.152390480041504
16.96580696105957
13.416046142578125
17.43697166442871
4.476492881774902
21.369400024414062
17.007835388183594
17.323617935180664
18.093894958496094
21.093585968017578
22.196863174438477
14.266534805297852
11.438264846801758
15.053293228149414
17.34113311767578
14.050278663635254
16.365055084228516
14.757577896118164
18.120134353637695
19.95090675354004
15.828402519226074
13.526554107666016
16.974000930786133
12.587244987487793
18.81199073791504
18.885244369506836
18.630680084228516
16.535654067993164
14.341842651367188
21.232276916503906
18.04706573486328
16.209657669067383
8.794963836669922
18.25981330871582
20.166072845458984
16.644163131713867
17.307403564453125
14.68045711517334
13.043577194213867
18.602275848388672
19.972585678100586
14.229094505310059
16.555749893188477
19.942598342895508
5.289973258972168
8.385355949401855
22.46736717224121
21.466447830200195
9.217886924743652
22.997207641601562
4.160656452178955
15.932406425476074
19.286128997802734
18.680143356323242
16.61272621154785
18.811906814575195
11.105481147766113
13.209571838378906
19.453243255615234
16.56194305419922
11.301560401916504
19.067209243774414
9.987872123718262
14.439447402954102
11.789678573608398
15.04246997833252
19.457223892211914
16.62403678894043
20.148876190185547
17.036062240600586
16.60199546813965
19.643783569335938
19.331422805786133
15.119463920593262
15.569852828979492
7.751297950744629
13.013812065124512
17.35822296142578
23.6007080078125
15.731729507446289
16.01959991455078
7.047311305999756
15.002978324890137
9.557571411132812
8.276752471923828
17.724058151245117
19.03205680847168
17.432395935058594
20.102018356323242
14.534133911132812
16.2387752532959
17.369285583496094
10.700785636901855
10.01919937133789
15.33863353729248
15.672452926635742
15.906659126281738
12.757184982299805
18.172765731811523
15.801759719848633
14.215360641479492
10.60316276550293
14.92612075805664
9.403305053710938
15.073081016540527
12.214262008666992
13.301830291748047
12.602806091308594
19.009084701538086
13.326918601989746
16.10883903503418
19.17280387878418
16.058427810668945
15.085969924926758
12.767294883728027
16.699377059936523
13.01191234588623
13.244256973266602
19.888477325439453
21.03131675720215
19.17609214782715
15.196722030639648
16.365711212158203
14.254511833190918
19.155893325805664
7.323085784912109
16.40989875793457
20.68138313293457
17.85832977294922
12.947288513183594
17.907915115356445
18.36107063293457
20.321199417114258
9.047324180603027
10.91245174407959
15.473834037780762
14.549095153808594
15.98768424987793
21.99669647216797
15.820805549621582
19.76272964477539
9.423358917236328
17.773998260498047
17.873191833496094
6.071437358856201
12.487442016601562
21.48443603515625
17.32280158996582
11.543886184692383
17.794328689575195
13.086316108703613
15.680923461914062
19.40740394592285
12.239736557006836
10.073952674865723
16.177885055541992
10.200014114379883
13.954727172851562
9.697732925415039
9.53228759765625
17.511791229248047
16.149595260620117
22.4708309173584
7.543177604675293
6.067586421966553
16.793367385864258
16.527767181396484
18.942138671875
16.06696128845215
15.705991744995117
20.06097984313965
11.986223220825195
10.466238975524902
18.044342041015625
19.898828506469727
19.257211685180664
17.387502670288086
18.76519775390625
11.353147506713867
7.4034833908081055
10.200965881347656
20.2109317779541
19.2702579498291
18.41745376586914
22.72235107421875
18.869747161865234
13.684913635253906
16.510618209838867
11.566488265991211
14.811158180236816
12.328266143798828
7.124553680419922
19.234859466552734
4.136650562286377
20.361326217651367
18.378250122070312
6.618963241577148
20.936857223510742
17.5927677154541
15.393081665039062
7.919982433319092
8.042183876037598
18.637561798095703
12.095937728881836
18.0033016204834
18.335634231567383
6.6925787925720215
10.575986862182617
18.05589485168457
17.765731811523438
17.067163467407227
15.48473072052002
18.894336700439453
14.341923713684082
20.133546829223633
17.428016662597656
18.555145263671875
6.156081676483154
20.793851852416992
19.265785217285156
17.219783782958984
12.961954116821289
17.41327667236328
7.9272565841674805
21.12799072265625
12.511731147766113
15.186098098754883
22.171537399291992
3.6006617546081543
17.6585693359375
13.119083404541016
15.408673286437988
21.042760848999023
19.7399845123291
5.464474678039551
17.07231903076172
11.526935577392578
12.651679992675781
6.656679153442383
19.88589096069336
21.248266220092773
13.039082527160645
19.02324104309082
17.094587326049805
15.115781784057617
18.73674964904785
13.73479175567627
9.679777145385742
13.89490032196045
15.928400039672852
15.496742248535156
17.273630142211914
16.909820556640625
13.350555419921875
20.335630416870117
12.592214584350586
13.611701965332031
19.86518669128418
10.136505126953125
14.502603530883789
15.930551528930664
17.58165168762207
11.360482215881348
11.805063247680664
13.389396667480469
10.389350891113281
5.9123616218566895
14.185518264770508
12.577198028564453
20.332067489624023
13.926104545593262
16.781373977661133
14.512602806091309
20.283639907836914
7.4986982345581055
19.104724884033203
14.919319152832031
13.66004753112793
14.919599533081055
10.43105411529541
10.38455581665039
18.040790557861328
17.437379837036133
19.470394134521484
16.958316802978516
14.159222602844238
14.244894027709961
18.87734031677246
14.633296966552734
10.974398612976074
10.565836906433105
13.665908813476562
18.896955490112305
8.531278610229492
12.258133888244629
9.668912887573242
12.21829605102539
21.665178298950195
12.958131790161133
20.117952346801758
17.770099639892578
15.923025131225586
15.679826736450195
14.877697944641113
13.286491394042969
3.3137340545654297
8.424592018127441
8.00623607635498
17.061208724975586
5.64183235168457
13.970037460327148
14.088499069213867
13.712498664855957
20.244291305541992
12.594693183898926
15.447589874267578
15.962841033935547
16.683298110961914
15.043567657470703
12.86388874053955
13.046504020690918
18.03566551208496
20.909875869750977
11.805587768554688
18.985082626342773
20.786169052124023
12.922469139099121
13.870756149291992
7.352716445922852
16.28169822692871
20.357494354248047
19.188508987426758
9.845577239990234
12.449567794799805
17.812515258789062
19.426349639892578
23.724592208862305
4.531047344207764
17.354753494262695
20.99853515625
17.187685012817383
19.455394744873047
12.914900779724121
14.824679374694824
13.691032409667969
16.044925689697266
20.094449996948242
23.04448890686035
20.87349510192871
19.324951171875
18.419639587402344
13.001018524169922
7.197031021118164
17.658477783203125
10.500782012939453
21.70208740234375
13.904590606689453
5.656177997589111
14.541019439697266
15.421329498291016
12.734247207641602
11.316789627075195
19.81607437133789
4.383235454559326
13.811985969543457
16.432952880859375
11.179094314575195
8.060281753540039
18.020343780517578
14.712449073791504
17.320472717285156
12.779434204101562
17.66371726989746
18.36721420288086
18.56688690185547
14.155160903930664
14.692468643188477
15.135509490966797
21.35294532775879
15.950750350952148
18.772090911865234
18.67540168762207
17.206212997436523
20.782155990600586
17.812152862548828
18.263025283813477
21.67925453186035
5.069482803344727
18.730016708374023
19.270967483520508
16.222091674804688
8.859603881835938
8.832535743713379
10.019880294799805
17.579296112060547
16.816112518310547
17.60835075378418
11.261452674865723
18.18886375427246
14.549768447875977
19.325986862182617
15.30101490020752
17.45732307434082
17.58799171447754
20.168182373046875
18.34881019592285
11.078134536743164
17.568063735961914
20.5700626373291
6.6357831954956055
14.526415824890137
18.511253356933594
15.046539306640625
18.58464813232422
15.701333999633789
22.3441104888916
15.634560585021973
17.89167594909668
14.299772262573242
15.439482688903809
17.120187759399414
14.25053882598877
19.098163604736328
13.086256980895996
18.41964340209961
12.759139060974121
11.414384841918945
14.12118148803711
18.10762596130371
16.469654083251953
18.885822296142578
7.85181188583374
16.198665618896484
14.916690826416016
19.18876075744629
11.527303695678711
11.3569974899292
21.353830337524414
12.972692489624023
17.639873504638672
21.1818904876709
10.652016639709473
21.011579513549805
9.46415901184082
14.803091049194336
17.03429412841797
20.425992965698242
2.5184834003448486
18.296478271484375
20.11979866027832
18.57899284362793
13.833745002746582
18.962583541870117
11.370198249816895
22.851102828979492
19.40192413330078
6.225612640380859
18.34156608581543
16.89994239807129
18.789039611816406
17.223674774169922
12.798450469970703
21.837779998779297
11.7745361328125
22.357812881469727
17.232908248901367
20.843381881713867
14.142677307128906
14.69465160369873
16.144067764282227
19.715686798095703
19.265134811401367
17.68002700805664
12.806050300598145
17.713516235351562
19.947622299194336
15.872467041015625
18.97966194152832
11.652406692504883
14.026867866516113
8.03696346282959
19.358938217163086
7.479498386383057
13.81594181060791
10.940895080566406
14.281719207763672
15.410881042480469
8.966485023498535
19.938081741333008
15.280996322631836
19.31622314453125
14.672996520996094
17.757007598876953
18.132343292236328
15.498296737670898
18.363567352294922
17.910497665405273
14.786800384521484
16.06537628173828
21.849855422973633
20.696231842041016
22.30211067199707
17.069761276245117
11.656547546386719
17.677776336669922
10.33654499053955
10.68399715423584
17.964073181152344
17.5887508392334
23.289154052734375
9.467948913574219
16.125431060791016
13.405942916870117
20.347684860229492
1.3661247491836548
16.320695877075195
19.0889949798584
4.983182907104492
17.140291213989258
17.78784942626953
8.83365249633789
22.965641021728516
22.31547737121582
17.545066833496094
16.356637954711914
17.003028869628906
18.660919189453125
19.91242790222168
11.251382827758789
14.920975685119629
16.141130447387695
15.226840019226074
14.916221618652344
16.265594482421875
12.717342376708984
15.26708698272705
12.294539451599121
-4.843687534332275
12.362646102905273
16.01133155822754
10.132085800170898
20.5025691986084
20.62387466430664
17.70090103149414
16.153371810913086
18.440567016601562
16.709516525268555
20.954072952270508
17.705398559570312
9.903787612915039
13.700279235839844
13.11612319946289
18.803571701049805
19.968502044677734
17.881603240966797
19.23564910888672
19.809118270874023
14.090836524963379
17.229345321655273
18.54635238647461
4.698947429656982
12.568626403808594
14.982183456420898
13.250242233276367
11.18511962890625
18.923402786254883
15.91452407836914
13.390928268432617
18.659481048583984
19.071060180664062
18.730497360229492
17.815275192260742
21.797292709350586
13.331880569458008
16.009130477905273
15.02447509765625
15.082027435302734
12.519612312316895
14.721268653869629
13.556418418884277
15.562644958496094
9.312638282775879
20.08121681213379
20.242656707763672
19.67384910583496
6.9281535148620605
5.036146640777588
12.173783302307129
14.582376480102539
10.811483383178711
14.744649887084961
9.135181427001953
21.00376319885254
18.748706817626953
11.221623420715332
20.233125686645508
17.235549926757812
8.600364685058594
21.22685432434082
15.928587913513184
17.131757736206055
20.135648727416992
13.964920043945312
15.310272216796875
19.194204330444336
17.152620315551758
19.745420455932617
4.0810160636901855
6.911745548248291
19.5660343170166
14.42535400390625
14.007597923278809
4.796400547027588
11.597883224487305
21.04350471496582
13.840235710144043
14.633577346801758
20.82193946838379
17.2005672454834
19.105899810791016
18.018455505371094
12.033811569213867
13.865144729614258
21.719152450561523
18.191469192504883
21.29096031188965
20.546106338500977
18.130008697509766
4.186779975891113
13.204981803894043
15.40869426727295
14.120347023010254
14.771181106567383
20.049541473388672
18.89691925048828
18.711538314819336
19.04291534423828
17.369775772094727
21.13300323486328
16.20323371887207
16.81170082092285
11.447816848754883
7.834927082061768
19.491315841674805
10.442909240722656
20.08391761779785
16.704397201538086
18.08780288696289
14.496652603149414
17.209758758544922
7.3295392990112305
13.051169395446777
15.141621589660645
16.693952560424805
10.865056991577148
6.302022457122803
7.492204189300537
21.85053253173828
17.651451110839844
21.801149368286133
18.506916046142578
17.494674682617188
12.880303382873535
19.738582611083984
18.846351623535156
19.323740005493164
15.621326446533203
20.442922592163086
12.523083686828613
10.688982009887695
20.944543838500977
15.783182144165039
10.196890830993652
13.362052917480469
18.87603187561035
22.450807571411133
18.50373077392578
15.475797653198242
22.705608367919922
17.57772445678711
5.032364368438721
20.91361427307129
12.113306999206543
20.776762008666992
19.148277282714844
18.10990333557129
3.6174838542938232
15.190120697021484
17.517377853393555
13.969402313232422
8.326444625854492
17.172170639038086
18.826139450073242
17.877025604248047
19.040552139282227
8.418067932128906
21.71255111694336
16.34868812561035
21.700668334960938
17.63446807861328
16.170881271362305
13.321413040161133
18.009584426879883
19.569849014282227
17.579538345336914
10.74985122680664
22.778287887573242
13.752715110778809
14.485729217529297
20.23845863342285
16.818002700805664
18.93104362487793
12.276778221130371
16.693864822387695
18.388891220092773
13.625804901123047
18.69744873046875
17.471128463745117
19.91520881652832
22.749591827392578
20.551109313964844
14.689159393310547
15.083072662353516
19.960430145263672
5.898123741149902
11.204389572143555
11.802082061767578
14.437806129455566
17.76240348815918
19.767892837524414
15.903753280639648
17.78547477722168
18.14961051940918
17.19953727722168
5.125504493713379
18.364303588867188
16.71469497680664
13.976133346557617
12.828357696533203
4.562302112579346
16.0968017578125
21.271242141723633
13.446805953979492
13.633882522583008
21.75200080871582
18.843748092651367
12.533048629760742
16.92322540283203
17.790090560913086
10.982102394104004
14.576003074645996
10.899849891662598
16.553585052490234
17.83851432800293
14.500692367553711
21.522947311401367
20.22235870361328
15.652580261230469
13.71678638458252
18.550203323364258
20.07566261291504
17.56881332397461
11.391119003295898
14.558135032653809
16.597536087036133
12.136716842651367
13.07958698272705
23.87445831298828
9.696159362792969
14.219276428222656
22.183073043823242
17.295747756958008
20.3067626953125
16.65336799621582
18.44822120666504
13.362796783447266
14.442293167114258
17.35634422302246
16.383455276489258
14.221264839172363
24.255464553833008
16.457242965698242
18.368053436279297
14.197016716003418
8.747459411621094
13.92011833190918
14.861839294433594
15.754254341125488
-4.528715133666992
5.089721202850342
21.816272735595703
12.0830659866333
22.72679328918457
17.2549991607666
14.691439628601074
10.727472305297852
15.48522663116455
11.723593711853027
20.18650245666504
9.333223342895508
14.841156005859375
17.13665771484375
24.100927352905273
16.210668563842773
17.454790115356445
2.1633687019348145
20.29701805114746
19.416549682617188
14.109023094177246
16.611347198486328
15.672121047973633
11.2926025390625
18.0213680267334
13.912446975708008
17.37152099609375
14.140897750854492
12.561195373535156
20.058170318603516
16.956357955932617
17.867544174194336
6.4619245529174805
10.475553512573242
16.94692611694336
9.20553970336914
4.4203362464904785
17.712575912475586
19.307342529296875
3.3915200233459473
19.085283279418945
9.210405349731445
20.166929244995117
16.443666458129883
15.921302795410156
22.25342559814453
19.457603454589844
19.17850685119629
12.582477569580078
19.20159912109375
19.89640235900879
18.264541625976562
18.50961685180664
8.98578929901123
11.647503852844238
18.097110748291016
18.717391967773438
17.519054412841797
12.637419700622559
12.628228187561035
17.897472381591797
17.65727424621582
12.076254844665527
15.871676445007324
17.699636459350586
19.58110237121582
19.468786239624023
17.706396102905273
19.11799430847168
16.945175170898438
13.305912017822266
19.193891525268555
15.873061180114746
15.526516914367676
14.59276008605957
21.417734146118164
10.331317901611328
7.727536201477051
12.916511535644531
16.16872215270996
16.712427139282227
19.659717559814453
11.033166885375977
-18.159297943115234
-16.117429733276367
-18.82473373413086
-16.497236251831055
-18.132354736328125
-17.0871524810791
-18.878767013549805
-16.19040298461914
-16.17555809020996
-18.026384353637695
-16.569276809692383
-16.318187713623047
-18.062833786010742
-17.14432144165039
-15.326803207397461
-15.949953079223633
-17.403396606445312
-17.0960750579834
-18.217443466186523
-18.68250846862793
-17.452110290527344
-18.212505340576172
-16.65680503845215
-16.330068588256836
-17.714567184448242
-17.70320701599121
-17.108272552490234
-16.47649574279785
-15.723152160644531
-15.03171157836914
-17.793392181396484
-15.483953475952148
-15.702560424804688
-16.30263328552246
-18.0037784576416
-18.632549285888672
-15.731330871582031
-19.288253784179688
-17.81227684020996
-18.064741134643555
-17.153581619262695
-16.81832504272461
-17.805606842041016
-18.62727928161621
-16.994009017944336
-17.7360782623291
-15.898656845092773
-18.58746910095215
-17.898387908935547
-17.2663631439209
-19.24454116821289
-18.59864616394043
-18.48637580871582
-18.512481689453125
-17.492870330810547
-17.700597763061523
-18.63421630859375
-17.42314910888672
-19.061670303344727
-16.200719833374023
-18.39202308654785
-16.415199279785156
-16.59999656677246
-16.697769165039062
-13.457830429077148
-16.97336769104004
-18.018226623535156
-18.33945655822754
-17.27789306640625
-19.037227630615234
-18.541667938232422
-17.1605167388916
-16.324926376342773
-16.88887596130371
-16.680578231811523
-16.85725975036621
-16.17348861694336
-18.162837982177734
-15.928519248962402
-18.09152603149414
-17.80124282836914
-17.537534713745117
-15.939929962158203
-17.84060287475586
-18.47549819946289
-19.377471923828125
-18.33481788635254
-18.303050994873047
-16.110254287719727
-18.79068946838379
-16.910980224609375
-18.190690994262695
-19.32756805419922
-18.144062042236328
-18.41414451599121
-18.027795791625977
-17.766191482543945
-16.732284545898438
-16.27411460876465
-18.477060317993164
-15.626791000366211
-18.815340042114258
-18.197174072265625
-18.845849990844727
-18.338546752929688
-18.033157348632812
-17.612606048583984
-17.71023178100586
-18.623872756958008
-15.06680965423584
-16.935823440551758
-15.931726455688477
-15.453485488891602
-17.6084041595459
-15.977691650390625
-19.065765380859375
-19.2911319732666
-18.842775344848633
-17.930753707885742
-18.669631958007812
-18.174806594848633
-18.92521095275879
-18.500070571899414
-16.399433135986328
-18.01386833190918
-17.590726852416992
-16.126323699951172
-19.616647720336914
-16.523643493652344
-18.899503707885742
-16.637142181396484
-18.341888427734375
-18.259923934936523
-18.92281723022461
-15.77034854888916
-17.661043167114258
-17.006500244140625
-18.208480834960938
-13.228117942810059
-17.880165100097656
-18.750303268432617
-17.350383758544922
-17.211950302124023
-15.901610374450684
-18.1331844329834
-18.545269012451172
-16.868860244750977
-17.0518741607666
-16.467716217041016
-17.247285842895508
-18.38065528869629
-18.16986083984375
-17.712093353271484
-19.011735916137695
-17.434856414794922
-17.3908634185791
-18.453372955322266
-17.07233428955078
-16.221769332885742
-16.375244140625
-16.70475959777832
-16.995033264160156
-16.536800384521484
-16.215877532958984
-14.34317684173584
-13.231630325317383
-15.695878982543945
-16.962186813354492
-16.15534019470215
-18.036758422851562
-16.4083194732666
-17.579858779907227
-16.629730224609375
-17.970590591430664
-14.953702926635742
-18.206682205200195
-17.807754516601562
-16.628618240356445
-18.112653732299805
-15.853246688842773
-17.733301162719727
-18.054542541503906
-17.577905654907227
-16.366308212280273
-16.65451431274414
-16.124326705932617
-18.763763427734375
-18.151498794555664
-17.711687088012695
-19.02385139465332
-18.126466751098633
-17.735158920288086
-18.280330657958984
-18.435279846191406
-18.750551223754883
-19.08415412902832
-16.605310440063477
-14.376267433166504
-17.398855209350586
-18.179931640625
-16.73414421081543
-18.534183502197266
-17.99955177307129
-18.17841148376465
-19.389780044555664
-17.2703914642334
-16.717071533203125
-17.714298248291016
-13.687065124511719
-17.651599884033203
-18.872642517089844
-16.748010635375977
-16.849191665649414
-17.436704635620117
-16.580121994018555
-18.6158390045166
-16.759721755981445
-18.87466049194336
-19.526884078979492
-17.366809844970703
-15.999433517456055
-18.057958602905273
-18.917837142944336
-17.495512008666992
-18.545610427856445
-17.910274505615234
-16.866817474365234
-16.58595085144043
-16.142499923706055
-17.533594131469727
-17.41066551208496
-17.59455108642578
-16.52279281616211
-16.06985092163086
-17.088970184326172
-16.588071823120117
-18.02298927307129
-17.058534622192383
-18.060537338256836
-19.172809600830078
-18.09807014465332
-13.80151081085205
-14.358348846435547
-16.876638412475586
-16.0142879486084
-16.708724975585938
-16.95310401916504
-16.20545196533203
-17.20172119140625
-19.234437942504883
-15.781288146972656
-14.128790855407715
-18.957569122314453
-19.175445556640625
-12.530593872070312
-18.684324264526367
-19.275644302368164
-17.55124282836914
-17.66431427001953
-17.670602798461914
-17.823793411254883
-15.839648246765137
-19.09238052368164
-16.524433135986328
-17.76802635192871
-16.96957015991211
-17.46635627746582
-16.41072654724121
-17.393768310546875
-17.181787490844727
-19.695547103881836
-16.76724624633789
-17.744604110717773
-14.748231887817383
-17.389053344726562
-19.521957397460938
-17.27960777282715
-18.55150604248047
-17.416927337646484
-17.64763069152832
-16.572065353393555
-19.730253219604492
-19.05938148498535
-15.463176727294922
-16.109619140625
-16.08238410949707
-18.57434844970703
-16.437702178955078
-12.591299057006836
-17.89088249206543
-17.17202377319336
-14.142054557800293
-14.94689655303955
-18.030080795288086
-15.332067489624023
-17.36726951599121
-16.940988540649414
-17.785781860351562
-16.60365867614746
-15.225378036499023
-18.616483688354492
-15.559157371520996
-16.963361740112305
-17.89395523071289
-16.735719680786133
-18.255006790161133
-18.152965545654297
-18.831771850585938
-17.33633041381836
-17.702320098876953
-13.753765106201172
-17.718433380126953
-17.67673110961914
-18.95896339416504
-19.202655792236328
-17.25287628173828
-16.751062393188477
-18.046741485595703
-17.586536407470703
-17.12897300720215
-16.021526336669922
-16.6158390045166
-18.177499771118164
-18.133819580078125
-18.81686019897461
-18.528160095214844
-17.87828254699707
-18.478370666503906
-17.552064895629883
-18.473678588867188
-18.68528175354004
-18.32588005065918
-15.652996063232422
-17.919862747192383
-19.639860153198242
-18.403989791870117
-16.27030372619629
-18.592636108398438
-17.392391204833984
-18.157548904418945
-16.863874435424805
-15.543862342834473
-16.667482376098633
-18.44001579284668
-18.315881729125977
-16.772258758544922
-18.45778465270996
-17.74872398376465
-14.067445755004883
-17.755781173706055
-20.022899627685547
-15.997478485107422
-16.483856201171875
-16.875652313232422
-17.121217727661133
-16.919200897216797
-17.875368118286133
-17.370248794555664
-15.640782356262207
-18.226699829101562
-11.588364601135254
-17.70693016052246
-17.74720573425293
-12.580524444580078
-17.720369338989258
-16.858293533325195
-17.285356521606445
-18.237951278686523
-18.78681182861328
-17.41436004638672
-16.445167541503906
-18.31004524230957
-17.574522018432617
-17.780906677246094
-18.437578201293945
-17.716501235961914
-16.021512985229492
-18.0583438873291
-18.192968368530273
-14.03250503540039
-18.3129825592041
-16.09351921081543
-15.777545928955078
-15.401355743408203
-19.272193908691406
-16.62677764892578
-17.790489196777344
-16.7808895111084
-18.427898406982422
-18.652149200439453
-17.112930297851562
-18.123388290405273
-19.121244430541992
-17.747467041015625
-18.58347511291504
-17.206174850463867
-17.686878204345703
-17.19340705871582
-18.589866638183594
-18.084897994995117
-17.644676208496094
-17.148996353149414
-17.01374626159668
-17.8747501373291
-16.66239356994629
-18.376901626586914
-18.57200813293457
-16.949613571166992
-13.832911491394043
-17.82151985168457
-18.515789031982422
-18.44894790649414
-17.010770797729492
-18.87532615661621
-16.147279739379883
-18.21849822998047
-16.21283531188965
-17.453142166137695
-19.01922035217285
-16.740684509277344
-18.66248321533203
-17.76243782043457
-18.364160537719727
-16.967920303344727
-14.379901885986328
-18.618661880493164
-18.392963409423828
-17.544050216674805
-16.323457717895508
-17.007835388183594
-17.28482437133789
-17.887298583984375
-17.65703773498535
-18.523841857910156
-17.985563278198242
-16.707050323486328
-18.007673263549805
-15.772528648376465
-18.7799129486084
-17.518373489379883
-16.597946166992188
-18.626550674438477
-17.931798934936523
-16.928464889526367
-18.670835494995117
-15.289002418518066
-18.59330940246582
-19.185911178588867
-19.102983474731445
-18.540973663330078
-17.94166374206543
-14.625333786010742
-17.927709579467773
-17.2240047454834
-17.57568359375
-15.639169692993164
-18.125289916992188
-18.2879581451416
-18.44251823425293
-18.404077529907227
-17.8283748626709
-18.151538848876953
-18.190549850463867
-18.333269119262695
-16.530778884887695
-18.581668853759766
-16.42825698852539
-16.830638885498047
-18.097990036010742
-17.413877487182617
-15.90211009979248
-18.33455467224121
-16.59339714050293
-18.596435546875
-14.928269386291504
-18.367877960205078
-17.669097900390625
-17.256681442260742
-18.812517166137695
-19.36485481262207
-18.363052368164062
-19.444805145263672
-17.747312545776367
-18.545257568359375
-16.672250747680664
-18.534364700317383
-18.220521926879883
-14.988442420959473
-18.802276611328125
-18.271100997924805
-18.208385467529297
-16.545413970947266
-16.83031463623047
-18.06953239440918
-17.96122932434082
-16.24913787841797
-16.582216262817383
-18.10837173461914
-16.517234802246094
-17.438518524169922
-18.49311637878418
-15.43570327758789
-17.63529396057129
-17.385278701782227
-16.844266891479492
-16.648122787475586
-17.892541885375977
-19.930862426757812
-18.373825073242188
-18.978626251220703
-16.609731674194336
-16.934484481811523
-17.41673469543457
-15.782416343688965
-18.532686233520508
-17.134159088134766
-16.860403060913086
-17.78065299987793
-17.461977005004883
-19.82740592956543
-16.73219108581543
-15.67698860168457
-18.572755813598633
-18.459585189819336
-17.73438262939453
-15.360639572143555
-17.152790069580078
-12.616893768310547
-17.504718780517578
-12.633785247802734
-17.068180084228516
-17.118270874023438
-17.073463439941406
-16.530431747436523
-19.308835983276367
-17.813264846801758
-16.547395706176758
-18.081708908081055
-17.606163024902344
-11.355093955993652
-16.88768196105957
-16.056312561035156
-20.06412124633789
-19.384384155273438
-16.183940887451172
-18.082077026367188
-16.8820858001709
-14.4706449508667
-16.962894439697266
-15.305695533752441
-18.015615463256836
-18.59166717529297
-20.164533615112305
-17.733205795288086
-16.84345817565918
-16.861913681030273
-18.725765228271484
-15.72877025604248
-11.72001838684082
-18.045866012573242
-18.513465881347656
-16.938295364379883
-14.740406036376953
-18.483610153198242
-17.385971069335938
-17.076854705810547
-17.123977661132812
-19.37584686279297
-19.389657974243164
-14.975563049316406
-16.720340728759766
-19.09551239013672
-16.769201278686523
-19.217435836791992
-19.033174514770508
-16.67339515686035
-18.60930824279785
-11.660584449768066
-18.385000228881836
-18.2603759765625
-18.37533187866211
-18.67427635192871
-17.59736442565918
-18.424091339111328
-16.967212677001953
-18.830371856689453
-16.77875328063965
-17.326433181762695
-19.119155883789062
-19.575529098510742
-15.764699935913086
-13.281219482421875
-18.091482162475586
-16.41107940673828
-17.04056167602539
-15.12381362915039
-16.436290740966797
-17.010324478149414
-19.18682289123535
-18.765125274658203
-16.829368591308594
-18.75331687927246
-15.27651596069336
-17.823179244995117
-17.95415687561035
-17.012704849243164
-18.138439178466797
-17.456626892089844
-16.69719696044922
-16.312847137451172
-17.058929443359375
-17.99263572692871
-17.707584381103516
-19.228424072265625
-17.46238899230957
-15.951545715332031
-18.634668350219727
-18.49612045288086
-18.76256561279297
-19.011184692382812
-16.67803192138672
-17.586030960083008
-14.566584587097168
-19.26502799987793
-17.317821502685547
-18.152082443237305
-17.943981170654297
-18.31114387512207
-19.039079666137695
-17.463510513305664
-18.665668487548828
-18.054229736328125
-16.211994171142578
-16.89719581604004
-15.226789474487305
-16.664615631103516
-17.01441192626953
-15.58984375
-18.260618209838867
-18.53084373474121
-18.853853225708008
-18.474302291870117
-18.30110740661621
-15.912312507629395
-16.203693389892578
-17.89358901977539
-15.061135292053223
-17.277803421020508
-15.954200744628906
-18.0930118560791
-15.385007858276367
-18.020076751708984
-18.84620475769043
-17.92896270751953
-15.042800903320312
-17.16403579711914
-18.707231521606445
-17.010637283325195
-18.047849655151367
-13.970641136169434
-18.604299545288086
-17.84897232055664
-18.592954635620117
-16.868553161621094
-16.150022506713867
-17.697032928466797
-16.217145919799805
-16.78325080871582
-18.045421600341797
-17.22539520263672
-18.228124618530273
-15.251054763793945
-17.605567932128906
-18.091039657592773
-16.939043045043945
-18.212556838989258
-13.959829330444336
-18.000274658203125
-17.84370994567871
-18.37384033203125
-17.061323165893555
-17.34825897216797
-18.617084503173828
-17.27685546875
-17.50786018371582
-16.932870864868164
-17.926095962524414
-15.738741874694824
-17.74092674255371
-15.87298583984375
-18.79108428955078
-19.297056198120117
-17.58760643005371
-17.44728660583496
-17.381601333618164
-17.9907169342041
-18.663070678710938
-17.902456283569336
-16.864042282104492
-18.212886810302734
-16.29145622253418
-17.387439727783203
-16.104345321655273
-17.162721633911133
-18.652618408203125
-13.670768737792969
-19.221525192260742
-17.319751739501953
-18.36785125732422
-17.29901695251465
-16.75591468811035
-16.79714012145996
-16.77457046508789
-17.639257431030273
-18.643136978149414
-15.494731903076172
-17.295461654663086
-15.393685340881348
-19.380285263061523
-18.13031578063965
-14.770012855529785
-19.079450607299805
-17.948251724243164
-17.60915756225586
-18.98261070251465
-18.170541763305664
-17.00774383544922
-15.481112480163574
-16.994935989379883
-16.532453536987305
-18.362319946289062
-18.3006591796875
-18.44965171813965
-17.998334884643555
-16.523475646972656
-17.492992401123047
-16.16925811767578
-15.60006046295166
-18.407779693603516
-18.76801872253418
-18.01471710205078
-17.690616607666016
-17.798688888549805
-18.814823150634766
-14.326885223388672
-17.327157974243164
-15.345878601074219
-19.13810157775879
-12.826004028320312
-15.527381896972656
-18.705078125
-15.647381782531738
-16.95579719543457
-16.721664428710938
-17.476089477539062
-17.66693115234375
-16.879796981811523
-16.96912956237793
-18.25286293029785
-17.806081771850586
-14.885187149047852
-16.746980667114258
-18.045665740966797
-18.56076431274414
-18.046939849853516
-18.36088752746582
-16.262371063232422
-13.970210075378418
-18.11919593811035
-8.381317138671875
-16.59020233154297
-16.698163986206055
-16.91267204284668
-11.472156524658203
-16.919170379638672
-13.017333030700684
-17.99903106689453
-16.560016632080078
-17.540159225463867
-17.492019653320312
-19.22173500061035
-17.221345901489258
-15.806079864501953
-19.10976219177246
-16.731735229492188
-17.948915481567383
-15.466054916381836
-12.160889625549316
-16.743080139160156
-18.269752502441406
-18.287212371826172
-15.586708068847656
-18.249231338500977
-17.296972274780273
-17.59796714782715
-18.357257843017578
-18.25642204284668
-16.291772842407227
-19.193645477294922
-16.57642364501953
-17.598098754882812
-17.63594627380371
-14.958884239196777
-17.205169677734375
-17.383852005004883
-17.855554580688477
-19.240406036376953
-19.224382400512695
-19.035797119140625
-15.775028228759766
-15.736114501953125
-16.071504592895508
-19.694055557250977
-17.08523178100586
-16.936887741088867
-17.067140579223633
-17.736278533935547
-16.40605354309082
-17.661460876464844
-14.295955657958984
-17.749462127685547
-17.1505126953125
-17.00867462158203
-16.95287322998047
-18.867136001586914
-16.567270278930664
-17.759374618530273
-19.186359405517578
-16.033082962036133
-17.6811580657959
-17.702199935913086
-16.185306549072266
-14.840879440307617
-18.99521827697754
-18.1853084564209
-17.502849578857422
-18.155725479125977
-15.39130973815918
-16.967754364013672
-16.45642852783203
-17.085416793823242
-17.438100814819336
-17.801294326782227
-17.560190200805664
-18.884374618530273
-18.870698928833008
-19.442790985107422
-18.51466178894043
-17.566280364990234
-16.998201370239258
-16.204063415527344
-16.773170471191406
-18.491500854492188
-15.738226890563965
-13.243509292602539
-15.546490669250488
-18.84571647644043
-18.29570960998535
-17.920839309692383
-17.84054183959961
-17.51603126525879
-15.73233413696289
-16.912504196166992
-17.467426300048828
-17.523691177368164
-16.82423210144043
-16.619558334350586
-16.424894332885742
-18.82417869567871
-18.241003036499023
-16.534021377563477
-18.589792251586914
-18.17170524597168
-17.23760986328125
-16.75102424621582
-18.999042510986328
-18.291765213012695
-15.840147018432617
-16.984222412109375
-15.587864875793457
-12.750186920166016
-17.2432918548584
-17.880996704101562
-17.784318923950195
-17.780553817749023
-19.84316635131836
-16.52535629272461
-18.805767059326172
-17.02347755432129
-15.942201614379883
-17.180753707885742
-16.59735107421875
-17.857715606689453
-17.475263595581055
-17.319068908691406
-16.35977554321289
-17.23744773864746
-16.67539405822754
-17.35689926147461
-18.43340492248535
-12.830787658691406
-16.50226593017578
-18.31489372253418
-13.673954963684082
-16.485544204711914
-17.848644256591797
-15.15462875366211
-15.11404037475586
-18.894996643066406
-16.784351348876953
-18.171056747436523
-18.29029655456543
-17.363378524780273
-9.735738754272461
-18.50511360168457
-18.853715896606445
-16.567598342895508
-18.240148544311523
-17.50261116027832
-19.13630485534668
-18.181289672851562
-18.725292205810547
-15.130403518676758
-17.584680557250977
-17.627361297607422
-18.240188598632812
-16.58098030090332
-17.878936767578125
-14.190439224243164
-17.396007537841797
-16.731670379638672
-16.33298683166504
-17.012815475463867
-17.976747512817383
-17.306869506835938
-18.02742576599121
-16.32225227355957
-12.986536979675293
-16.80631446838379
-17.00057029724121
-18.021751403808594
-17.989200592041016
-16.5880126953125
-18.61577606201172
-19.081035614013672
-18.284664154052734
-17.736555099487305
-14.59897518157959
-18.108455657958984
-18.239343643188477
-15.391693115234375
-15.936328887939453
-18.148147583007812
-19.44998550415039
-17.333602905273438
-17.662384033203125
-16.440547943115234
-16.33686637878418
-16.22990608215332
-18.594511032104492
-15.791054725646973
-17.289653778076172
-16.434722900390625
-18.278287887573242
-17.0030460357666
-19.010372161865234
-17.77507972717285
-16.449766159057617
-17.767770767211914
-17.895288467407227
-17.79543113708496
-17.967304229736328
-18.800622940063477
-17.181625366210938
-17.004594802856445
-18.25844383239746
-18.89996910095215
-18.940244674682617
-16.703231811523438
-18.01966094970703
-17.38916778564453
-19.523786544799805
-18.883634567260742
-16.679155349731445
-16.08477783203125
-18.306102752685547
-16.398744583129883
-17.555130004882812
-17.539030075073242
-17.747514724731445
-17.23004722595215
-17.614961624145508
-18.81263542175293
-16.866785049438477
-16.85236930847168
-15.9168701171875
-18.549715042114258
-17.19598960876465
-16.79751968383789
-14.327442169189453
