22.31757926940918
24.53205680847168
23.861421585083008
24.295114517211914
24.07601547241211
24.879581451416016
22.3193359375
24.75272560119629
23.914718627929688
22.32478141784668
25.456897735595703
24.501781463623047
25.817033767700195
22.51580047607422
23.107492446899414
25.074617385864258
24.51177406311035
25.30253791809082
24.292043685913086
19.05936622619629
24.87004280090332
22.965206146240234
24.74053382873535
25.835187911987305
24.196693420410156
24.9855899810791
21.167661666870117
21.95235252380371
22.571470260620117
25.262069702148438
27.052961349487305
24.047914505004883
24.318540573120117
26.630659103393555
26.74921989440918
22.814434051513672
23.49921417236328
25.476667404174805
26.27789878845215
25.153371810913086
23.052526473999023
20.411602020263672
24.694595336914062
25.517763137817383
18.62571144104004
25.69027328491211
23.024320602416992
23.44022560119629
24.97706413269043
21.972524642944336
20.3946475982666
25.396133422851562
23.71291732788086
24.582277297973633
22.028409957885742
23.276668548583984
17.593809127807617
21.43218994140625
23.85627555847168
25.109872817993164
21.384435653686523
24.61177635192871
26.56809425354004
23.608470916748047
25.793071746826172
22.291208267211914
25.9835205078125
24.34003448486328
23.562036514282227
22.94918441772461
19.13407325744629
24.417387008666992
24.464298248291016
22.714399337768555
21.931596755981445
22.836915969848633
23.08099365234375
22.91554069519043
24.468175888061523
23.20318031311035
25.67909812927246
22.733095169067383
24.972740173339844
24.68900489807129
21.80705451965332
17.764516830444336
22.170028686523438
27.1466121673584
22.784963607788086
24.338911056518555
27.238710403442383
24.19215202331543
21.21918487548828
25.0206241607666
22.59660530090332
26.574670791625977
23.657522201538086
22.72871208190918
24.646562576293945
23.566287994384766
24.694765090942383
27.10209083557129
23.52535057067871
24.883703231811523
23.48897933959961
22.37722396850586
17.872947692871094
21.327783584594727
23.910757064819336
23.89872169494629
25.1025333404541
23.087013244628906
19.771482467651367
22.31585121154785
20.113309860229492
25.81397247314453
20.34089469909668
25.00899887084961
22.403318405151367
26.827054977416992
19.18198585510254
22.855573654174805
23.6772403717041
20.956172943115234
23.810958862304688
21.184785842895508
16.6938419342041
21.838552474975586
24.08220863342285
22.729135513305664
25.565040588378906
22.435693740844727
23.971981048583984
24.28996467590332
16.991209030151367
20.224592208862305
23.33617401123047
22.44268035888672
22.00575828552246
24.66655731201172
24.910446166992188
26.07842254638672
23.12541389465332
24.350337982177734
24.853134155273438
21.339670181274414
22.17945671081543
19.548656463623047
21.99898910522461
22.58458709716797
21.997854232788086
24.193574905395508
15.240878105163574
16.103775024414062
25.11994171142578
24.138925552368164
22.685808181762695
23.5723934173584
24.31060218811035
22.926816940307617
22.341413497924805
25.126691818237305
23.732601165771484
23.894018173217773
24.594106674194336
20.09259605407715
20.203813552856445
24.67241668701172
23.278099060058594
24.42441749572754
24.058086395263672
24.39286994934082
22.944107055664062
24.434303283691406
27.65595054626465
24.153573989868164
23.362104415893555
22.892601013183594
16.386783599853516
24.490848541259766
25.195945739746094
21.21289825439453
25.623912811279297
23.45488739013672
22.03525733947754
15.889693260192871
22.930274963378906
21.33896255493164
22.128931045532227
24.625322341918945
25.361085891723633
25.782033920288086
21.877458572387695
26.26740074157715
22.015939712524414
25.438016891479492
22.137800216674805
23.37666893005371
20.62959861755371
24.74468421936035
22.8962345123291
23.25196075439453
25.156278610229492
22.792570114135742
23.823955535888672
23.934722900390625
19.882190704345703
21.227230072021484
23.370155334472656
21.317285537719727
24.32359504699707
22.008882522583008
22.064664840698242
24.39693260192871
19.01670265197754
26.131986618041992
23.607778549194336
25.445837020874023
24.562475204467773
21.454015731811523
26.62897300720215
23.585798263549805
26.999238967895508
25.431306838989258
22.930147171020508
18.068790435791016
25.722862243652344
26.10224151611328
24.32561492919922
10.915085792541504
24.164552688598633
23.027067184448242
23.413564682006836
24.037006378173828
26.407855987548828
21.53350067138672
23.40667152404785
21.41569709777832
22.044219970703125
21.258756637573242
14.539106369018555
15.108317375183105
22.98570442199707
24.660682678222656
16.928287506103516
22.311073303222656
24.263019561767578
21.14366340637207
25.28666114807129
25.915557861328125
22.513267517089844
18.23748016357422
23.556108474731445
22.957035064697266
24.610380172729492
23.146970748901367
23.017688751220703
25.96060562133789
19.15785789489746
21.84221076965332
24.938779830932617
22.551633834838867
23.100601196289062
24.753509521484375
20.173376083374023
25.558513641357422
26.307411193847656
22.436065673828125
23.723493576049805
21.875593185424805
25.175565719604492
24.280811309814453
22.4343204498291
26.99593162536621
22.928674697875977
25.000659942626953
20.244565963745117
23.168569564819336
25.233768463134766
22.346641540527344
23.778120040893555
22.56033706665039
25.564922332763672
23.993932723999023
25.078453063964844
23.897151947021484
24.521697998046875
24.02400016784668
22.335359573364258
20.4448299407959
26.167280197143555
25.252592086791992
21.95294761657715
23.973846435546875
23.378612518310547
24.43602180480957
24.430023193359375
25.41637420654297
20.7616024017334
24.764015197753906
20.296751022338867
22.775676727294922
25.500024795532227
19.360321044921875
23.635469436645508
24.61810874938965
26.002779006958008
24.232810974121094
25.748247146606445
21.282752990722656
24.501235961914062
25.596431732177734
21.913965225219727
24.1768856048584
21.541250228881836
21.61569595336914
21.709997177124023
22.714296340942383
21.98406982421875
24.881019592285156
23.417327880859375
23.578521728515625
23.965578079223633
22.253414154052734
22.61562156677246
25.053386688232422
22.04141616821289
24.32667350769043
25.475175857543945
26.56268882751465
24.180435180664062
23.515708923339844
20.913925170898438
23.895524978637695
19.289018630981445
24.288084030151367
25.567644119262695
25.059186935424805
26.607572555541992
23.511512756347656
21.448591232299805
24.80510902404785
25.058191299438477
27.04929542541504
21.945154190063477
23.984880447387695
22.498546600341797
24.59580421447754
23.271772384643555
22.273496627807617
12.565771102905273
23.999317169189453
23.13844871520996
24.80718421936035
23.937589645385742
22.929231643676758
21.168352127075195
24.29606819152832
18.195714950561523
27.59208869934082
22.090320587158203
22.159706115722656
22.872472763061523
22.82181739807129
24.890316009521484
24.05778694152832
25.376253128051758
25.524106979370117
22.766035079956055
24.990509033203125
20.223913192749023
24.005434036254883
12.82830810546875
23.736957550048828
23.653858184814453
24.033245086669922
23.209980010986328
25.748214721679688
22.85222625732422
22.876827239990234
21.308807373046875
25.266496658325195
24.378236770629883
20.14341926574707
21.14200210571289
23.11079216003418
26.359375
23.00301170349121
25.340822219848633
23.793752670288086
22.727375030517578
24.75276756286621
26.39037322998047
22.832582473754883
19.59733009338379
20.844074249267578
24.57513999938965
25.570173263549805
25.382902145385742
22.932165145874023
26.026960372924805
24.55782699584961
23.6707706451416
21.39609718322754
26.529150009155273
20.593503952026367
23.369890213012695
25.962141036987305
23.707550048828125
25.676631927490234
24.02556037902832
23.244794845581055
24.139135360717773
22.996870040893555
26.283185958862305
22.698627471923828
23.456876754760742
23.6253604888916
24.680858612060547
23.095863342285156
24.653934478759766
22.88846778869629
26.100183486938477
23.55399513244629
23.89401626586914
27.000333786010742
21.159807205200195
20.458600997924805
23.55275535583496
24.377670288085938
20.679136276245117
24.184574127197266
20.427213668823242
22.34598731994629
24.965164184570312
25.086545944213867
23.101680755615234
25.136926651000977
23.204816818237305
23.40850830078125
23.50259017944336
19.56598472595215
26.52263069152832
20.092994689941406
22.5553035736084
22.90450096130371
22.616968154907227
24.23712730407715
22.395633697509766
24.081295013427734
20.91012954711914
22.810476303100586
24.52703285217285
25.066843032836914
26.05911636352539
22.680927276611328
26.159303665161133
25.482585906982422
23.277009963989258
26.213258743286133
23.05717658996582
22.555925369262695
25.75971794128418
25.926259994506836
26.58280372619629
21.459152221679688
25.028884887695312
23.352933883666992
24.473499298095703
25.28106689453125
23.778087615966797
19.491846084594727
23.569875717163086
24.55220603942871
23.12099266052246
24.6352481842041
24.194204330444336
20.071674346923828
24.498111724853516
24.26628875732422
25.674211502075195
23.877817153930664
26.065671920776367
26.508153915405273
23.70039176940918
21.03070068359375
22.95926284790039
25.10701560974121
19.880590438842773
23.824987411499023
26.25312614440918
23.695035934448242
26.161846160888672
20.694406509399414
22.93950080871582
27.49799156188965
24.9548397064209
25.202930450439453
21.989686965942383
21.25547218322754
19.57474708557129
24.541372299194336
24.195222854614258
22.543855667114258
22.843111038208008
22.381784439086914
19.761201858520508
24.27359962463379
24.256959915161133
24.703012466430664
23.979822158813477
22.97370719909668
27.43681526184082
21.82908821105957
24.38019371032715
23.35964012145996
22.7425479888916
20.745786666870117
25.3595027923584
24.57750701904297
23.37512969970703
18.939598083496094
22.532474517822266
22.803945541381836
25.508867263793945
21.489654541015625
20.343984603881836
15.263299942016602
24.343978881835938
23.35399627685547
22.09618377685547
24.803180694580078
21.473203659057617
26.262514114379883
21.416685104370117
24.22175407409668
22.006427764892578
26.221853256225586
26.54369354248047
19.317338943481445
23.209978103637695
25.015369415283203
25.5108642578125
24.391576766967773
24.333356857299805
23.642608642578125
27.779529571533203
24.276872634887695
20.72103500366211
21.661388397216797
19.35331916809082
25.725095748901367
22.512407302856445
25.17051887512207
24.499492645263672
24.764188766479492
21.93455696105957
24.227567672729492
17.326847076416016
22.301305770874023
26.74851417541504
25.320486068725586
24.721349716186523
27.251272201538086
19.729175567626953
23.6256046295166
20.380525588989258
23.10430335998535
21.455429077148438
26.95248031616211
22.651336669921875
23.428485870361328
25.56178092956543
23.6475772857666
23.500537872314453
22.460824966430664
25.06835174560547
18.27845573425293
23.680316925048828
24.071426391601562
25.3831844329834
24.974515914916992
15.336612701416016
24.031274795532227
22.626461029052734
21.0613956451416
25.772659301757812
23.113420486450195
20.47804069519043
25.882633209228516
23.73212242126465
22.060043334960938
23.239093780517578
21.912267684936523
22.411325454711914
17.01980972290039
27.09132957458496
25.82562255859375
22.95307159423828
27.934890747070312
25.993894577026367
23.535537719726562
23.82599449157715
23.4504337310791
22.264272689819336
24.826892852783203
23.304534912109375
21.932544708251953
21.936180114746094
23.932910919189453
25.093341827392578
25.177465438842773
23.33390235900879
21.263578414916992
24.99085235595703
26.259836196899414
22.07004737854004
23.025724411010742
25.6077938079834
21.52921485900879
25.24388313293457
24.94245719909668
21.841785430908203
25.560243606567383
19.122753143310547
24.27312660217285
24.323884963989258
19.63243865966797
17.530832290649414
23.24437141418457
21.640066146850586
19.641447067260742
23.3265438079834
21.444225311279297
24.331300735473633
22.91087532043457
22.363784790039062
25.630077362060547
21.107757568359375
23.287673950195312
26.726057052612305
25.46316909790039
22.389446258544922
23.83068084716797
26.363508224487305
25.47426986694336
23.34117889404297
26.16580581665039
24.353715896606445
22.789852142333984
24.720272064208984
21.58064842224121
26.45342445373535
25.080482482910156
24.5455379486084
22.494239807128906
23.5693416595459
23.51813507080078
24.142541885375977
26.34806251525879
23.687135696411133
21.367263793945312
25.51134490966797
26.780466079711914
24.877540588378906
24.324377059936523
21.943424224853516
22.729366302490234
21.351394653320312
23.6855525970459
25.124135971069336
21.670095443725586
16.7908878326416
23.483680725097656
24.883695602416992
23.346837997436523
22.807788848876953
24.57191276550293
25.877105712890625
26.312580108642578
24.92643165588379
25.46132469177246
25.303071975708008
23.010135650634766
25.506263732910156
21.48869514465332
24.931406021118164
22.206247329711914
21.236461639404297
23.101064682006836
22.278301239013672
24.20598793029785
25.15826988220215
23.25388526916504
21.673053741455078
25.922021865844727
24.36858558654785
20.44168472290039
22.173912048339844
25.79952621459961
24.909175872802734
22.34178352355957
17.443737030029297
22.708826065063477
25.65003776550293
27.360605239868164
23.300527572631836
24.32952117919922
24.596895217895508
23.170379638671875
21.58342170715332
24.210336685180664
18.025785446166992
20.478321075439453
23.93611717224121
25.22355079650879
20.271005630493164
21.677946090698242
28.260202407836914
24.855356216430664
22.85312271118164
18.828746795654297
24.443605422973633
20.250873565673828
24.81954002380371
21.97247886657715
24.745515823364258
23.317773818969727
24.304014205932617
22.363893508911133
22.34759521484375
23.01795768737793
23.652578353881836
25.77407455444336
20.680681228637695
25.990970611572266
17.67731285095215
25.8763370513916
24.182538986206055
23.588438034057617
26.079742431640625
22.235313415527344
21.69243812561035
24.46253776550293
25.657804489135742
24.493974685668945
23.73249626159668
23.644899368286133
27.30672264099121
22.50651741027832
21.190378189086914
25.906652450561523
21.243389129638672
23.082048416137695
24.454858779907227
24.074535369873047
23.029953002929688
24.480724334716797
24.772016525268555
21.956077575683594
25.117183685302734
25.90614891052246
25.837926864624023
22.84798240661621
22.525772094726562
21.9350643157959
24.357969284057617
24.2471866607666
24.416135787963867
17.79460334777832
23.93544578552246
25.2231502532959
21.755916595458984
21.445669174194336
23.04804039001465
25.121522903442383
24.773523330688477
26.366052627563477
22.5435848236084
25.297056198120117
25.967195510864258
21.541101455688477
25.079004287719727
26.207128524780273
22.33609962463379
18.040164947509766
20.974594116210938
24.528377532958984
17.88649559020996
24.82616424560547
22.7631778717041
23.935523986816406
24.00213623046875
22.18351173400879
27.024791717529297
23.389930725097656
24.411645889282227
24.518173217773438
19.4600887298584
21.733720779418945
23.873281478881836
20.673229217529297
22.845273971557617
25.354612350463867
23.507020950317383
24.88709259033203
24.327939987182617
22.707265853881836
22.113361358642578
25.07428550720215
21.516334533691406
24.377473831176758
25.46480941772461
19.920602798461914
20.320144653320312
22.0544376373291
23.78672218322754
21.96611976623535
25.27897834777832
25.748960494995117
21.100099563598633
24.93245506286621
23.532869338989258
22.926916122436523
26.78660774230957
24.454486846923828
21.47357749938965
26.557836532592773
26.410612106323242
24.084640502929688
22.00593376159668
22.99323844909668
22.704008102416992
19.16558074951172
22.58302879333496
23.358915328979492
22.35804557800293
23.91942596435547
23.553743362426758
22.50688362121582
25.660280227661133
26.8076171875
23.267414093017578
24.60013771057129
26.021554946899414
24.848125457763672
24.832059860229492
24.610177993774414
23.6411075592041
22.782928466796875
21.724790573120117
24.05866813659668
23.90595817565918
21.114633560180664
19.104412078857422
24.858089447021484
24.645299911499023
22.807153701782227
25.645376205444336
23.378971099853516
20.336597442626953
23.31915283203125
23.959102630615234
23.870956420898438
23.268728256225586
25.96474266052246
24.73341178894043
23.2386417388916
22.02538299560547
26.370235443115234
25.438772201538086
21.270906448364258
27.714757919311523
23.646499633789062
22.297954559326172
24.987470626831055
25.635658264160156
22.443178176879883
24.67690086364746
21.098339080810547
21.51366424560547
27.068584442138672
23.724178314208984
23.894697189331055
23.168272018432617
26.833951950073242
24.898727416992188
26.86609649658203
25.680559158325195
24.50322151184082
24.742843627929688
26.969419479370117
23.16290855407715
19.892921447753906
24.62238311767578
24.94036293029785
23.2930965423584
25.415369033813477
15.763073921203613
23.72793197631836
26.079326629638672
24.026103973388672
24.797637939453125
23.85915756225586
24.818086624145508
20.200891494750977
19.640600204467773
25.77931022644043
22.865087509155273
24.639556884765625
20.31638526916504
20.45358657836914
20.271228790283203
22.88051414489746
24.041580200195312
26.605379104614258
25.052635192871094
21.64400863647461
23.486068725585938
27.119043350219727
23.563779830932617
21.613489151000977
19.226516723632812
23.61775779724121
23.232948303222656
25.827808380126953
21.543134689331055
26.240497589111328
25.826396942138672
22.887218475341797
22.32904815673828
24.059612274169922
22.25478172302246
19.176742553710938
22.452791213989258
25.369022369384766
24.847719192504883
22.003942489624023
16.43208122253418
24.191356658935547
24.46324348449707
20.219772338867188
21.833349227905273
21.271780014038086
23.824026107788086
23.27688217163086
27.57208251953125
24.13441276550293
25.686426162719727
27.369461059570312
24.837282180786133
22.98696517944336
20.172510147094727
25.854726791381836
23.72414779663086
24.568777084350586
23.749095916748047
24.077898025512695
21.960676193237305
24.46104621887207
25.178590774536133
22.059532165527344
24.950117111206055
22.320316314697266
23.209972381591797
25.49557876586914
22.20673179626465
19.23171615600586
21.20465850830078
22.5930118560791
25.633453369140625
26.895597457885742
24.511873245239258
23.035993576049805
24.783281326293945
23.779979705810547
25.145004272460938
25.481847763061523
22.6106014251709
21.156585693359375
24.505416870117188
20.08108139038086
23.69596290588379
24.62015724182129
24.159854888916016
23.70911407470703
22.898408889770508
19.451274871826172
21.278287887573242
24.86970329284668
23.82396697998047
15.851906776428223
22.07029151916504
24.255144119262695
24.68181610107422
27.30463981628418
25.387598037719727
28.056447982788086
24.417232513427734
22.375778198242188
-18.158353805541992
-16.118066787719727
-18.824472427368164
-16.497440338134766
-18.132261276245117
-17.088306427001953
-18.877086639404297
-16.190065383911133
-16.175477981567383
-18.026119232177734
-16.569507598876953
-16.318445205688477
-18.063234329223633
-17.144227981567383
-15.326593399047852
-15.949684143066406
-17.402362823486328
-17.096050262451172
-18.218048095703125
-18.68234634399414
-17.452045440673828
-18.2109432220459
-16.658145904541016
-16.32996368408203
-17.714366912841797
-17.70428466796875
-17.107954025268555
-16.476396560668945
-15.723864555358887
-15.031900405883789
-17.79255485534668
-15.484947204589844
-15.702987670898438
-16.302106857299805
-18.003494262695312
-18.631351470947266
-15.729144096374512
-19.288084030151367
-17.811918258666992
-18.06513786315918
-17.153383255004883
-16.817890167236328
-17.805700302124023
-18.627687454223633
-16.99420738220215
-17.73578453063965
-15.898226737976074
-18.587451934814453
-17.89885139465332
-17.26667594909668
-19.2446346282959
-18.59912872314453
-18.485034942626953
-18.51249122619629
-17.493534088134766
-17.701242446899414
-18.634016036987305
-17.423002243041992
-19.061145782470703
-16.200942993164062
-18.391687393188477
-16.41455841064453
-16.600465774536133
-16.69703483581543
-13.45783805847168
-16.973569869995117
-18.018451690673828
-18.340011596679688
-17.278621673583984
-19.036731719970703
-18.541120529174805
-17.160768508911133
-16.3236083984375
-16.88992691040039
-16.681241989135742
-16.858173370361328
-16.173965454101562
-18.16282081604004
-15.92788028717041
-18.0909423828125
-17.801015853881836
-17.53696060180664
-15.940220832824707
-17.83991241455078
-18.474891662597656
-19.376617431640625
-18.333913803100586
-18.303030014038086
-16.110448837280273
-18.790529251098633
-16.91116714477539
-18.19039535522461
-19.327266693115234
-18.144018173217773
-18.413801193237305
-18.027374267578125
-17.766477584838867
-16.732877731323242
-16.27318572998047
-18.476360321044922
-15.62679386138916
-18.814777374267578
-18.197023391723633
-18.845361709594727
-18.338308334350586
-18.033138275146484
-17.61227798461914
-17.709945678710938
-18.624683380126953
-15.066923141479492
-16.935016632080078
-15.931811332702637
-15.45322036743164
-17.60929298400879
-15.977531433105469
-19.065610885620117
-19.291261672973633
-18.84320068359375
-17.93028450012207
-18.66947364807129
-18.17364501953125
-18.924091339111328
-18.499921798706055
-16.398950576782227
-18.01397132873535
-17.59031867980957
-16.126392364501953
-19.616580963134766
-16.524389266967773
-18.899206161499023
-16.63673210144043
-18.342090606689453
-18.259748458862305
-18.9219913482666
-15.770929336547852
-17.66087532043457
-17.00701332092285
-18.20844841003418
-13.228532791137695
-17.880325317382812
-18.74961280822754
-17.349891662597656
-17.212583541870117
-15.901101112365723
-18.132522583007812
-18.545055389404297
-16.86781883239746
-17.051956176757812
-16.468486785888672
-17.246519088745117
-18.380775451660156
-18.169353485107422
-17.712242126464844
-19.012113571166992
-17.435338973999023
-17.39155387878418
-18.453411102294922
-17.071807861328125
-16.221723556518555
-16.37595558166504
-16.70492172241211
-16.994558334350586
-16.535564422607422
-16.215909957885742
-14.344171524047852
-13.231618881225586
-15.69489574432373
-16.961933135986328
-16.155101776123047
-18.036291122436523
-16.408740997314453
-17.57944679260254
-16.628419876098633
-17.97063636779785
-14.952864646911621
-18.206762313842773
-17.807729721069336
-16.6285457611084
-18.11121940612793
-15.853816986083984
-17.733497619628906
-18.05350685119629
-17.577816009521484
-16.36565589904785
-16.65420913696289
-16.12338638305664
-18.76249122619629
-18.150760650634766
-17.712778091430664
-19.023853302001953
-18.12616729736328
-17.735519409179688
-18.280118942260742
-18.435331344604492
-18.749723434448242
-19.084062576293945
-16.60451316833496
-14.37664794921875
-17.398950576782227
-18.179473876953125
-16.733875274658203
-18.534027099609375
-17.998233795166016
-18.17733383178711
-19.39011573791504
-17.269922256469727
-16.71674919128418
-17.71329116821289
-13.687445640563965
-17.651609420776367
-18.872455596923828
-16.747905731201172
-16.848779678344727
-17.436487197875977
-16.580249786376953
-18.61549949645996
-16.759052276611328
-18.8746337890625
-19.52696418762207
-17.366926193237305
-15.998821258544922
-18.05784797668457
-18.91670799255371
-17.494813919067383
-18.545940399169922
-17.910062789916992
-16.8656063079834
-16.585508346557617
-16.142080307006836
-17.532917022705078
-17.41074562072754
-17.594789505004883
-16.522550582885742
-16.070255279541016
-17.088422775268555
-16.587339401245117
-18.02260398864746
-17.057950973510742
-18.061464309692383
-19.172388076782227
-18.097522735595703
-13.800880432128906
-14.35812759399414
-16.875930786132812
-16.014768600463867
-16.708227157592773
-16.95279312133789
-16.204572677612305
-17.201217651367188
-19.234546661376953
-15.781933784484863
-14.129106521606445
-18.957151412963867
-19.17503547668457
-12.530542373657227
-18.684175491333008
-19.275007247924805
-17.550708770751953
-17.664653778076172
-17.670820236206055
-17.823135375976562
-15.840076446533203
-19.091941833496094
-16.524097442626953
-17.768619537353516
-16.96928596496582
-17.465795516967773
-16.411108016967773
-17.393516540527344
-17.181703567504883
-19.695688247680664
-16.767560958862305
-17.745290756225586
-14.748416900634766
-17.388822555541992
-19.522296905517578
-17.279380798339844
-18.550796508789062
-17.41718101501465
-17.64702606201172
-16.572811126708984
-19.730302810668945
-19.058923721313477
-15.462509155273438
-16.109529495239258
-16.08199119567871
-18.573688507080078
-16.436948776245117
-12.591399192810059
-17.89106559753418
-17.17129898071289
-14.142004013061523
-14.947369575500488
-18.03047752380371
-15.332474708557129
-17.36774253845215
-16.941682815551758
-17.786788940429688
-16.60434341430664
-15.224929809570312
-18.616613388061523
-15.558046340942383
-16.96324348449707
-17.894195556640625
-16.73512077331543
-18.254812240600586
-18.15253257751465
-18.831653594970703
-17.33688735961914
-17.702486038208008
-13.753398895263672
-17.71802520751953
-17.675657272338867
-18.95895004272461
-19.2020320892334
-17.253313064575195
-16.7515926361084
-18.046735763549805
-17.586366653442383
-17.12965202331543
-16.021827697753906
-16.615930557250977
-18.176843643188477
-18.134302139282227
-18.818052291870117
-18.528444290161133
-17.878137588500977
-18.47793960571289
-17.55245018005371
-18.473220825195312
-18.684349060058594
-18.325902938842773
-15.652667999267578
-17.91920280456543
-19.639005661010742
-18.40406608581543
-16.270112991333008
-18.592309951782227
-17.39167022705078
-18.157474517822266
-16.863759994506836
-15.54439926147461
-16.667556762695312
-18.4386043548584
-18.31540870666504
-16.773359298706055
-18.457263946533203
-17.748882293701172
-14.067863464355469
-17.75445556640625
-20.023035049438477
-15.998254776000977
-16.4841251373291
-16.875301361083984
-17.120731353759766
-16.918651580810547
-17.875661849975586
-17.36945343017578
-15.640439987182617
-18.227340698242188
-11.587944030761719
-17.70687484741211
-17.747093200683594
-12.581040382385254
-17.72037696838379
-16.858030319213867
-17.285133361816406
-18.237823486328125
-18.786781311035156
-17.414310455322266
-16.44487762451172
-18.309898376464844
-17.57463836669922
-17.78095817565918
-18.437124252319336
-17.715890884399414
-16.02058982849121
-18.058691024780273
-18.192163467407227
-14.03216552734375
-18.312471389770508
-16.0933895111084
-15.777400970458984
-15.401382446289062
-19.272016525268555
-16.626670837402344
-17.790163040161133
-16.780614852905273
-18.427488327026367
-18.651611328125
-17.112607955932617
-18.123533248901367
-19.12012481689453
-17.747238159179688
-18.582887649536133
-17.20490074157715
-17.687358856201172
-17.193912506103516
-18.589481353759766
-18.085317611694336
-17.645641326904297
-17.14869499206543
-17.014324188232422
-17.874650955200195
-16.66222381591797
-18.377111434936523
-18.571006774902344
-16.950050354003906
-13.832476615905762
-17.821407318115234
-18.51626968383789
-18.448959350585938
-17.01075553894043
-18.87568473815918
-16.14785385131836
-18.218469619750977
-16.2111873626709
-17.452438354492188
-19.019346237182617
-16.741487503051758
-18.660945892333984
-17.762725830078125
-18.36428451538086
-16.967653274536133
-14.379437446594238
-18.61771583557129
-18.392799377441406
-17.543643951416016
-16.322059631347656
-17.00754165649414
-17.284881591796875
-17.886524200439453
-17.6572322845459
-18.52350425720215
-17.986669540405273
-16.707021713256836
-18.007673263549805
-15.772024154663086
-18.779462814331055
-17.518295288085938
-16.598159790039062
-18.626728057861328
-17.931703567504883
-16.928613662719727
-18.671001434326172
-15.289204597473145
-18.593055725097656
-19.185991287231445
-19.10262680053711
-18.540632247924805
-17.94137191772461
-14.625229835510254
-17.92804718017578
-17.22429656982422
-17.575490951538086
-15.63897705078125
-18.12495994567871
-18.289152145385742
-18.442800521850586
-18.403711318969727
-17.828126907348633
-18.151538848876953
-18.190744400024414
-18.333080291748047
-16.5303897857666
-18.581029891967773
-16.427515029907227
-16.829282760620117
-18.09771156311035
-17.41378402709961
-15.90249252319336
-18.33416175842285
-16.593482971191406
-18.597036361694336
-14.928359985351562
-18.368671417236328
-17.66859245300293
-17.257558822631836
-18.811994552612305
-19.363910675048828
-18.36297035217285
-19.445056915283203
-17.74698257446289
-18.546188354492188
-16.671306610107422
-18.53376579284668
-18.22120475769043
-14.987665176391602
-18.801355361938477
-18.270404815673828
-18.208955764770508
-16.544504165649414
-16.82999610900879
-18.069604873657227
-17.96051025390625
-16.25055503845215
-16.582307815551758
-18.108449935913086
-16.516979217529297
-17.438751220703125
-18.493680953979492
-15.435750007629395
-17.63496971130371
-17.385705947875977
-16.844196319580078
-16.648252487182617
-17.892152786254883
-19.93042755126953
-18.373743057250977
-18.97849464416504
-16.609630584716797
-16.93623161315918
-17.416135787963867
-15.782392501831055
-18.532447814941406
-17.13459587097168
-16.86009407043457
-17.781068801879883
-17.46184539794922
-19.827306747436523
-16.731624603271484
-15.676637649536133
-18.57258415222168
-18.459428787231445
-17.73346519470215
-15.361268997192383
-17.152631759643555
-12.616604804992676
-17.504560470581055
-12.63485336303711
-17.06814193725586
-17.118019104003906
-17.072969436645508
-16.53025245666504
-19.30919075012207
-17.811491012573242
-16.54678726196289
-18.08200454711914
-17.605632781982422
-11.356496810913086
-16.88833999633789
-16.056278228759766
-20.064069747924805
-19.384140014648438
-16.182785034179688
-18.081329345703125
-16.883302688598633
-14.470499038696289
-16.962133407592773
-15.305632591247559
-18.014799118041992
-18.591623306274414
-20.164649963378906
-17.73224639892578
-16.84309959411621
-16.861370086669922
-18.726299285888672
-15.728790283203125
-11.71998119354248
-18.046316146850586
-18.51291275024414
-16.93808937072754
-14.740479469299316
-18.48399543762207
-17.385955810546875
-17.076684951782227
-17.123727798461914
-19.37532615661621
-19.389404296875
-14.974710464477539
-16.719362258911133
-19.09530258178711
-16.769271850585938
-19.21747398376465
-19.03277587890625
-16.673973083496094
-18.60951042175293
-11.660947799682617
-18.385425567626953
-18.260560989379883
-18.374786376953125
-18.673702239990234
-17.597715377807617
-18.423154830932617
-16.967004776000977
-18.83112335205078
-16.778423309326172
-17.32611846923828
-19.1190242767334
-19.575984954833984
-15.764909744262695
-13.28165340423584
-18.09137535095215
-16.41152572631836
-17.03938102722168
-15.12380599975586
-16.436344146728516
-17.01081085205078
-19.186437606811523
-18.764894485473633
-16.829200744628906
-18.753114700317383
-15.27651596069336
-17.822704315185547
-17.95321273803711
-17.012699127197266
-18.138996124267578
-17.456390380859375
-16.696237564086914
-16.311861038208008
-17.058551788330078
-17.992462158203125
-17.707368850708008
-19.228195190429688
-17.462329864501953
-15.951245307922363
-18.635297775268555
-18.495826721191406
-18.762704849243164
-19.011219024658203
-16.67806053161621
-17.58631706237793
-14.566434860229492
-19.264453887939453
-17.317001342773438
-18.151657104492188
-17.94390869140625
-18.312162399291992
-19.038846969604492
-17.463117599487305
-18.66563606262207
-18.053707122802734
-16.21161460876465
-16.89764976501465
-15.227167129516602
-16.664186477661133
-17.014604568481445
-15.589351654052734
-18.26146125793457
-18.530902862548828
-18.854421615600586
-18.473718643188477
-18.30006980895996
-15.912317276000977
-16.202972412109375
-17.8942813873291
-15.060219764709473
-17.277240753173828
-15.954377174377441
-18.09291648864746
-15.384223937988281
-18.019733428955078
-18.847196578979492
-17.92823028564453
-15.042895317077637
-17.164140701293945
-18.707035064697266
-17.00936508178711
-18.047338485717773
-13.971630096435547
-18.6051082611084
-17.84940528869629
-18.591768264770508
-16.86896324157715
-16.149499893188477
-17.69678497314453
-16.217060089111328
-16.783178329467773
-18.04498863220215
-17.226200103759766
-18.22862434387207
-15.251228332519531
-17.605274200439453
-18.091154098510742
-16.939189910888672
-18.21221923828125
-13.959726333618164
-17.999670028686523
-17.843246459960938
-18.3736629486084
-17.06097412109375
-17.34809684753418
-18.61644744873047
-17.276525497436523
-17.507631301879883
-16.932918548583984
-17.925748825073242
-15.739216804504395
-17.74138069152832
-15.87285327911377
-18.790876388549805
-19.297082901000977
-17.58709716796875
-17.446002960205078
-17.381723403930664
-17.990982055664062
-18.66313934326172
-17.902738571166992
-16.863962173461914
-18.213529586791992
-16.290679931640625
-17.387218475341797
-16.10408592224121
-17.161720275878906
-18.65277671813965
-13.670246124267578
-19.22146987915039
-17.319881439208984
-18.367422103881836
-17.300233840942383
-16.755905151367188
-16.79693031311035
-16.775022506713867
-17.63964080810547
-18.64267921447754
-15.494372367858887
-17.296611785888672
-15.392982482910156
-19.3796443939209
-18.130468368530273
-14.77072811126709
-19.079320907592773
-17.948087692260742
-17.61039161682129
-18.98198699951172
-18.169939041137695
-17.00739860534668
-15.480752944946289
-16.994857788085938
-16.53116226196289
-18.36139488220215
-18.3001766204834
-18.4492244720459
-17.99850845336914
-16.52433204650879
-17.492807388305664
-16.169382095336914
-15.601097106933594
-18.407878875732422
-18.7689208984375
-18.0148868560791
-17.691743850708008
-17.798540115356445
-18.81406593322754
-14.327705383300781
-17.32672119140625
-15.345727920532227
-19.13966941833496
-12.826202392578125
-15.526444435119629
-18.70566749572754
-15.647541046142578
-16.955678939819336
-16.722700119018555
-17.476421356201172
-17.666976928710938
-16.881540298461914
-16.969539642333984
-18.252201080322266
-17.806211471557617
-14.885173797607422
-16.746479034423828
-18.045825958251953
-18.559446334838867
-18.04730796813965
-18.361438751220703
-16.261985778808594
-13.971369743347168
-18.11911392211914
-8.381300926208496
-16.589778900146484
-16.69794273376465
-16.912294387817383
-11.472262382507324
-16.9182186126709
-13.01828384399414
-17.998228073120117
-16.559677124023438
-17.540287017822266
-17.492124557495117
-19.221784591674805
-17.221660614013672
-15.805466651916504
-19.109601974487305
-16.73195457458496
-17.949609756469727
-15.465953826904297
-12.160778045654297
-16.743072509765625
-18.269729614257812
-18.287273406982422
-15.587268829345703
-18.249197006225586
-17.296340942382812
-17.597763061523438
-18.357078552246094
-18.25600242614746
-16.291101455688477
-19.19393539428711
-16.57563018798828
-17.5968017578125
-17.63587188720703
-14.958986282348633
-17.205280303955078
-17.383724212646484
-17.855239868164062
-19.240520477294922
-19.223793029785156
-19.036500930786133
-15.774892807006836
-15.736177444458008
-16.071800231933594
-19.694229125976562
-17.085172653198242
-16.93718147277832
-17.067766189575195
-17.73649787902832
-16.4067440032959
-17.661373138427734
-14.295982360839844
-17.7491397857666
-17.150026321411133
-17.008567810058594
-16.953962326049805
-18.866880416870117
-16.567344665527344
-17.75960922241211
-19.186058044433594
-16.0336971282959
-17.680570602416992
-17.702892303466797
-16.1859130859375
-14.84062385559082
-18.994983673095703
-18.18545150756836
-17.502792358398438
-18.15503692626953
-15.391592025756836
-16.967998504638672
-16.457117080688477
-17.085664749145508
-17.437454223632812
-17.8006591796875
-17.559432983398438
-18.88474464416504
-18.870515823364258
-19.44268798828125
-18.515260696411133
-17.56617546081543
-16.998409271240234
-16.20464515686035
-16.772611618041992
-18.491479873657227
-15.737833023071289
-13.243428230285645
-15.546669006347656
-18.84505271911621
-18.295862197875977
-17.92118263244629
-17.840112686157227
-17.51600456237793
-15.732856750488281
-16.911083221435547
-17.467241287231445
-17.523469924926758
-16.8237247467041
-16.619518280029297
-16.42458152770996
-18.82434844970703
-18.240766525268555
-16.53342628479004
-18.58924102783203
-18.172286987304688
-17.237905502319336
-16.749698638916016
-18.99922752380371
-18.29249382019043
-15.840753555297852
-16.983957290649414
-15.587148666381836
-12.750432968139648
-17.242990493774414
-17.881336212158203
-17.7843074798584
-17.78073501586914
-19.843425750732422
-16.524259567260742
-18.805910110473633
-17.023454666137695
-15.942246437072754
-17.18058967590332
-16.5975284576416
-17.85724639892578
-17.475603103637695
-17.31886863708496
-16.35936737060547
-17.237281799316406
-16.675636291503906
-17.357187271118164
-18.433273315429688
-12.830118179321289
-16.50191879272461
-18.31463623046875
-13.67367935180664
-16.485244750976562
-17.84903907775879
-15.154605865478516
-15.114357948303223
-18.895483016967773
-16.784530639648438
-18.169939041137695
-18.290287017822266
-17.36327362060547
-9.736035346984863
-18.504863739013672
-18.853782653808594
-16.567716598510742
-18.239667892456055
-17.501798629760742
-19.13548469543457
-18.181100845336914
-18.725141525268555
-15.130440711975098
-17.5830135345459
-17.627262115478516
-18.240407943725586
-16.581832885742188
-17.878406524658203
-14.1907377243042
-17.395219802856445
-16.731143951416016
-16.3326473236084
-17.013385772705078
-17.975709915161133
-17.307392120361328
-18.027498245239258
-16.321273803710938
-12.986618041992188
-16.806198120117188
-17.000837326049805
-18.02217674255371
-17.988798141479492
-16.58757972717285
-18.615724563598633
-19.08113670349121
-18.284183502197266
-17.737239837646484
-14.598779678344727
-18.109066009521484
-18.23963737487793
-15.392332077026367
-15.936493873596191
-18.14760398864746
-19.449426651000977
-17.33290672302246
-17.66095542907715
-16.43992042541504
-16.33637809753418
-16.229352951049805
-18.593658447265625
-15.7911958694458
-17.289794921875
-16.43384552001953
-18.2783260345459
-17.003385543823242
-19.01024055480957
-17.77486801147461
-16.450040817260742
-17.768091201782227
-17.89548110961914
-17.795469284057617
-17.96702003479004
-18.80084800720215
-17.181421279907227
-17.00310516357422
-18.258333206176758
-18.899864196777344
-18.940855026245117
-16.70296287536621
-18.020057678222656
-17.388784408569336
-19.524139404296875
-18.883085250854492
-16.679162979125977
-16.083513259887695
-18.306821823120117
-16.398635864257812
-17.55523681640625
-17.537961959838867
-17.747926712036133
-17.23137664794922
-17.615638732910156
-18.81297492980957
-16.86760711669922
-16.852079391479492
-15.916837692260742
-18.549779891967773
-17.195009231567383
-16.79755210876465
-14.328458786010742
