22.71135902404785
24.865236282348633
26.702314376831055
23.5312557220459
22.88307762145996
23.865543365478516
24.722776412963867
23.043237686157227
24.53611946105957
23.193632125854492
24.823720932006836
22.358537673950195
24.293560028076172
23.617828369140625
27.101327896118164
24.401695251464844
19.52916145324707
23.174911499023438
25.206777572631836
26.89894676208496
20.377046585083008
27.953258514404297
24.480039596557617
24.989500045776367
23.876049041748047
25.612058639526367
21.152048110961914
25.014305114746094
26.6502742767334
26.029237747192383
23.028043746948242
24.597143173217773
23.617149353027344
24.84654998779297
22.86964988708496
22.652856826782227
25.78019905090332
24.704858779907227
26.04717445373535
26.619863510131836
25.409238815307617
26.206716537475586
23.309919357299805
20.10484504699707
25.610986709594727
25.839759826660156
23.44374656677246
27.834318161010742
26.536420822143555
23.373308181762695
23.561330795288086
25.346811294555664
25.66655158996582
20.68109893798828
26.61439323425293
20.936307907104492
25.245773315429688
28.899091720581055
23.287961959838867
21.858600616455078
24.322484970092773
23.785999298095703
23.14297866821289
24.72170639038086
23.130428314208984
21.355375289916992
24.84584617614746
27.350135803222656
25.030052185058594
24.284753799438477
23.787553787231445
25.208887100219727
21.18723487854004
26.757099151611328
21.533981323242188
23.743148803710938
26.385671615600586
23.547649383544922
25.664674758911133
19.988481521606445
26.09076499938965
22.469270706176758
23.815839767456055
25.16063117980957
23.88558006286621
22.266998291015625
21.799358367919922
24.157930374145508
25.883869171142578
25.13399314880371
24.05854034423828
24.130693435668945
25.728126525878906
25.78691291809082
25.455949783325195
20.711769104003906
24.83939552307129
25.098373413085938
16.89028549194336
19.422971725463867
25.977466583251953
23.817642211914062
26.728824615478516
23.194774627685547
24.749086380004883
27.17376708984375
23.62716293334961
20.106290817260742
24.131031036376953
27.41758918762207
24.37514305114746
21.782712936401367
21.999286651611328
22.8362979888916
27.512060165405273
25.615697860717773
24.265871047973633
26.60432243347168
22.580659866333008
26.104738235473633
25.053617477416992
21.312164306640625
26.380233764648438
25.537389755249023
25.415868759155273
25.527307510375977
24.8297119140625
19.056917190551758
23.29743003845215
24.101526260375977
23.584190368652344
22.369388580322266
22.11825942993164
25.884923934936523
17.6068058013916
22.70246696472168
23.799442291259766
25.53777503967285
23.316755294799805
22.60569953918457
26.011451721191406
25.257230758666992
25.956605911254883
26.636137008666992
24.656719207763672
25.182945251464844
24.370603561401367
26.66782569885254
26.8682861328125
25.156497955322266
23.80961036682129
23.664424896240234
25.530437469482422
25.365846633911133
21.98734474182129
19.721290588378906
26.130529403686523
23.495040893554688
26.921323776245117
24.560779571533203
22.864421844482422
25.775287628173828
24.634559631347656
25.18698501586914
24.14044952392578
26.08279800415039
19.831626892089844
27.28398323059082
21.76918601989746
23.924570083618164
25.476831436157227
24.864540100097656
26.04437828063965
26.947193145751953
24.777666091918945
22.834733963012695
21.282602310180664
26.064207077026367
21.433752059936523
23.631864547729492
22.88223648071289
28.01236915588379
24.247034072875977
15.657959938049316
25.291183471679688
19.719196319580078
26.772045135498047
24.222436904907227
21.001726150512695
26.444406509399414
23.759435653686523
25.836881637573242
20.961185455322266
24.774410247802734
26.72298812866211
23.308032989501953
19.06895637512207
25.630220413208008
22.244461059570312
26.627317428588867
22.439252853393555
25.33289909362793
24.61734390258789
26.71016502380371
26.279348373413086
26.731266021728516
25.028573989868164
23.370718002319336
23.85959815979004
26.579896926879883
24.7722110748291
25.6563663482666
25.36084747314453
23.742013931274414
27.31145668029785
26.11118507385254
22.238988876342773
22.62391471862793
26.322851181030273
26.13087272644043
22.578907012939453
26.30388641357422
23.91726303100586
24.3720760345459
23.50712776184082
26.502302169799805
27.353498458862305
19.631872177124023
24.013139724731445
24.692665100097656
24.627344131469727
23.031063079833984
24.743240356445312
23.279335021972656
24.92037010192871
28.964313507080078
27.2968692779541
24.72803497314453
25.100879669189453
25.7758731842041
21.922821044921875
27.87133026123047
23.485713958740234
25.214338302612305
18.411989212036133
26.51141929626465
21.126985549926758
25.560287475585938
23.69788932800293
24.542911529541016
27.010496139526367
23.810400009155273
20.703886032104492
24.101356506347656
25.509639739990234
23.873735427856445
23.345897674560547
25.860260009765625
25.924022674560547
24.552865982055664
24.41653823852539
26.028343200683594
23.145477294921875
21.664928436279297
26.01612663269043
24.761178970336914
26.581626892089844
23.674678802490234
23.00301170349121
24.76963996887207
26.345972061157227
26.159536361694336
23.723886489868164
25.520038604736328
27.786853790283203
20.520910263061523
24.817766189575195
19.025671005249023
23.75885009765625
27.22801399230957
24.24815559387207
24.550691604614258
24.105154037475586
25.413036346435547
23.74043846130371
23.783605575561523
22.72203254699707
21.53949546813965
21.342998504638672
25.790258407592773
26.024728775024414
24.89652442932129
24.823776245117188
25.305509567260742
24.480405807495117
25.81589126586914
25.426305770874023
24.636144638061523
24.181076049804688
24.443044662475586
25.970869064331055
22.07308006286621
26.842838287353516
22.825260162353516
25.209373474121094
25.54502296447754
25.28058624267578
26.443021774291992
26.397130966186523
23.505043029785156
24.004953384399414
18.958250045776367
24.41963005065918
24.3987979888916
24.848249435424805
25.55271339416504
23.75724220275879
24.041454315185547
24.459186553955078
25.67963981628418
23.65450096130371
26.613862991333008
26.367528915405273
20.389225006103516
25.383825302124023
24.877073287963867
28.844526290893555
27.249732971191406
25.0614070892334
25.441204071044922
21.318452835083008
24.754777908325195
23.204627990722656
27.148765563964844
23.82654571533203
24.653562545776367
24.1541748046875
25.01419448852539
25.38017463684082
24.92929458618164
26.509315490722656
26.408788681030273
25.595115661621094
23.829145431518555
25.57418441772461
23.791139602661133
25.7126522064209
22.11893653869629
25.318307876586914
25.516300201416016
26.568071365356445
26.431575775146484
25.959508895874023
26.423627853393555
24.796802520751953
24.198762893676758
24.221193313598633
28.91846466064453
24.79903221130371
26.744731903076172
22.94761848449707
22.964107513427734
28.105697631835938
23.0814208984375
26.701263427734375
21.534339904785156
23.09362030029297
25.749279022216797
16.765806198120117
23.390674591064453
23.89508628845215
23.273698806762695
22.99020767211914
22.218338012695312
26.648664474487305
25.478830337524414
24.31587791442871
21.37700080871582
25.37922477722168
28.076791763305664
26.259607315063477
24.811105728149414
25.486642837524414
24.472488403320312
22.28224754333496
22.614286422729492
26.6750545501709
21.26637077331543
22.200769424438477
27.47774314880371
24.683156967163086
20.654630661010742
22.989013671875
24.1408748626709
21.395658493041992
25.7747859954834
22.854188919067383
24.50367546081543
23.726346969604492
24.276796340942383
22.550806045532227
24.27490234375
25.793811798095703
21.219947814941406
20.066692352294922
23.494258880615234
26.926271438598633
22.196022033691406
26.952808380126953
25.821474075317383
24.76799201965332
25.89522361755371
24.366119384765625
24.75619888305664
24.550874710083008
23.63606834411621
25.223005294799805
26.870393753051758
25.742677688598633
26.544048309326172
26.635032653808594
18.54175567626953
25.668331146240234
22.248945236206055
25.07008934020996
21.542272567749023
25.97551918029785
23.0076847076416
22.890037536621094
22.86576271057129
25.553510665893555
24.2811222076416
24.037233352661133
23.7138671875
25.35030174255371
24.748260498046875
26.275217056274414
21.38504409790039
22.899354934692383
23.466808319091797
23.208194732666016
25.076702117919922
24.728757858276367
23.855663299560547
25.445114135742188
22.95168113708496
23.680299758911133
23.43094253540039
23.04167366027832
22.393112182617188
24.289316177368164
25.43314552307129
24.58391761779785
25.249189376831055
22.2335147857666
22.972055435180664
25.15444564819336
21.253803253173828
20.85919761657715
26.025611877441406
21.85828971862793
24.225982666015625
25.27435302734375
21.423215866088867
19.78334617614746
24.237651824951172
22.40025520324707
23.451927185058594
21.892501831054688
24.279163360595703
26.476926803588867
26.695493698120117
23.295286178588867
26.35240364074707
22.202882766723633
26.108837127685547
22.946229934692383
23.149276733398438
24.821199417114258
20.111772537231445
24.553102493286133
25.16597557067871
23.11375617980957
21.937467575073242
20.877656936645508
24.080297470092773
24.03182601928711
24.358938217163086
26.866199493408203
24.909372329711914
27.142135620117188
24.368215560913086
25.842426300048828
25.354650497436523
26.34124755859375
26.582538604736328
23.203746795654297
25.625062942504883
23.249982833862305
23.69744110107422
24.7513370513916
24.79143714904785
24.399065017700195
25.979703903198242
23.12039566040039
26.388256072998047
24.701025009155273
25.008913040161133
24.87262725830078
23.687150955200195
18.919517517089844
22.47002601623535
27.050376892089844
25.423078536987305
25.531301498413086
25.75636100769043
26.227603912353516
24.546533584594727
25.223432540893555
23.760486602783203
23.75943946838379
22.6414852142334
23.36466407775879
26.02701187133789
21.95769691467285
23.31444549560547
24.23935317993164
24.895694732666016
24.49164390563965
25.339214324951172
23.761594772338867
24.140392303466797
24.65159034729004
23.728910446166992
23.805944442749023
24.055309295654297
23.768041610717773
24.729074478149414
25.88664436340332
26.54883575439453
20.825477600097656
23.163537979125977
24.589689254760742
25.63071060180664
25.710968017578125
24.881114959716797
25.1920108795166
24.405302047729492
25.510602951049805
23.786293029785156
24.259550094604492
28.158527374267578
26.125324249267578
23.190401077270508
27.164350509643555
24.610410690307617
25.787654876708984
23.01883888244629
27.05586051940918
27.09194564819336
23.716934204101562
22.757644653320312
25.179533004760742
24.72998809814453
24.141210556030273
24.952333450317383
25.565439224243164
25.115924835205078
27.146657943725586
25.331859588623047
23.777631759643555
25.188335418701172
26.990503311157227
25.62843894958496
25.356605529785156
21.68162727355957
26.605581283569336
22.228647232055664
26.42704963684082
22.717159271240234
23.861494064331055
24.942480087280273
28.14934730529785
23.760541915893555
24.03047752380371
24.180875778198242
23.114233016967773
22.021169662475586
22.175094604492188
23.81177520751953
23.566795349121094
26.233890533447266
20.58099937438965
20.775310516357422
19.30198860168457
25.330049514770508
19.052492141723633
23.866212844848633
20.511138916015625
25.61144256591797
25.498327255249023
24.34602928161621
25.032773971557617
24.154876708984375
25.14726448059082
21.872188568115234
24.950319290161133
24.54225730895996
25.05034637451172
22.904085159301758
20.422964096069336
24.10306739807129
22.76589012145996
23.68882179260254
24.54078483581543
21.14885139465332
23.481840133666992
24.613616943359375
24.446508407592773
24.90487289428711
26.44596290588379
24.22093391418457
22.591157913208008
25.668874740600586
25.123313903808594
24.61990737915039
26.161937713623047
26.18624496459961
24.93889808654785
25.590007781982422
25.43688201904297
22.878637313842773
21.378808975219727
26.154319763183594
21.32659339904785
22.840116500854492
24.194108963012695
20.911272048950195
26.112741470336914
27.231374740600586
24.831703186035156
24.359249114990234
23.929773330688477
23.57087516784668
27.21382713317871
21.737323760986328
24.22213363647461
26.221004486083984
24.426504135131836
25.09402847290039
23.81427764892578
25.78557777404785
21.30200958251953
22.7633113861084
24.375186920166016
24.06975746154785
25.966753005981445
23.846174240112305
23.677717208862305
26.6013126373291
25.14838218688965
19.439247131347656
23.222368240356445
24.56854248046875
26.531827926635742
27.89548110961914
24.077518463134766
24.067270278930664
25.642658233642578
19.66837501525879
22.551328659057617
24.45153045654297
27.22263526916504
25.87863540649414
23.6363525390625
20.559003829956055
24.971174240112305
27.58844566345215
22.791921615600586
24.186420440673828
23.422697067260742
23.347742080688477
22.607393264770508
21.38933753967285
28.66139030456543
24.84710121154785
24.22267723083496
22.195768356323242
26.766101837158203
22.894351959228516
26.174911499023438
26.6339168548584
23.740942001342773
22.934782028198242
24.471527099609375
24.840328216552734
22.912235260009766
22.392118453979492
23.080276489257812
24.242658615112305
25.380674362182617
24.15765953063965
25.522157669067383
24.402971267700195
26.395191192626953
22.828664779663086
26.401273727416992
24.604772567749023
24.02647590637207
25.122636795043945
25.99403953552246
26.521018981933594
25.784786224365234
26.20082664489746
26.2261905670166
23.92251968383789
23.780988693237305
26.086483001708984
21.300870895385742
25.738426208496094
25.523725509643555
22.561952590942383
23.33234214782715
26.230484008789062
23.2850284576416
24.260356903076172
24.236774444580078
21.210628509521484
23.651159286499023
25.862422943115234
24.452686309814453
22.1124267578125
24.14152717590332
25.543275833129883
25.01473617553711
25.725317001342773
21.97892951965332
24.968978881835938
26.058618545532227
25.775814056396484
19.53765296936035
25.99148178100586
23.118852615356445
23.83747673034668
24.95465850830078
25.435373306274414
20.798227310180664
26.016042709350586
24.552873611450195
24.925880432128906
22.129966735839844
25.65073585510254
22.04952049255371
23.780364990234375
20.08662223815918
25.12453269958496
22.659868240356445
24.69607162475586
26.421438217163086
27.936491012573242
24.481943130493164
20.679670333862305
25.091650009155273
23.147188186645508
25.62226676940918
24.722997665405273
26.379491806030273
24.734174728393555
22.753726959228516
21.20328140258789
27.66519546508789
26.77002716064453
25.514604568481445
20.759174346923828
21.848886489868164
21.637781143188477
26.080984115600586
22.5234317779541
23.754322052001953
25.914276123046875
26.643802642822266
23.914186477661133
21.90891456604004
18.90614891052246
23.94934844970703
24.70725440979004
23.633901596069336
25.26234245300293
27.214527130126953
23.701143264770508
25.205612182617188
25.128080368041992
25.860504150390625
24.576614379882812
25.93839454650879
23.86795997619629
24.67881965637207
19.922283172607422
21.33365821838379
25.043176651000977
22.495433807373047
22.246225357055664
24.460954666137695
22.27015495300293
25.3764591217041
22.376628875732422
20.679243087768555
17.645105361938477
22.404123306274414
23.44320297241211
18.16510009765625
23.215147018432617
19.78857421875
24.843660354614258
22.429000854492188
22.511890411376953
25.263532638549805
23.885671615600586
25.08667755126953
22.45842933654785
25.516334533691406
24.13741683959961
25.4157657623291
25.11779022216797
25.862802505493164
28.131227493286133
25.697080612182617
25.709287643432617
19.62583351135254
25.383699417114258
24.801773071289062
25.861988067626953
21.947315216064453
23.71070671081543
26.477144241333008
21.025304794311523
24.44252586364746
25.343889236450195
23.008625030517578
22.89986228942871
25.954694747924805
25.689590454101562
24.510812759399414
24.474735260009766
24.837657928466797
24.672378540039062
25.159730911254883
23.928075790405273
23.88106346130371
22.99298095703125
25.413129806518555
24.41044807434082
25.28844451904297
20.614397048950195
26.346759796142578
26.55707359313965
26.755332946777344
23.55751609802246
24.660383224487305
23.331335067749023
22.278949737548828
23.79313850402832
25.027603149414062
21.826791763305664
25.981985092163086
22.96977424621582
23.322986602783203
24.073026657104492
25.041061401367188
26.949926376342773
22.41984748840332
24.528249740600586
26.19003677368164
22.49853515625
25.249589920043945
25.376440048217773
26.340770721435547
24.564577102661133
22.49656867980957
25.375822067260742
25.956008911132812
24.3216609954834
23.49592399597168
22.846485137939453
24.483461380004883
23.181795120239258
22.4272518157959
24.87590980529785
22.540891647338867
26.20618438720703
24.92020606994629
25.54779624938965
26.634889602661133
24.082218170166016
19.9396915435791
23.985353469848633
25.457151412963867
23.9077205657959
25.761127471923828
24.73775291442871
23.13209342956543
24.173749923706055
25.922433853149414
25.759061813354492
22.547672271728516
23.77602195739746
22.9283390045166
24.125444412231445
23.535947799682617
24.5987491607666
24.554363250732422
21.183305740356445
25.119943618774414
24.407339096069336
22.245817184448242
22.231870651245117
26.531192779541016
20.31264305114746
26.12118911743164
25.89018440246582
25.497962951660156
23.329830169677734
25.244102478027344
21.605121612548828
20.213903427124023
25.73050880432129
25.319324493408203
24.008115768432617
25.914602279663086
26.440366744995117
21.068897247314453
24.55784797668457
21.80228614807129
26.337318420410156
25.03076934814453
23.413267135620117
26.78988265991211
23.574230194091797
24.9680233001709
24.266469955444336
27.372417449951172
24.730588912963867
22.910646438598633
25.785680770874023
25.06642723083496
25.948781967163086
24.327638626098633
25.546140670776367
22.79862403869629
25.198240280151367
24.594688415527344
25.05878257751465
24.0987491607666
20.462669372558594
27.15360450744629
26.532682418823242
21.454633712768555
27.155363082885742
22.80766487121582
23.23341178894043
27.168577194213867
24.36012077331543
25.83539390563965
25.884855270385742
23.454118728637695
26.61079216003418
24.42859649658203
23.583608627319336
26.28372573852539
26.626001358032227
23.915712356567383
22.212417602539062
24.511293411254883
25.94550895690918
24.92184829711914
22.551259994506836
24.73842430114746
22.97064781188965
24.59797477722168
27.549957275390625
23.394651412963867
26.004304885864258
26.312768936157227
24.79177474975586
23.967363357543945
25.688997268676758
24.947172164916992
22.990985870361328
22.571224212646484
25.85932731628418
23.826974868774414
21.637685775756836
27.43316078186035
24.80687141418457
24.826677322387695
25.592853546142578
17.906885147094727
27.859193801879883
20.20328140258789
20.33969497680664
23.883691787719727
23.24977684020996
24.452808380126953
24.149751663208008
20.30141830444336
22.669477462768555
-18.158353805541992
-16.118066787719727
-18.824472427368164
-16.497440338134766
-18.132261276245117
-17.088306427001953
-18.877086639404297
-16.190065383911133
-16.175477981567383
-18.026119232177734
-16.569507598876953
-16.318445205688477
-18.063234329223633
-17.144227981567383
-15.326593399047852
-15.949684143066406
-17.402362823486328
-17.096050262451172
-18.218048095703125
-18.68234634399414
-17.452045440673828
-18.2109432220459
-16.658145904541016
-16.32996368408203
-17.714366912841797
-17.70428466796875
-17.107954025268555
-16.476396560668945
-15.723864555358887
-15.031900405883789
-17.79255485534668
-15.484947204589844
-15.702987670898438
-16.302106857299805
-18.003494262695312
-18.631351470947266
-15.729144096374512
-19.288084030151367
-17.811918258666992
-18.06513786315918
-17.153383255004883
-16.817890167236328
-17.805700302124023
-18.627687454223633
-16.99420738220215
-17.73578453063965
-15.898226737976074
-18.587451934814453
-17.89885139465332
-17.26667594909668
-19.2446346282959
-18.59912872314453
-18.485034942626953
-18.51249122619629
-17.493534088134766
-17.701242446899414
-18.634016036987305
-17.423002243041992
-19.061145782470703
-16.200942993164062
-18.391687393188477
-16.41455841064453
-16.600465774536133
-16.69703483581543
-13.45783805847168
-16.973569869995117
-18.018451690673828
-18.340011596679688
-17.278621673583984
-19.036731719970703
-18.541120529174805
-17.160768508911133
-16.3236083984375
-16.88992691040039
-16.681241989135742
-16.858173370361328
-16.173965454101562
-18.16282081604004
-15.92788028717041
-18.0909423828125
-17.801015853881836
-17.53696060180664
-15.940220832824707
-17.83991241455078
-18.474891662597656
-19.376617431640625
-18.333913803100586
-18.303030014038086
-16.110448837280273
-18.790529251098633
-16.91116714477539
-18.19039535522461
-19.327266693115234
-18.144018173217773
-18.413801193237305
-18.027374267578125
-17.766477584838867
-16.732877731323242
-16.27318572998047
-18.476360321044922
-15.62679386138916
-18.814777374267578
-18.197023391723633
-18.845361709594727
-18.338308334350586
-18.033138275146484
-17.61227798461914
-17.709945678710938
-18.624683380126953
-15.066923141479492
-16.935016632080078
-15.931811332702637
-15.45322036743164
-17.60929298400879
-15.977531433105469
-19.065610885620117
-19.291261672973633
-18.84320068359375
-17.93028450012207
-18.66947364807129
-18.17364501953125
-18.924091339111328
-18.499921798706055
-16.398950576782227
-18.01397132873535
-17.59031867980957
-16.126392364501953
-19.616580963134766
-16.524389266967773
-18.899206161499023
-16.63673210144043
-18.342090606689453
-18.259748458862305
-18.9219913482666
-15.770929336547852
-17.66087532043457
-17.00701332092285
-18.20844841003418
-13.228532791137695
-17.880325317382812
-18.74961280822754
-17.349891662597656
-17.212583541870117
-15.901101112365723
-18.132522583007812
-18.545055389404297
-16.86781883239746
-17.051956176757812
-16.468486785888672
-17.246519088745117
-18.380775451660156
-18.169353485107422
-17.712242126464844
-19.012113571166992
-17.435338973999023
-17.39155387878418
-18.453411102294922
-17.071807861328125
-16.221723556518555
-16.37595558166504
-16.70492172241211
-16.994558334350586
-16.535564422607422
-16.215909957885742
-14.344171524047852
-13.231618881225586
-15.69489574432373
-16.961933135986328
-16.155101776123047
-18.036291122436523
-16.408740997314453
-17.57944679260254
-16.628419876098633
-17.97063636779785
-14.952864646911621
-18.206762313842773
-17.807729721069336
-16.6285457611084
-18.11121940612793
-15.853816986083984
-17.733497619628906
-18.05350685119629
-17.577816009521484
-16.36565589904785
-16.65420913696289
-16.12338638305664
-18.76249122619629
-18.150760650634766
-17.712778091430664
-19.023853302001953
-18.12616729736328
-17.735519409179688
-18.280118942260742
-18.435331344604492
-18.749723434448242
-19.084062576293945
-16.60451316833496
-14.37664794921875
-17.398950576782227
-18.179473876953125
-16.733875274658203
-18.534027099609375
-17.998233795166016
-18.17733383178711
-19.39011573791504
-17.269922256469727
-16.71674919128418
-17.71329116821289
-13.687445640563965
-17.651609420776367
-18.872455596923828
-16.747905731201172
-16.848779678344727
-17.436487197875977
-16.580249786376953
-18.61549949645996
-16.759052276611328
-18.8746337890625
-19.52696418762207
-17.366926193237305
-15.998821258544922
-18.05784797668457
-18.91670799255371
-17.494813919067383
-18.545940399169922
-17.910062789916992
-16.8656063079834
-16.585508346557617
-16.142080307006836
-17.532917022705078
-17.41074562072754
-17.594789505004883
-16.522550582885742
-16.070255279541016
-17.088422775268555
-16.587339401245117
-18.02260398864746
-17.057950973510742
-18.061464309692383
-19.172388076782227
-18.097522735595703
-13.800880432128906
-14.35812759399414
-16.875930786132812
-16.014768600463867
-16.708227157592773
-16.95279312133789
-16.204572677612305
-17.201217651367188
-19.234546661376953
-15.781933784484863
-14.129106521606445
-18.957151412963867
-19.17503547668457
-12.530542373657227
-18.684175491333008
-19.275007247924805
-17.550708770751953
-17.664653778076172
-17.670820236206055
-17.823135375976562
-15.840076446533203
-19.091941833496094
-16.524097442626953
-17.768619537353516
-16.96928596496582
-17.465795516967773
-16.411108016967773
-17.393516540527344
-17.181703567504883
-19.695688247680664
-16.767560958862305
-17.745290756225586
-14.748416900634766
-17.388822555541992
-19.522296905517578
-17.279380798339844
-18.550796508789062
-17.41718101501465
-17.64702606201172
-16.572811126708984
-19.730302810668945
-19.058923721313477
-15.462509155273438
-16.109529495239258
-16.08199119567871
-18.573688507080078
-16.436948776245117
-12.591399192810059
-17.89106559753418
-17.17129898071289
-14.142004013061523
-14.947369575500488
-18.03047752380371
-15.332474708557129
-17.36774253845215
-16.941682815551758
-17.786788940429688
-16.60434341430664
-15.224929809570312
-18.616613388061523
-15.558046340942383
-16.96324348449707
-17.894195556640625
-16.73512077331543
-18.254812240600586
-18.15253257751465
-18.831653594970703
-17.33688735961914
-17.702486038208008
-13.753398895263672
-17.71802520751953
-17.675657272338867
-18.95895004272461
-19.2020320892334
-17.253313064575195
-16.7515926361084
-18.046735763549805
-17.586366653442383
-17.12965202331543
-16.021827697753906
-16.615930557250977
-18.176843643188477
-18.134302139282227
-18.818052291870117
-18.528444290161133
-17.878137588500977
-18.47793960571289
-17.55245018005371
-18.473220825195312
-18.684349060058594
-18.325902938842773
-15.652667999267578
-17.91920280456543
-19.639005661010742
-18.40406608581543
-16.270112991333008
-18.592309951782227
-17.39167022705078
-18.157474517822266
-16.863759994506836
-15.54439926147461
-16.667556762695312
-18.4386043548584
-18.31540870666504
-16.773359298706055
-18.457263946533203
-17.748882293701172
-14.067863464355469
-17.75445556640625
-20.023035049438477
-15.998254776000977
-16.4841251373291
-16.875301361083984
-17.120731353759766
-16.918651580810547
-17.875661849975586
-17.36945343017578
-15.640439987182617
-18.227340698242188
-11.587944030761719
-17.70687484741211
-17.747093200683594
-12.581040382385254
-17.72037696838379
-16.858030319213867
-17.285133361816406
-18.237823486328125
-18.786781311035156
-17.414310455322266
-16.44487762451172
-18.309898376464844
-17.57463836669922
-17.78095817565918
-18.437124252319336
-17.715890884399414
-16.02058982849121
-18.058691024780273
-18.192163467407227
-14.03216552734375
-18.312471389770508
-16.0933895111084
-15.777400970458984
-15.401382446289062
-19.272016525268555
-16.626670837402344
-17.790163040161133
-16.780614852905273
-18.427488327026367
-18.651611328125
-17.112607955932617
-18.123533248901367
-19.12012481689453
-17.747238159179688
-18.582887649536133
-17.20490074157715
-17.687358856201172
-17.193912506103516
-18.589481353759766
-18.085317611694336
-17.645641326904297
-17.14869499206543
-17.014324188232422
-17.874650955200195
-16.66222381591797
-18.377111434936523
-18.571006774902344
-16.950050354003906
-13.832476615905762
-17.821407318115234
-18.51626968383789
-18.448959350585938
-17.01075553894043
-18.87568473815918
-16.14785385131836
-18.218469619750977
-16.2111873626709
-17.452438354492188
-19.019346237182617
-16.741487503051758
-18.660945892333984
-17.762725830078125
-18.36428451538086
-16.967653274536133
-14.379437446594238
-18.61771583557129
-18.392799377441406
-17.543643951416016
-16.322059631347656
-17.00754165649414
-17.284881591796875
-17.886524200439453
-17.6572322845459
-18.52350425720215
-17.986669540405273
-16.707021713256836
-18.007673263549805
-15.772024154663086
-18.779462814331055
-17.518295288085938
-16.598159790039062
-18.626728057861328
-17.931703567504883
-16.928613662719727
-18.671001434326172
-15.289204597473145
-18.593055725097656
-19.185991287231445
-19.10262680053711
-18.540632247924805
-17.94137191772461
-14.625229835510254
-17.92804718017578
-17.22429656982422
-17.575490951538086
-15.63897705078125
-18.12495994567871
-18.289152145385742
-18.442800521850586
-18.403711318969727
-17.828126907348633
-18.151538848876953
-18.190744400024414
-18.333080291748047
-16.5303897857666
-18.581029891967773
-16.427515029907227
-16.829282760620117
-18.09771156311035
-17.41378402709961
-15.90249252319336
-18.33416175842285
-16.593482971191406
-18.597036361694336
-14.928359985351562
-18.368671417236328
-17.66859245300293
-17.257558822631836
-18.811994552612305
-19.363910675048828
-18.36297035217285
-19.445056915283203
-17.74698257446289
-18.546188354492188
-16.671306610107422
-18.53376579284668
-18.22120475769043
-14.987665176391602
-18.801355361938477
-18.270404815673828
-18.208955764770508
-16.544504165649414
-16.82999610900879
-18.069604873657227
-17.96051025390625
-16.25055503845215
-16.582307815551758
-18.108449935913086
-16.516979217529297
-17.438751220703125
-18.493680953979492
-15.435750007629395
-17.63496971130371
-17.385705947875977
-16.844196319580078
-16.648252487182617
-17.892152786254883
-19.93042755126953
-18.373743057250977
-18.97849464416504
-16.609630584716797
-16.93623161315918
-17.416135787963867
-15.782392501831055
-18.532447814941406
-17.13459587097168
-16.86009407043457
-17.781068801879883
-17.46184539794922
-19.827306747436523
-16.731624603271484
-15.676637649536133
-18.57258415222168
-18.459428787231445
-17.73346519470215
-15.361268997192383
-17.152631759643555
-12.616604804992676
-17.504560470581055
-12.63485336303711
-17.06814193725586
-17.118019104003906
-17.072969436645508
-16.53025245666504
-19.30919075012207
-17.811491012573242
-16.54678726196289
-18.08200454711914
-17.605632781982422
-11.356496810913086
-16.88833999633789
-16.056278228759766
-20.064069747924805
-19.384140014648438
-16.182785034179688
-18.081329345703125
-16.883302688598633
-14.470499038696289
-16.962133407592773
-15.305632591247559
-18.014799118041992
-18.591623306274414
-20.164649963378906
-17.73224639892578
-16.84309959411621
-16.861370086669922
-18.726299285888672
-15.728790283203125
-11.71998119354248
-18.046316146850586
-18.51291275024414
-16.93808937072754
-14.740479469299316
-18.48399543762207
-17.385955810546875
-17.076684951782227
-17.123727798461914
-19.37532615661621
-19.389404296875
-14.974710464477539
-16.719362258911133
-19.09530258178711
-16.769271850585938
-19.21747398376465
-19.03277587890625
-16.673973083496094
-18.60951042175293
-11.660947799682617
-18.385425567626953
-18.260560989379883
-18.374786376953125
-18.673702239990234
-17.597715377807617
-18.423154830932617
-16.967004776000977
-18.83112335205078
-16.778423309326172
-17.32611846923828
-19.1190242767334
-19.575984954833984
-15.764909744262695
-13.28165340423584
-18.09137535095215
-16.41152572631836
-17.03938102722168
-15.12380599975586
-16.436344146728516
-17.01081085205078
-19.186437606811523
-18.764894485473633
-16.829200744628906
-18.753114700317383
-15.27651596069336
-17.822704315185547
-17.95321273803711
-17.012699127197266
-18.138996124267578
-17.456390380859375
-16.696237564086914
-16.311861038208008
-17.058551788330078
-17.992462158203125
-17.707368850708008
-19.228195190429688
-17.462329864501953
-15.951245307922363
-18.635297775268555
-18.495826721191406
-18.762704849243164
-19.011219024658203
-16.67806053161621
-17.58631706237793
-14.566434860229492
-19.264453887939453
-17.317001342773438
-18.151657104492188
-17.94390869140625
-18.312162399291992
-19.038846969604492
-17.463117599487305
-18.66563606262207
-18.053707122802734
-16.21161460876465
-16.89764976501465
-15.227167129516602
-16.664186477661133
-17.014604568481445
-15.589351654052734
-18.26146125793457
-18.530902862548828
-18.854421615600586
-18.473718643188477
-18.30006980895996
-15.912317276000977
-16.202972412109375
-17.8942813873291
-15.060219764709473
-17.277240753173828
-15.954377174377441
-18.09291648864746
-15.384223937988281
-18.019733428955078
-18.847196578979492
-17.92823028564453
-15.042895317077637
-17.164140701293945
-18.707035064697266
-17.00936508178711
-18.047338485717773
-13.971630096435547
-18.6051082611084
-17.84940528869629
-18.591768264770508
-16.86896324157715
-16.149499893188477
-17.69678497314453
-16.217060089111328
-16.783178329467773
-18.04498863220215
-17.226200103759766
-18.22862434387207
-15.251228332519531
-17.605274200439453
-18.091154098510742
-16.939189910888672
-18.21221923828125
-13.959726333618164
-17.999670028686523
-17.843246459960938
-18.3736629486084
-17.06097412109375
-17.34809684753418
-18.61644744873047
-17.276525497436523
-17.507631301879883
-16.932918548583984
-17.925748825073242
-15.739216804504395
-17.74138069152832
-15.87285327911377
-18.790876388549805
-19.297082901000977
-17.58709716796875
-17.446002960205078
-17.381723403930664
-17.990982055664062
-18.66313934326172
-17.902738571166992
-16.863962173461914
-18.213529586791992
-16.290679931640625
-17.387218475341797
-16.10408592224121
-17.161720275878906
-18.65277671813965
-13.670246124267578
-19.22146987915039
-17.319881439208984
-18.367422103881836
-17.300233840942383
-16.755905151367188
-16.79693031311035
-16.775022506713867
-17.63964080810547
-18.64267921447754
-15.494372367858887
-17.296611785888672
-15.392982482910156
-19.3796443939209
-18.130468368530273
-14.77072811126709
-19.079320907592773
-17.948087692260742
-17.61039161682129
-18.98198699951172
-18.169939041137695
-17.00739860534668
-15.480752944946289
-16.994857788085938
-16.53116226196289
-18.36139488220215
-18.3001766204834
-18.4492244720459
-17.99850845336914
-16.52433204650879
-17.492807388305664
-16.169382095336914
-15.601097106933594
-18.407878875732422
-18.7689208984375
-18.0148868560791
-17.691743850708008
-17.798540115356445
-18.81406593322754
-14.327705383300781
-17.32672119140625
-15.345727920532227
-19.13966941833496
-12.826202392578125
-15.526444435119629
-18.70566749572754
-15.647541046142578
-16.955678939819336
-16.722700119018555
-17.476421356201172
-17.666976928710938
-16.881540298461914
-16.969539642333984
-18.252201080322266
-17.806211471557617
-14.885173797607422
-16.746479034423828
-18.045825958251953
-18.559446334838867
-18.04730796813965
-18.361438751220703
-16.261985778808594
-13.971369743347168
-18.11911392211914
-8.381300926208496
-16.589778900146484
-16.69794273376465
-16.912294387817383
-11.472262382507324
-16.9182186126709
-13.01828384399414
-17.998228073120117
-16.559677124023438
-17.540287017822266
-17.492124557495117
-19.221784591674805
-17.221660614013672
-15.805466651916504
-19.109601974487305
-16.73195457458496
-17.949609756469727
-15.465953826904297
-12.160778045654297
-16.743072509765625
-18.269729614257812
-18.287273406982422
-15.587268829345703
-18.249197006225586
-17.296340942382812
-17.597763061523438
-18.357078552246094
-18.25600242614746
-16.291101455688477
-19.19393539428711
-16.57563018798828
-17.5968017578125
-17.63587188720703
-14.958986282348633
-17.205280303955078
-17.383724212646484
-17.855239868164062
-19.240520477294922
-19.223793029785156
-19.036500930786133
-15.774892807006836
-15.736177444458008
-16.071800231933594
-19.694229125976562
-17.085172653198242
-16.93718147277832
-17.067766189575195
-17.73649787902832
-16.4067440032959
-17.661373138427734
-14.295982360839844
-17.7491397857666
-17.150026321411133
-17.008567810058594
-16.953962326049805
-18.866880416870117
-16.567344665527344
-17.75960922241211
-19.186058044433594
-16.0336971282959
-17.680570602416992
-17.702892303466797
-16.1859130859375
-14.84062385559082
-18.994983673095703
-18.18545150756836
-17.502792358398438
-18.15503692626953
-15.391592025756836
-16.967998504638672
-16.457117080688477
-17.085664749145508
-17.437454223632812
-17.8006591796875
-17.559432983398438
-18.88474464416504
-18.870515823364258
-19.44268798828125
-18.515260696411133
-17.56617546081543
-16.998409271240234
-16.20464515686035
-16.772611618041992
-18.491479873657227
-15.737833023071289
-13.243428230285645
-15.546669006347656
-18.84505271911621
-18.295862197875977
-17.92118263244629
-17.840112686157227
-17.51600456237793
-15.732856750488281
-16.911083221435547
-17.467241287231445
-17.523469924926758
-16.8237247467041
-16.619518280029297
-16.42458152770996
-18.82434844970703
-18.240766525268555
-16.53342628479004
-18.58924102783203
-18.172286987304688
-17.237905502319336
-16.749698638916016
-18.99922752380371
-18.29249382019043
-15.840753555297852
-16.983957290649414
-15.587148666381836
-12.750432968139648
-17.242990493774414
-17.881336212158203
-17.7843074798584
-17.78073501586914
-19.843425750732422
-16.524259567260742
-18.805910110473633
-17.023454666137695
-15.942246437072754
-17.18058967590332
-16.5975284576416
-17.85724639892578
-17.475603103637695
-17.31886863708496
-16.35936737060547
-17.237281799316406
-16.675636291503906
-17.357187271118164
-18.433273315429688
-12.830118179321289
-16.50191879272461
-18.31463623046875
-13.67367935180664
-16.485244750976562
-17.84903907775879
-15.154605865478516
-15.114357948303223
-18.895483016967773
-16.784530639648438
-18.169939041137695
-18.290287017822266
-17.36327362060547
-9.736035346984863
-18.504863739013672
-18.853782653808594
-16.567716598510742
-18.239667892456055
-17.501798629760742
-19.13548469543457
-18.181100845336914
-18.725141525268555
-15.130440711975098
-17.5830135345459
-17.627262115478516
-18.240407943725586
-16.581832885742188
-17.878406524658203
-14.1907377243042
-17.395219802856445
-16.731143951416016
-16.3326473236084
-17.013385772705078
-17.975709915161133
-17.307392120361328
-18.027498245239258
-16.321273803710938
-12.986618041992188
-16.806198120117188
-17.000837326049805
-18.02217674255371
-17.988798141479492
-16.58757972717285
-18.615724563598633
-19.08113670349121
-18.284183502197266
-17.737239837646484
-14.598779678344727
-18.109066009521484
-18.23963737487793
-15.392332077026367
-15.936493873596191
-18.14760398864746
-19.449426651000977
-17.33290672302246
-17.66095542907715
-16.43992042541504
-16.33637809753418
-16.229352951049805
-18.593658447265625
-15.7911958694458
-17.289794921875
-16.43384552001953
-18.2783260345459
-17.003385543823242
-19.01024055480957
-17.77486801147461
-16.450040817260742
-17.768091201782227
-17.89548110961914
-17.795469284057617
-17.96702003479004
-18.80084800720215
-17.181421279907227
-17.00310516357422
-18.258333206176758
-18.899864196777344
-18.940855026245117
-16.70296287536621
-18.020057678222656
-17.388784408569336
-19.524139404296875
-18.883085250854492
-16.679162979125977
-16.083513259887695
-18.306821823120117
-16.398635864257812
-17.55523681640625
-17.537961959838867
-17.747926712036133
-17.23137664794922
-17.615638732910156
-18.81297492980957
-16.86760711669922
-16.852079391479492
-15.916837692260742
-18.549779891967773
-17.195009231567383
-16.79755210876465
-14.328458786010742
