-16.800352096557617
-22.383745193481445
-20.459922790527344
-17.086416244506836
-24.280786514282227
-20.753507614135742
-21.331640243530273
-14.71629524230957
-20.565710067749023
-22.61387825012207
-11.41572380065918
-22.2734317779541
-20.981090545654297
-22.81709861755371
-20.732030868530273
-23.919139862060547
-20.128488540649414
-21.228443145751953
-20.703332901000977
-14.908451080322266
-20.07478141784668
-18.570571899414062
-19.80166244506836
-24.96931266784668
-23.043346405029297
-18.213407516479492
-26.383075714111328
-17.739316940307617
-18.977859497070312
-12.048004150390625
-15.822856903076172
-15.435147285461426
-13.384660720825195
-19.257678985595703
-14.28609848022461
-9.209725379943848
-19.806352615356445
-17.705669403076172
-19.410858154296875
-17.438486099243164
-20.746063232421875
-21.828205108642578
-23.800506591796875
-22.900808334350586
-13.764596939086914
-17.811561584472656
-20.48987579345703
-20.0305233001709
-19.162206649780273
-22.12767219543457
-18.85352325439453
-19.86758041381836
-19.00344467163086
-14.0548734664917
-20.859458923339844
-20.017974853515625
-19.31109619140625
-13.58012580871582
-13.10615348815918
-23.74783706665039
-22.012569427490234
-16.679466247558594
-13.243978500366211
-15.273773193359375
-10.252907752990723
-16.70873260498047
-19.78421974182129
-19.872465133666992
-18.889097213745117
-20.978662490844727
-21.730377197265625
-18.221052169799805
-16.6602840423584
-17.32794952392578
-19.143821716308594
-17.760313034057617
-21.09041404724121
-18.535295486450195
-17.80448341369629
-15.299272537231445
-24.441255569458008
-21.272974014282227
-18.077451705932617
-21.590980529785156
-18.97217559814453
-18.862295150756836
-20.99928092956543
-20.54530143737793
-18.769128799438477
-25.946786880493164
-14.469693183898926
-18.988265991210938
-23.83702278137207
-22.576391220092773
-20.877653121948242
-21.856779098510742
-16.857559204101562
-17.990755081176758
-17.71281623840332
-22.653779983520508
-23.327428817749023
-19.706876754760742
-20.700193405151367
-20.537120819091797
-22.553634643554688
-19.577348709106445
-21.587976455688477
-22.67840003967285
-22.823078155517578
-22.63528060913086
-14.62655258178711
-23.34482765197754
-14.436619758605957
-23.24432373046875
-19.89988899230957
-20.300912857055664
-19.04003143310547
-18.78314781188965
-22.313007354736328
-20.156681060791016
-20.59054946899414
-21.5032901763916
-21.569881439208984
-25.023862838745117
-23.388824462890625
-16.77408790588379
-20.557476043701172
-20.02073860168457
-14.230613708496094
-22.320852279663086
-24.28619956970215
-23.22150993347168
-16.093242645263672
-21.455577850341797
-23.35938262939453
-22.13353157043457
-22.362377166748047
-26.81873893737793
-9.80400276184082
-14.17298698425293
-21.766584396362305
-21.56943130493164
-22.356369018554688
-20.0022029876709
-19.048019409179688
-22.341238021850586
-22.99247932434082
-21.06784439086914
-8.789597511291504
-21.815807342529297
-23.94795799255371
-17.89606285095215
-18.456113815307617
-23.558393478393555
-22.776031494140625
-19.17448616027832
-16.100614547729492
-23.827146530151367
-21.26494026184082
-17.986982345581055
-18.774356842041016
-16.312210083007812
-25.4737548828125
-20.118173599243164
-22.183727264404297
-22.31934928894043
-19.08625030517578
-24.0738468170166
-11.32593822479248
-21.010025024414062
-21.226360321044922
-23.622547149658203
-16.647924423217773
-9.37104320526123
-20.5941219329834
-13.997382164001465
-20.621170043945312
-23.609729766845703
-20.773033142089844
-13.603445053100586
-16.15586280822754
-23.39381217956543
-13.76030158996582
-18.994564056396484
-21.298824310302734
-17.177946090698242
-21.361650466918945
-15.639220237731934
-18.51758575439453
-21.423181533813477
-15.54974365234375
-20.895906448364258
-18.019908905029297
-16.794424057006836
-19.810205459594727
-22.6077938079834
-23.178730010986328
-22.476839065551758
-14.259908676147461
-22.48397445678711
-17.403064727783203
-21.923736572265625
-19.881616592407227
-15.223947525024414
-18.9178466796875
-21.107114791870117
-8.8450288772583
-10.682148933410645
-19.868593215942383
-20.687135696411133
-23.51469612121582
-17.873891830444336
-20.86162757873535
-14.903721809387207
-23.707130432128906
-20.73626708984375
-20.60930061340332
-19.494646072387695
-22.095394134521484
-18.286840438842773
-23.369251251220703
-17.1634578704834
-15.267923355102539
-21.44413948059082
-23.998502731323242
-18.48566436767578
-13.089179039001465
-13.834508895874023
-22.512243270874023
-22.62265968322754
-21.601770401000977
-20.027271270751953
-17.7622013092041
-22.04962730407715
-12.76931381225586
-21.011716842651367
-21.57317352294922
-18.82010269165039
-26.048654556274414
-22.34227180480957
-17.091344833374023
-22.046558380126953
-20.849390029907227
-12.567435264587402
-19.80081558227539
-19.5302677154541
-23.695051193237305
-14.604113578796387
-21.54450798034668
-18.723533630371094
-17.153921127319336
-21.124588012695312
-17.97808265686035
-22.089338302612305
-21.20056915283203
-20.710935592651367
-20.368417739868164
-20.04410171508789
-22.142200469970703
-22.470394134521484
-23.332637786865234
-19.277931213378906
-20.11435890197754
-20.551069259643555
-16.79444694519043
-22.12712287902832
-20.88002586364746
-17.70652961730957
-15.682977676391602
-14.830920219421387
-20.294645309448242
-17.283105850219727
-21.276607513427734
-24.562028884887695
-20.386384963989258
-15.634599685668945
-15.649581909179688
-16.960826873779297
-17.506317138671875
-22.967023849487305
-21.456804275512695
-0.6343243718147278
-18.04103660583496
-18.08189582824707
-23.29803466796875
-15.989065170288086
-17.08247184753418
-17.837072372436523
-21.39832878112793
-22.733863830566406
-25.234642028808594
-24.697284698486328
-25.407142639160156
-22.5189151763916
-19.07756805419922
-21.912450790405273
-22.360244750976562
-19.99289894104004
-21.313291549682617
-15.37127685546875
-17.267356872558594
-15.517239570617676
-22.29913330078125
-25.880538940429688
-18.36446762084961
-19.13616943359375
-22.059206008911133
-27.675405502319336
-22.84842300415039
-17.604854583740234
-24.746109008789062
-17.18441390991211
-17.19386100769043
-16.468690872192383
-22.47257423400879
-18.643850326538086
-19.13182830810547
-25.868831634521484
-17.723430633544922
-18.122732162475586
-20.373865127563477
-10.853240013122559
-18.93134307861328
-11.343713760375977
-19.426494598388672
-13.496573448181152
-13.640557289123535
-20.634891510009766
-24.49625587463379
-23.250669479370117
-16.594552993774414
-19.28126335144043
-20.085506439208984
-20.621726989746094
-19.103748321533203
-24.944129943847656
-20.854536056518555
-21.37093734741211
-20.58563995361328
-21.25316047668457
-19.341419219970703
-20.303468704223633
-14.844854354858398
-22.9830379486084
-13.191555976867676
-19.894376754760742
-20.636484146118164
-21.2095890045166
-20.770112991333008
-20.515222549438477
-15.193023681640625
-21.561994552612305
-24.719064712524414
-22.517194747924805
-24.472564697265625
-15.558587074279785
-12.361390113830566
-19.919784545898438
-16.2359561920166
-20.26821517944336
-19.094385147094727
-16.17889404296875
-19.478191375732422
-19.35225486755371
-22.325439453125
-17.936626434326172
-20.20267677307129
-23.968360900878906
-10.94461441040039
-21.37990379333496
-20.708179473876953
-18.744922637939453
-21.568206787109375
-13.00007438659668
-18.669984817504883
-21.202959060668945
-12.069734573364258
-13.747220039367676
-18.393571853637695
-22.529808044433594
-24.704769134521484
-22.48085594177246
-20.554882049560547
-20.554786682128906
-21.87833595275879
-20.137908935546875
-21.097291946411133
-18.706342697143555
-28.301698684692383
-18.033231735229492
-17.045711517333984
-13.262839317321777
-21.22194480895996
-22.410737991333008
-23.266042709350586
-20.983963012695312
-21.026819229125977
-25.313690185546875
-21.023473739624023
-20.683576583862305
-20.840370178222656
-22.4788818359375
-24.119510650634766
-19.075653076171875
-24.7175350189209
-8.180061340332031
-20.477415084838867
-24.884363174438477
-23.84998893737793
-23.067110061645508
-13.0336275100708
-18.638296127319336
-17.41621971130371
-24.26190757751465
-22.8837947845459
-17.662126541137695
-27.783384323120117
-22.636333465576172
-22.71921157836914
-17.95200538635254
-22.53331756591797
-23.23551368713379
-21.774456024169922
-19.850008010864258
-14.300806045532227
-25.963003158569336
-19.105998992919922
-17.07932472229004
-24.009248733520508
-14.785958290100098
-17.563274383544922
-20.658870697021484
-18.404260635375977
-22.840595245361328
-16.212366104125977
-20.831398010253906
-22.739727020263672
-21.76198387145996
-18.06588363647461
-18.548673629760742
-20.402385711669922
-25.209280014038086
-21.267406463623047
-19.3592472076416
-16.206254959106445
-25.60959243774414
-19.984987258911133
-21.597288131713867
-14.654596328735352
-24.647239685058594
-16.789331436157227
-24.73647689819336
-21.428186416625977
-20.391555786132812
-23.99235725402832
-16.76190185546875
-4.9216628074646
-10.379146575927734
-23.250263214111328
-21.495119094848633
-17.730533599853516
-19.482393264770508
-23.440128326416016
-22.450151443481445
-19.94692611694336
-18.421751022338867
-19.291624069213867
-20.410400390625
-19.60930061340332
-23.995786666870117
-13.7860107421875
-19.73859977722168
-20.59100341796875
-18.031068801879883
-20.787017822265625
-20.501298904418945
-26.039419174194336
-21.7226505279541
-12.54422664642334
-16.3486385345459
-16.980194091796875
-19.105995178222656
-22.444461822509766
-24.210908889770508
-21.892534255981445
-19.12372589111328
-20.639934539794922
-20.44386100769043
-19.646421432495117
-18.714590072631836
-20.02813148498535
-17.22662353515625
-16.81424903869629
-22.85548210144043
-17.958398818969727
-23.46649932861328
-17.420299530029297
-24.62833023071289
-12.266189575195312
-23.02781867980957
-18.65741539001465
-22.737504959106445
-23.55168342590332
-22.83670997619629
-26.58814811706543
-16.533592224121094
-18.086576461791992
-21.226110458374023
-22.65699577331543
-24.11797523498535
-12.987035751342773
-15.12691879272461
-21.889293670654297
-23.77750587463379
-20.640363693237305
-19.798728942871094
-20.413759231567383
-20.665943145751953
-20.079580307006836
-19.628507614135742
-19.144451141357422
-20.75328254699707
-21.882184982299805
-19.593769073486328
-17.799150466918945
-19.209638595581055
-16.771615982055664
-17.510616302490234
-20.704975128173828
-24.99470329284668
-20.317089080810547
-20.345550537109375
-24.902759552001953
-17.413972854614258
-24.405683517456055
-22.81281852722168
-22.277070999145508
-14.584580421447754
-19.57855987548828
-16.446779251098633
-22.382904052734375
-15.163055419921875
-16.866010665893555
-25.240732192993164
-16.771198272705078
-16.73725700378418
-25.520774841308594
-18.96054458618164
-21.529356002807617
-22.375221252441406
-22.856855392456055
-17.278635025024414
-21.287525177001953
-21.152847290039062
-20.820205688476562
-19.472623825073242
-16.125154495239258
-20.37459945678711
-17.880224227905273
-20.986143112182617
-21.066869735717773
-14.799083709716797
-19.097803115844727
-19.88880729675293
-19.789955139160156
-19.776683807373047
-22.84834098815918
-22.987133026123047
-18.52265739440918
-18.890262603759766
-22.66271209716797
-19.702241897583008
-21.4345645904541
-19.42008399963379
-20.86870574951172
-16.221227645874023
-22.532304763793945
-20.101640701293945
-8.123099327087402
-22.98758888244629
-18.901281356811523
-19.355125427246094
-21.926382064819336
-22.10499382019043
-15.467100143432617
-25.8602237701416
-27.571674346923828
-20.57858657836914
-22.668760299682617
-22.541339874267578
-22.063201904296875
-25.734779357910156
-24.897754669189453
-18.04240608215332
-18.503496170043945
-21.646259307861328
-16.34866714477539
-18.878787994384766
-16.861122131347656
-22.604114532470703
-20.918989181518555
-20.684934616088867
-22.87771987915039
-10.323348045349121
-14.826744079589844
-24.14271354675293
-16.151016235351562
-23.057844161987305
-21.537912368774414
-18.42939567565918
-13.138498306274414
-18.25425910949707
-20.193328857421875
-18.049205780029297
-24.017019271850586
-20.409038543701172
-23.231082916259766
-25.250831604003906
-19.75872230529785
-19.488679885864258
-18.57771110534668
-15.58500862121582
-18.52819061279297
-22.778139114379883
-24.04607391357422
-22.9412784576416
-21.349515914916992
-23.170318603515625
-15.448993682861328
-23.683456420898438
-23.63581657409668
-17.821767807006836
-18.971879959106445
-20.14700698852539
-15.779402732849121
-20.206872940063477
-22.364471435546875
-19.65946388244629
-22.286794662475586
-17.99207305908203
-20.156208038330078
-21.310855865478516
-20.63040542602539
-14.460983276367188
-22.556913375854492
-15.151201248168945
-20.884782791137695
-20.052162170410156
-19.99036407470703
-15.771221160888672
-18.376117706298828
-21.030672073364258
-9.097149848937988
-25.84942054748535
-24.00782585144043
-19.430622100830078
-20.743600845336914
-22.25448989868164
-14.374589920043945
-19.282255172729492
-19.3588924407959
-19.190784454345703
-20.911235809326172
-11.19839859008789
-23.1674861907959
-15.89288330078125
-21.10112953186035
-22.2552433013916
-14.384312629699707
-19.27621841430664
-19.519323348999023
-17.94070053100586
-27.45505142211914
-18.144634246826172
-23.83174705505371
-14.642329216003418
-20.11590576171875
-18.689252853393555
-13.411715507507324
-23.72091293334961
-18.698564529418945
-15.857942581176758
-23.967676162719727
-10.684083938598633
-19.452232360839844
-22.189605712890625
-16.70217514038086
-25.523317337036133
-23.809267044067383
-18.189289093017578
-21.864885330200195
-19.593761444091797
-11.701372146606445
-21.762603759765625
-20.93905258178711
-21.884288787841797
-18.18943214416504
-19.800382614135742
-21.167705535888672
-18.983339309692383
-16.059797286987305
-19.07406234741211
-23.146373748779297
-21.562881469726562
-23.24308967590332
-21.43754005432129
-19.486053466796875
-15.368417739868164
-15.959383010864258
-21.10065460205078
-10.572216033935547
-20.586734771728516
-14.29218864440918
-22.173053741455078
-22.945707321166992
-21.552614212036133
-22.65491485595703
-17.114381790161133
-18.698698043823242
-14.142410278320312
-22.710365295410156
-24.65967559814453
-17.893686294555664
-22.578495025634766
-20.538724899291992
-26.800777435302734
-23.10223960876465
-20.303953170776367
-8.826360702514648
-19.070070266723633
-15.06874942779541
-20.262372970581055
-21.021448135375977
-18.967912673950195
-19.251062393188477
-22.211822509765625
-26.397653579711914
-18.32375717163086
-24.750825881958008
-25.58658790588379
-19.486331939697266
-17.32785415649414
-19.603885650634766
-12.501553535461426
-20.276185989379883
-18.57947540283203
-20.828432083129883
-23.966552734375
-21.883132934570312
-14.411364555358887
-19.88642692565918
-18.718151092529297
-15.902525901794434
-23.099384307861328
-16.862030029296875
-19.668874740600586
-5.485104084014893
-15.56177806854248
-22.81963348388672
-12.982470512390137
-17.378034591674805
-23.171968460083008
-21.198823928833008
-26.616600036621094
-20.163896560668945
-14.022085189819336
-21.295452117919922
-22.960115432739258
-18.803468704223633
-18.3873348236084
-19.026090621948242
-20.630998611450195
-22.637004852294922
-17.06769371032715
-22.386137008666992
-20.574880599975586
-19.138843536376953
-21.616573333740234
-17.997495651245117
-20.039257049560547
-18.655611038208008
-20.586427688598633
-21.720478057861328
-20.95658302307129
-16.13153648376465
-17.35942840576172
-22.61852264404297
-19.383872985839844
-17.203411102294922
-16.93732452392578
-19.380525588989258
-20.627248764038086
-18.381515502929688
-23.96512794494629
-19.541574478149414
-24.028953552246094
-21.021020889282227
-21.060277938842773
-21.974035263061523
-12.656249046325684
-22.50635528564453
-24.87869644165039
-17.714954376220703
-21.92595672607422
-21.893360137939453
-18.60045051574707
-20.978246688842773
-7.307037353515625
-14.895620346069336
-18.684688568115234
-19.50836753845215
-19.971864700317383
-25.213726043701172
-20.475730895996094
-17.93943214416504
-22.92119026184082
-10.810415267944336
-28.508333206176758
-12.772174835205078
-7.380460739135742
-21.136388778686523
-23.23490333557129
-18.436241149902344
-21.274471282958984
-12.116909980773926
-19.12590789794922
-19.67434310913086
-21.32817268371582
-21.0855770111084
-23.74387550354004
-24.055755615234375
-13.344762802124023
-19.235408782958984
-17.1005859375
-24.72555160522461
-19.139694213867188
-14.209193229675293
-16.43364906311035
-18.875736236572266
-19.274913787841797
-20.80805015563965
-23.506990432739258
-18.96427345275879
-19.35344123840332
-15.680839538574219
-23.595609664916992
-19.487041473388672
-22.063684463500977
-21.15363883972168
-20.052709579467773
-20.13124656677246
-24.834815979003906
-23.407094955444336
-22.429906845092773
-19.385271072387695
-21.57208251953125
-14.591533660888672
-16.554275512695312
-18.754411697387695
-18.032121658325195
-17.149263381958008
-23.350139617919922
-21.720054626464844
-20.957796096801758
-19.616443634033203
-22.003101348876953
-20.055631637573242
-19.63086700439453
-17.29389762878418
-21.22067642211914
-26.013826370239258
-17.091140747070312
-22.981157302856445
-24.541868209838867
-12.367610931396484
-22.439132690429688
-13.02194595336914
-17.553503036499023
-19.970090866088867
-16.562026977539062
-24.64926528930664
-20.083024978637695
-23.09026336669922
-21.974912643432617
-19.655502319335938
-18.46990966796875
-13.646347045898438
-17.07242774963379
-25.3581485748291
-20.990203857421875
-9.00843334197998
-23.2253360748291
-21.89055633544922
-19.57647132873535
-20.767406463623047
-17.822124481201172
-22.65769386291504
-19.87122344970703
-17.50687026977539
-20.326406478881836
-19.40593147277832
-16.549562454223633
-16.818878173828125
-19.506696701049805
-22.522720336914062
-12.825248718261719
-24.218175888061523
-21.238605499267578
-21.615781784057617
-23.170482635498047
-20.368200302124023
-16.090864181518555
-18.805795669555664
-17.706466674804688
-21.661396026611328
-18.937124252319336
-16.908079147338867
-21.775136947631836
-17.62394905090332
-20.200210571289062
-22.574861526489258
-21.561796188354492
-23.31449317932129
-14.45926284790039
-23.451120376586914
-23.476119995117188
-20.31342887878418
-19.69542121887207
-21.1669979095459
-23.36719512939453
-19.514421463012695
-13.994211196899414
-19.998249053955078
-14.825862884521484
-16.08499526977539
-17.591447830200195
-19.21161460876465
-24.453083038330078
-21.819578170776367
-20.767108917236328
-19.159183502197266
-19.75374412536621
-16.825193405151367
-17.454938888549805
-23.38233184814453
-14.02416706085205
-25.13841438293457
-20.383460998535156
-23.337326049804688
-17.871646881103516
-16.089826583862305
-20.145490646362305
-22.708589553833008
-20.152713775634766
-21.276601791381836
-15.702254295349121
-12.64761734008789
-22.122413635253906
-23.223230361938477
-18.354978561401367
-20.327613830566406
-13.476020812988281
-19.603715896606445
-15.4436616897583
-26.079214096069336
-17.815486907958984
-18.238229751586914
-21.346460342407227
-14.689750671386719
-21.26373291015625
-22.19390296936035
-19.528249740600586
-19.78097152709961
-18.171812057495117
-17.853979110717773
-17.675397872924805
-20.33940887451172
-22.894142150878906
-22.900163650512695
-19.728351593017578
-19.60369300842285
-22.539161682128906
-15.046798706054688
-19.826675415039062
-19.647258758544922
-18.055761337280273
-25.65833854675293
-21.351919174194336
-19.19536781311035
-8.333236694335938
-16.48455238342285
-22.809736251831055
-15.216235160827637
-17.341154098510742
-18.998071670532227
-23.282413482666016
-14.293570518493652
-24.024938583374023
-15.90206527709961
-22.018997192382812
-18.34079933166504
-22.007322311401367
-21.609933853149414
-12.339605331420898
-21.17513656616211
-21.381465911865234
-23.275739669799805
-16.76377296447754
-24.560150146484375
-24.375200271606445
-18.475072860717773
-24.98029899597168
-26.28504180908203
-20.835784912109375
-13.005480766296387
-24.805950164794922
-18.43073844909668
-20.32765007019043
-20.272748947143555
-8.987646102905273
-20.858104705810547
-24.327856063842773
-20.89692497253418
-24.4564151763916
-18.604337692260742
-21.07268714904785
-14.26186752319336
-24.391284942626953
-21.37577247619629
-26.076120376586914
-25.00874137878418
-26.388185501098633
-22.80141258239746
-27.123220443725586
-22.932403564453125
-19.325258255004883
-24.682819366455078
-21.2888126373291
-25.58003044128418
-24.401124954223633
-16.56833267211914
-25.643491744995117
-23.76993179321289
-28.181947708129883
-19.217363357543945
-26.526857376098633
-19.311429977416992
-24.130226135253906
-27.049009323120117
-26.549373626708984
-22.656566619873047
-22.484403610229492
-22.182626724243164
-24.097843170166016
-22.900054931640625
-23.93570327758789
-23.14163589477539
-24.721158981323242
-18.64048194885254
-24.453739166259766
-26.505077362060547
-22.702194213867188
-13.083471298217773
-24.76453971862793
-25.34886360168457
-22.375158309936523
-20.519372940063477
-23.50943946838379
-20.65145492553711
-21.902488708496094
-16.885234832763672
-21.82506561279297
-2.7807064056396484
-19.60352325439453
-26.651212692260742
-15.539505004882812
-16.224056243896484
-27.034961700439453
-20.23949432373047
-21.953643798828125
-21.5666561126709
-24.185440063476562
-23.548540115356445
-25.313175201416016
-21.987321853637695
-27.219921112060547
-17.3354549407959
-18.888202667236328
-23.846290588378906
-16.941919326782227
-24.41082000732422
-16.20670509338379
-21.404132843017578
-19.9753360748291
-21.92976951599121
-25.31109619140625
-11.938522338867188
-23.587751388549805
-20.823884963989258
-21.181135177612305
-23.854633331298828
-27.440832138061523
-24.505475997924805
-24.874404907226562
-22.341981887817383
-21.68018341064453
15.54250431060791
-23.46610450744629
-26.26531219482422
-24.265644073486328
-23.128297805786133
-20.29570198059082
-16.966468811035156
-27.43674659729004
-18.096141815185547
-11.6972017288208
-20.9588565826416
-15.835920333862305
-26.009721755981445
-26.05939292907715
-30.753276824951172
-21.721538543701172
-25.187788009643555
-18.03475570678711
-22.42837905883789
-19.69053077697754
-19.514455795288086
-26.80144500732422
-22.59415626525879
-21.659894943237305
-22.423585891723633
-15.364294052124023
-28.062335968017578
-22.238677978515625
-22.200292587280273
-25.413570404052734
-23.669235229492188
-24.223817825317383
-20.253019332885742
-25.34405517578125
-21.693737030029297
-22.858736038208008
-23.34486961364746
-20.02412986755371
-20.032533645629883
-22.621488571166992
-20.88975715637207
-19.666948318481445
-17.865400314331055
-22.090368270874023
-24.085050582885742
-23.709556579589844
-25.750904083251953
-24.873210906982422
-20.072290420532227
-21.922746658325195
-28.550830841064453
-15.622169494628906
-22.423583984375
-19.821470260620117
-23.709217071533203
-27.09244155883789
-29.843231201171875
-27.293285369873047
-17.69605827331543
-24.880197525024414
-23.530811309814453
-22.897632598876953
-14.921751976013184
-20.06023597717285
-25.84910774230957
-24.14762306213379
-22.325946807861328
-25.6474666595459
-14.85132884979248
-21.505084991455078
-21.1522159576416
-27.95037078857422
-22.396587371826172
-24.0561466217041
-22.772117614746094
-19.651790618896484
-28.46133041381836
-26.426986694335938
-22.659181594848633
-15.863238334655762
-21.75296974182129
-23.18487548828125
-26.95672035217285
-20.5998592376709
-22.827608108520508
-24.071462631225586
-20.996461868286133
-20.675310134887695
-17.97213363647461
-22.944536209106445
-26.6197566986084
-18.43153190612793
-19.918479919433594
-19.324052810668945
-23.656436920166016
-16.218278884887695
-7.2074079513549805
-24.496601104736328
-18.97061538696289
-18.551910400390625
-25.862337112426758
-20.374095916748047
-18.588224411010742
-17.750120162963867
-22.101835250854492
-23.364707946777344
-25.26700210571289
-17.163442611694336
-26.918474197387695
-25.79743003845215
-23.637123107910156
-25.849105834960938
-21.645315170288086
-22.61066246032715
-24.433622360229492
-23.3214054107666
-24.246183395385742
-20.532747268676758
-24.85792350769043
-22.517065048217773
-26.83542251586914
-26.0695858001709
-24.482465744018555
-23.809598922729492
-23.384193420410156
-19.976200103759766
-25.286388397216797
-24.74893569946289
-27.93136215209961
-25.60982322692871
-18.583898544311523
-22.41800880432129
-18.40369987487793
-22.848039627075195
-19.40117645263672
-16.118566513061523
-22.942893981933594
-10.864335060119629
-25.233938217163086
-21.869291305541992
-28.265512466430664
-19.233930587768555
-25.277563095092773
-20.3629207611084
-17.45192527770996
-20.822179794311523
-22.389814376831055
-18.755603790283203
-23.010786056518555
-18.582534790039062
-23.26993179321289
-14.08198356628418
-27.773345947265625
-19.695531845092773
-23.787681579589844
-28.29527473449707
-26.989797592163086
-27.458662033081055
-20.601959228515625
-21.937196731567383
-21.489797592163086
-16.917224884033203
-18.6568603515625
-19.302824020385742
-17.388832092285156
-27.677715301513672
-23.8336124420166
-15.352484703063965
-23.48082160949707
-24.004802703857422
-28.907609939575195
-28.01724624633789
-20.665510177612305
-19.41836929321289
-25.315797805786133
-22.34161949157715
-21.858291625976562
-21.72776985168457
-24.522438049316406
-25.65869903564453
-25.768735885620117
-18.909255981445312
-22.4111385345459
-11.689900398254395
-21.108060836791992
-22.7298641204834
-22.257463455200195
-17.177600860595703
-15.196422576904297
-23.08991813659668
-22.523866653442383
-24.813861846923828
-24.98321533203125
-24.570186614990234
-27.719928741455078
-20.97964859008789
-24.506677627563477
-23.883371353149414
-23.97150230407715
-22.7077693939209
-21.34129524230957
-18.202638626098633
-11.735445976257324
-23.435951232910156
-22.091211318969727
-21.260482788085938
-19.728038787841797
-17.229433059692383
-22.058921813964844
-24.898237228393555
-24.335922241210938
-25.572362899780273
-21.613710403442383
-23.342252731323242
-24.960186004638672
-28.449296951293945
-28.386119842529297
-18.30819320678711
-19.831945419311523
-30.67888832092285
-23.87857437133789
-20.814498901367188
-22.40479850769043
-15.939493179321289
-19.517723083496094
-28.199674606323242
-28.817853927612305
-19.807464599609375
-25.805988311767578
-19.731460571289062
-28.232378005981445
-18.189899444580078
-27.414384841918945
-25.037717819213867
-22.518400192260742
-24.466001510620117
-22.71092414855957
-20.29910659790039
-18.925119400024414
-25.429380416870117
-25.143657684326172
-17.75560188293457
-24.999778747558594
-21.771167755126953
-21.644954681396484
-18.285959243774414
-24.153818130493164
-22.701738357543945
-19.47490692138672
-21.20501708984375
-28.84550666809082
-26.50391960144043
-23.094022750854492
-26.88718032836914
-18.9433536529541
-20.31114387512207
-27.304563522338867
-21.919771194458008
-21.347694396972656
-24.964391708374023
-24.390527725219727
-19.971811294555664
-24.762678146362305
-4.707892417907715
-17.99993133544922
-24.206499099731445
-20.004100799560547
-26.231870651245117
-20.787330627441406
-22.221668243408203
-22.55254554748535
-20.387598037719727
-21.329896926879883
-22.107486724853516
-19.95018196105957
-21.777057647705078
-23.621734619140625
-23.736736297607422
-20.76883316040039
-24.281869888305664
-23.573375701904297
-14.19782543182373
-23.048112869262695
-22.721946716308594
-22.35198402404785
-26.099788665771484
-23.800867080688477
-17.227523803710938
-27.5306396484375
-24.93263816833496
-16.931196212768555
-24.043975830078125
-20.930580139160156
-23.12384796142578
-25.321184158325195
-26.50792694091797
-25.965906143188477
-19.878782272338867
-17.895694732666016
-22.076719284057617
-19.836002349853516
-28.201902389526367
-23.64602279663086
-23.021570205688477
-22.57328987121582
-20.01800537109375
-19.597200393676758
-22.134021759033203
-16.878515243530273
-21.231361389160156
-19.189870834350586
-22.429590225219727
-23.21605110168457
-25.173006057739258
-23.989957809448242
-24.919239044189453
-15.010319709777832
-21.201597213745117
-20.883403778076172
-25.035228729248047
-24.437807083129883
-28.152286529541016
-16.3012638092041
-24.19645118713379
-17.782520294189453
-26.03363037109375
-21.547086715698242
-25.022674560546875
-21.650136947631836
-25.474550247192383
-27.44441032409668
-21.68654441833496
-20.52228355407715
-24.0003604888916
-22.439912796020508
-24.51735496520996
-21.249692916870117
-23.563671112060547
-22.442302703857422
-18.708337783813477
-14.849364280700684
-24.12396240234375
-25.281829833984375
-24.30503273010254
-25.306678771972656
-19.272724151611328
-14.25413990020752
-20.648225784301758
-23.870296478271484
-23.21307945251465
-15.779394149780273
-3.9009857177734375
-27.430652618408203
-18.342880249023438
-24.332468032836914
-20.69760513305664
-25.175519943237305
-19.919231414794922
-14.468786239624023
-25.564533233642578
-22.451904296875
-14.51296615600586
-18.055009841918945
-21.872957229614258
-23.347105026245117
-22.987247467041016
-23.683305740356445
-24.23943328857422
-26.24240493774414
-22.02529525756836
-23.96763038635254
-23.883230209350586
-15.400975227355957
-18.885955810546875
-17.568099975585938
-18.914052963256836
-25.975723266601562
-18.272348403930664
-25.74990463256836
-21.508392333984375
-21.151548385620117
-16.75653648376465
-21.329465866088867
-21.123716354370117
-22.62532615661621
-23.446062088012695
-27.083005905151367
-23.433347702026367
-22.703264236450195
-22.629098892211914
-26.215471267700195
-20.06915283203125
-19.28251838684082
-26.16939353942871
-20.397811889648438
-17.176877975463867
-24.3344669342041
-18.956493377685547
-24.970779418945312
-18.17160987854004
-27.019447326660156
-20.316499710083008
-23.326047897338867
-17.712718963623047
-22.328310012817383
-24.79621124267578
-23.825666427612305
-25.24288558959961
-21.632688522338867
-27.638166427612305
-18.312461853027344
-27.02203369140625
-23.359228134155273
-19.30911636352539
-19.364206314086914
-26.353866577148438
-24.49881362915039
-22.99515724182129
-23.457887649536133
-25.8972110748291
-21.24277114868164
-22.88230323791504
-24.189231872558594
-23.50971794128418
-22.153093338012695
-24.229021072387695
-19.036069869995117
-17.7659912109375
-24.66470718383789
-20.768798828125
-21.854101181030273
-20.834266662597656
-25.21529197692871
-18.024368286132812
-17.128639221191406
-28.362733840942383
-24.872297286987305
-12.194336891174316
-19.607635498046875
-16.904207229614258
-22.742734909057617
-19.25365447998047
-17.099430084228516
-22.73733901977539
-21.504440307617188
-23.011362075805664
-19.819700241088867
-20.684410095214844
-22.808456420898438
-22.3459529876709
-20.385957717895508
-20.69965362548828
-19.33342170715332
-26.597326278686523
-16.995729446411133
-23.27950096130371
-26.826093673706055
-24.838735580444336
-23.153289794921875
-23.66965103149414
-20.198463439941406
-22.15550994873047
-26.05687713623047
-23.754819869995117
-21.339584350585938
-21.1186466217041
-26.27983283996582
-19.37805938720703
-25.77377700805664
-11.416094779968262
-22.42249298095703
-22.783077239990234
-18.80392837524414
-21.12310791015625
-21.552114486694336
-24.366195678710938
-16.520183563232422
-22.784156799316406
-30.5838565826416
-20.294189453125
-23.51801300048828
-24.477285385131836
-14.470735549926758
-13.438498497009277
-24.491060256958008
-22.884960174560547
-23.865272521972656
-23.822031021118164
-26.670719146728516
-21.485143661499023
-23.984529495239258
-22.974651336669922
-25.956466674804688
-21.118988037109375
-21.861799240112305
-23.677656173706055
-21.321605682373047
-14.871508598327637
-15.835283279418945
-22.098987579345703
-22.736164093017578
-22.871660232543945
-24.863313674926758
-23.18349266052246
-24.638477325439453
-22.239410400390625
-22.348691940307617
-18.192411422729492
-22.38612174987793
-24.67715835571289
-20.469337463378906
-23.256189346313477
-24.560049057006836
-20.607675552368164
-26.81236457824707
-24.06850242614746
-19.013185501098633
-22.27311134338379
-18.212478637695312
-17.36591911315918
-27.31854248046875
-25.617591857910156
-17.05117416381836
-24.35431480407715
-17.957534790039062
-17.504987716674805
-23.6422176361084
-20.167985916137695
-20.581134796142578
-24.23894500732422
-17.33616828918457
-22.301210403442383
-25.21245765686035
-15.944703102111816
-25.96550941467285
-25.436931610107422
-10.959264755249023
-21.615758895874023
-28.5390567779541
-20.468481063842773
-21.438894271850586
-14.674220085144043
-22.56402587890625
-15.414762496948242
-30.34571647644043
-20.346847534179688
-24.20970344543457
-22.66131019592285
-19.109498977661133
-19.751327514648438
-24.0643253326416
-25.630516052246094
-23.891767501831055
-16.690908432006836
-26.07307243347168
-17.30387306213379
-24.637998580932617
-23.780065536499023
-22.465259552001953
-26.24860954284668
-23.62196922302246
-24.157411575317383
-18.413259506225586
-6.950530052185059
-23.1746883392334
-23.816476821899414
-25.755048751831055
-19.35831069946289
-20.26871681213379
-19.895034790039062
-20.55259895324707
-18.772275924682617
-19.714548110961914
-24.36841583251953
-21.03624725341797
-25.573837280273438
-23.01491355895996
-22.97641372680664
-11.868804931640625
-24.668498992919922
-22.458913803100586
-22.219947814941406
-21.298242568969727
-24.49976348876953
-20.84528160095215
-21.859956741333008
-19.71861457824707
-24.637516021728516
-18.24881935119629
-19.890405654907227
-25.56507682800293
-21.242183685302734
-27.45261573791504
-20.906381607055664
-19.375667572021484
-19.030160903930664
-23.16331672668457
-15.019671440124512
-24.870458602905273
-22.634864807128906
-27.88409996032715
-19.735261917114258
-20.440532684326172
-25.469539642333984
-31.450483322143555
-23.630334854125977
-22.157407760620117
-25.399337768554688
-16.445436477661133
-24.2386474609375
-20.833703994750977
-21.62125587463379
-12.077337265014648
-19.621278762817383
-23.284122467041016
-25.54730224609375
-21.8682804107666
-20.346296310424805
-20.680561065673828
-26.297243118286133
-21.258621215820312
-23.6992130279541
-23.221820831298828
-21.538841247558594
-21.85343360900879
-25.21319580078125
-17.79469871520996
-22.7272891998291
-16.630659103393555
-21.62662696838379
-14.420586585998535
-24.67207145690918
-20.400156021118164
-25.09505844116211
-16.046194076538086
-11.695915222167969
-21.368122100830078
-26.4998836517334
-28.06788444519043
-23.16608238220215
-21.69567108154297
-19.197599411010742
-22.305143356323242
-20.097837448120117
-14.196335792541504
-22.897789001464844
-22.838884353637695
-20.737539291381836
-27.957746505737305
-18.60515785217285
-25.555376052856445
-17.626976013183594
-23.658658981323242
-24.875131607055664
-23.759714126586914
-18.603036880493164
-28.008668899536133
-16.278076171875
-19.57683753967285
-22.407337188720703
-22.504667282104492
-20.13888168334961
-15.546112060546875
-22.184852600097656
-18.43076515197754
-22.618797302246094
-20.68174934387207
-24.934825897216797
-23.475210189819336
-27.224061965942383
-23.46415901184082
-20.977720260620117
-19.78440284729004
-18.794694900512695
-17.51500129699707
-19.223852157592773
-19.934415817260742
-20.699569702148438
-21.626365661621094
-23.496484756469727
-19.782367706298828
-16.099061965942383
-23.43234634399414
-23.313819885253906
-23.212852478027344
-20.919010162353516
-25.122846603393555
-18.18878173828125
-20.3116397857666
-23.155004501342773
-24.366941452026367
-25.870485305786133
-14.726335525512695
-23.399755477905273
-16.457822799682617
-26.586307525634766
-23.574962615966797
-27.006206512451172
-24.60175132751465
-15.004968643188477
-27.969511032104492
-19.814424514770508
-24.9753360748291
-22.42413330078125
-23.44153594970703
-25.124479293823242
-20.635591506958008
-22.561128616333008
-24.180692672729492
-18.07804298400879
-27.978235244750977
-15.173524856567383
-21.103782653808594
-22.076618194580078
-21.865232467651367
-22.006032943725586
-26.41654396057129
-20.844993591308594
-19.234872817993164
-19.212411880493164
-16.455307006835938
-19.583152770996094
-25.415544509887695
-28.7182559967041
-24.17506217956543
-17.04129409790039
-23.864341735839844
-17.72517967224121
-17.677236557006836
-19.59398078918457
-27.21523666381836
-16.137895584106445
-21.232315063476562
-21.175193786621094
-22.351119995117188
-20.882549285888672
-21.35955047607422
-22.53821563720703
-25.106801986694336
-20.88873863220215
-19.50680160522461
-21.206897735595703
-22.82768440246582
-28.45291519165039
-26.50990104675293
-20.49275016784668
-22.34284019470215
-24.284095764160156
-24.41634750366211
-25.814144134521484
-18.68604278564453
-14.963798522949219
-23.019731521606445
-23.583520889282227
-22.932828903198242
-22.394914627075195
-18.49713706970215
-23.381677627563477
-24.481552124023438
-20.918630599975586
-18.598886489868164
-24.530376434326172
-23.89798927307129
-20.717010498046875
-23.76576042175293
-21.070329666137695
-25.01389503479004
-22.778860092163086
-17.656579971313477
-18.634082794189453
-21.384868621826172
-22.934770584106445
-20.0692081451416
-20.16570472717285
-20.015222549438477
-18.956298828125
-21.469526290893555
-19.37510108947754
-25.4072322845459
-23.583023071289062
-20.447946548461914
-23.937959671020508
-22.420608520507812
-20.880163192749023
-23.684263229370117
-21.10158348083496
-23.467987060546875
-26.52555274963379
-26.40830421447754
-17.94263458251953
-22.351375579833984
-16.339366912841797
-12.4347505569458
-20.655120849609375
-22.83350944519043
-24.08983612060547
-22.550819396972656
-23.296337127685547
-17.595760345458984
-18.685300827026367
-25.430856704711914
-24.413246154785156
-28.222625732421875
-23.603551864624023
-26.432754516601562
-23.490427017211914
-23.425806045532227
-13.39924144744873
-28.88304328918457
-25.00771141052246
-26.664352416992188
-24.725107192993164
-11.660840034484863
-22.88063621520996
-24.801877975463867
-18.676542282104492
-26.48866081237793
-21.199235916137695
-13.096195220947266
-22.194887161254883
-18.97518539428711
-23.103193283081055
-23.889812469482422
-18.090301513671875
-11.043121337890625
-21.102397918701172
-22.545686721801758
-19.534448623657227
-20.834012985229492
-25.140817642211914
-25.93172264099121
-23.51491928100586
-21.243671417236328
-20.106964111328125
-20.0757999420166
-20.117389678955078
-26.659217834472656
-22.18454360961914
-17.232585906982422
-21.40953254699707
-9.075878143310547
-23.793909072875977
-14.961616516113281
-25.094505310058594
-28.464279174804688
-22.665546417236328
-24.820613861083984
-24.361278533935547
-17.04168128967285
-24.146421432495117
-21.92207145690918
-22.34217071533203
-19.648677825927734
-21.629697799682617
-26.792516708374023
-22.63667106628418
-24.229412078857422
-20.99764633178711
-18.611534118652344
-23.9387149810791
-25.020784378051758
-24.160442352294922
-24.38372039794922
-19.781944274902344
-25.8996524810791
-24.195053100585938
-25.336584091186523
-14.721807479858398
-24.532312393188477
-25.827247619628906
-11.738996505737305
-12.41584587097168
-24.451702117919922
-18.3278865814209
-18.736589431762695
-27.490520477294922
-24.469146728515625
-21.057659149169922
-26.209829330444336
-22.781034469604492
-22.812824249267578
-24.100141525268555
-7.565362930297852
-22.805221557617188
-23.445531845092773
-23.66646957397461
-24.84527015686035
-13.45799446105957
-24.23349952697754
-20.136417388916016
-18.57486343383789
-24.293609619140625
-21.9957275390625
-10.483049392700195
-20.606094360351562
-17.214147567749023
-26.45136833190918
-23.403350830078125
-20.404428482055664
-21.928726196289062
