-27.99696159362793
-15.83592414855957
-18.719131469726562
-17.73738670349121
-18.54104995727539
-13.142651557922363
-12.997751235961914
-20.28537368774414
-20.867843627929688
-25.490737915039062
-7.2066650390625
-22.562557220458984
-13.289116859436035
-22.08739471435547
-19.112024307250977
-19.21993064880371
-17.081018447875977
-22.525264739990234
-10.372838973999023
-29.188892364501953
-20.510616302490234
-19.840391159057617
14.396309852600098
-9.83046817779541
-27.12679672241211
-11.405688285827637
-18.64330291748047
-4.049976825714111
-16.22044563293457
-21.417369842529297
-15.708165168762207
-16.32857322692871
-21.022926330566406
-10.765300750732422
-14.317328453063965
-19.563983917236328
-25.946613311767578
-16.691682815551758
-20.04228401184082
-12.997298240661621
-23.56870460510254
-7.67039680480957
-18.66132354736328
-20.607666015625
-10.828322410583496
-14.570406913757324
-20.266315460205078
-18.682939529418945
-21.05520248413086
-9.502760887145996
-10.081929206848145
-15.377876281738281
-9.349120140075684
-23.718894958496094
-18.164201736450195
-11.705080032348633
-20.2258358001709
-12.759385108947754
-8.446952819824219
-20.45964813232422
-13.516446113586426
-17.340482711791992
-16.472856521606445
-36.46337890625
-19.628252029418945
-6.82125997543335
-20.211912155151367
-19.199113845825195
-6.151805877685547
-10.216986656188965
-25.775949478149414
-21.7508487701416
-26.17120361328125
-9.49300479888916
-21.360586166381836
-2.4392752647399902
-12.673479080200195
-20.05055046081543
-13.097447395324707
-15.714996337890625
-13.534616470336914
-18.592674255371094
-17.534013748168945
-18.995849609375
-16.930082321166992
-22.082141876220703
-7.374271869659424
-17.94542694091797
-17.468631744384766
-10.28343677520752
-19.247760772705078
-4.9679999351501465
-13.758049011230469
-22.908763885498047
-1.887069582939148
-4.365572452545166
-14.165631294250488
-14.037118911743164
-17.447452545166016
-15.203529357910156
1.1010726690292358
-26.988475799560547
-21.95163345336914
-20.003250122070312
-15.41046142578125
-18.961414337158203
-20.82362174987793
-8.815710067749023
-25.580284118652344
-25.33955955505371
-13.622307777404785
-4.5206170082092285
-20.701953887939453
-25.080904006958008
-21.881994247436523
-21.806997299194336
-15.148900032043457
-20.10248565673828
-25.7720947265625
-22.978588104248047
-15.378667831420898
-16.919754028320312
-15.205925941467285
-18.837404251098633
-11.27918529510498
-24.746599197387695
-21.7025146484375
-15.744287490844727
-23.004779815673828
-11.052276611328125
-15.1056489944458
-26.12594223022461
0.053631462156772614
-16.537452697753906
6.226759433746338
-19.56461524963379
-23.96519660949707
-21.602828979492188
-15.639246940612793
-15.505121231079102
-24.08237075805664
-18.956764221191406
-27.901395797729492
-23.438100814819336
-9.9301176071167
-15.992605209350586
-14.539913177490234
-10.861364364624023
-25.15114974975586
-18.75849151611328
-15.52534294128418
-24.898862838745117
-14.305464744567871
-7.501103401184082
-19.63144302368164
-17.66855239868164
-29.34072494506836
-1.689712405204773
-5.9845476150512695
-7.448118209838867
-4.629364490509033
-15.230459213256836
-16.3313045501709
-17.508052825927734
-16.277368545532227
-3.8584368228912354
-17.36281967163086
-12.245665550231934
-8.042685508728027
-32.1926155090332
-11.31859016418457
-22.989667892456055
-17.46453857421875
-20.780881881713867
-25.269575119018555
-22.84740447998047
-19.884784698486328
-21.373065948486328
-17.219528198242188
-26.24869728088379
-18.554279327392578
3.729328155517578
-19.691387176513672
-26.719432830810547
-25.367727279663086
-3.5186619758605957
-23.369138717651367
-17.63035774230957
-8.802651405334473
-24.179235458374023
-6.340090274810791
-13.162028312683105
-19.674896240234375
-16.92626953125
-4.975706577301025
-17.950973510742188
-17.82447052001953
-16.51551055908203
-15.006671905517578
-26.688995361328125
-20.453996658325195
-0.6992053389549255
-5.58131742477417
-16.311872482299805
-11.062688827514648
-14.738842010498047
-7.311967372894287
-20.378808975219727
-17.016897201538086
-19.706253051757812
-10.28701114654541
-21.560142517089844
-20.65782928466797
-19.821422576904297
-7.665821075439453
-8.234784126281738
-25.279735565185547
-20.794456481933594
-2.11338210105896
-23.78692054748535
-12.377017974853516
-14.68953800201416
-21.710372924804688
-26.025897979736328
-6.897731304168701
-8.549727439880371
-16.803672790527344
-21.048723220825195
-14.891571044921875
-11.938444137573242
-14.17328929901123
0.4245091378688812
-31.226160049438477
-26.572412490844727
-5.825314044952393
-13.788033485412598
-17.35553741455078
-24.157154083251953
-27.71417236328125
-14.584535598754883
-22.682270050048828
-8.6001558303833
0.21564607322216034
-19.832080841064453
-23.473388671875
-11.536144256591797
-7.92841100692749
-27.010583877563477
-17.060012817382812
-27.54766845703125
-8.082243919372559
-19.173770904541016
-23.154769897460938
-13.84425163269043
-20.780208587646484
-24.50083351135254
-20.851829528808594
-12.1907958984375
-8.184834480285645
-20.611129760742188
-24.065250396728516
-7.053284168243408
-10.6652193069458
-13.035268783569336
-18.753149032592773
-12.409900665283203
-22.580142974853516
-25.48715591430664
-15.590681076049805
-12.849085807800293
-9.504656791687012
-14.124462127685547
-14.413753509521484
-22.103979110717773
-14.216535568237305
-22.22129249572754
-24.785158157348633
-14.889119148254395
-15.056219100952148
-9.172053337097168
-26.749561309814453
-17.804080963134766
-27.63583755493164
-11.860006332397461
-29.685596466064453
-25.081043243408203
-1.5173850059509277
-22.75197982788086
4.8637189865112305
-17.607776641845703
-30.337114334106445
-26.882442474365234
-9.292765617370605
-23.865985870361328
-19.556983947753906
-4.75032377243042
-17.211772918701172
-8.904465675354004
-12.717290878295898
-16.434436798095703
-9.883929252624512
5.527158737182617
-10.586409568786621
-16.98687744140625
-8.59561538696289
-6.781615734100342
-21.637088775634766
-24.824115753173828
-0.013578556478023529
-21.815431594848633
-23.718494415283203
-14.191046714782715
-26.383590698242188
-18.997278213500977
-21.114356994628906
-24.45269775390625
-11.982829093933105
-9.948579788208008
-21.955425262451172
-23.02464485168457
-16.880857467651367
-21.969987869262695
-26.280263900756836
-9.161500930786133
-4.990950107574463
-27.670988082885742
-16.794574737548828
-4.962070941925049
-18.708833694458008
-13.000760078430176
-24.18814468383789
-23.44176483154297
-27.544160842895508
-9.531181335449219
-15.190340042114258
-6.172353267669678
-17.201576232910156
-11.644267082214355
-24.400087356567383
-20.824121475219727
-19.002185821533203
-17.36092185974121
-6.924300670623779
-12.054499626159668
-9.8171968460083
1.4032872915267944
-20.75647735595703
-16.848825454711914
-21.797372817993164
-14.93431568145752
-16.620893478393555
-10.066888809204102
-21.057113647460938
-22.861421585083008
-5.803638935089111
-28.567203521728516
-4.915177345275879
-23.304786682128906
-12.742335319519043
-17.495437622070312
-1.567625641822815
-5.254135608673096
-8.654794692993164
-16.818696975708008
-11.121379852294922
-31.436553955078125
-18.037425994873047
2.0085930824279785
-0.677189290523529
-1.8429616689682007
-10.175777435302734
-22.459705352783203
-20.82007598876953
-12.40834903717041
-6.633944988250732
-15.454121589660645
-21.143903732299805
9.342984199523926
-25.258901596069336
-13.514598846435547
-10.438709259033203
-11.263566970825195
-18.664161682128906
-9.045846939086914
-18.045759201049805
-25.912996292114258
-18.92036247253418
-20.14659881591797
-18.852205276489258
5.551430702209473
-12.057968139648438
-11.635899543762207
-20.042312622070312
-7.600544452667236
-25.20868682861328
-11.536185264587402
-14.947701454162598
-11.588172912597656
-9.266020774841309
-21.6784610748291
-15.324902534484863
-22.95585823059082
-21.28159523010254
13.978492736816406
-25.63173484802246
-19.399349212646484
-30.77923583984375
-6.615337371826172
-19.77120018005371
-13.840867042541504
-19.65463638305664
-4.408523082733154
-23.704233169555664
-20.85076904296875
-21.730791091918945
-18.718050003051758
-8.31957721710205
-11.988914489746094
1.0270682573318481
-7.942188739776611
1.1431463956832886
-18.677885055541992
-16.04398536682129
-22.94521713256836
-16.299623489379883
-5.971547603607178
-16.593040466308594
-22.14397621154785
-22.54426383972168
-10.820172309875488
-13.551522254943848
-21.146713256835938
-13.32928466796875
-20.605777740478516
-13.866365432739258
-16.437376022338867
-18.023569107055664
1.9905900955200195
-12.021402359008789
-21.685049057006836
-19.470783233642578
7.606044769287109
-5.1535725593566895
-12.158061981201172
-12.564005851745605
-19.12203025817871
-19.260705947875977
1.436328411102295
-17.363235473632812
-13.99460220336914
-29.376588821411133
-17.289175033569336
-21.153839111328125
-23.583253860473633
-25.907833099365234
-14.685853958129883
-13.00304889678955
-25.62919807434082
-14.051016807556152
-13.262114524841309
-12.603994369506836
-19.08970069885254
-23.7863712310791
-14.484509468078613
-24.108993530273438
-14.227641105651855
-18.324918746948242
-13.423480033874512
-23.45673942565918
-22.121057510375977
-19.365524291992188
-16.211889266967773
-10.727171897888184
-19.254940032958984
-14.563680648803711
-29.988927841186523
-19.166793823242188
2.218817949295044
-24.022687911987305
-28.988006591796875
-21.445865631103516
-29.504974365234375
-21.04839515686035
-3.4721717834472656
-17.268857955932617
-16.555538177490234
-16.107877731323242
-12.549362182617188
-22.518049240112305
-21.237810134887695
-3.8511507511138916
-9.195818901062012
-21.17934226989746
-18.752418518066406
-2.3296608924865723
-16.926616668701172
-14.341214179992676
-16.30869483947754
-24.811908721923828
-18.215190887451172
-21.5183162689209
-13.140055656433105
-9.475719451904297
0.22728030383586884
-12.301444053649902
-27.93178367614746
-17.650747299194336
-21.231292724609375
-12.57588005065918
-30.81233024597168
-13.858583450317383
-16.487810134887695
-18.327613830566406
-24.89265251159668
-12.525135040283203
-21.72920036315918
-17.56562042236328
-22.65265655517578
-20.729141235351562
-20.741016387939453
-12.607659339904785
-4.59220552444458
-26.560407638549805
-14.834223747253418
-5.303023815155029
-0.21207614243030548
-16.65485382080078
-13.456965446472168
-20.194812774658203
-28.765045166015625
-16.656082153320312
-20.277427673339844
-8.610885620117188
-24.14129066467285
-24.805015563964844
-17.0023193359375
-9.324399948120117
-22.996475219726562
-21.57280731201172
-17.811687469482422
-26.13279914855957
-27.48253059387207
-26.12004852294922
-18.56097984313965
-15.022581100463867
-14.52829647064209
-10.517230987548828
-18.214799880981445
-15.050576210021973
-23.32876205444336
-22.55561065673828
-11.964495658874512
-17.993627548217773
-20.38806915283203
-16.175430297851562
-19.372997283935547
-25.366430282592773
-16.44557762145996
-21.186452865600586
-5.30070686340332
10.495064735412598
-11.01865005493164
-21.739877700805664
-13.930610656738281
-13.75694465637207
-16.458314895629883
-18.551122665405273
-30.042020797729492
-22.36249542236328
-21.090560913085938
-20.989154815673828
-14.176738739013672
-21.414243698120117
-11.375129699707031
-7.894947528839111
-7.317116737365723
-19.070432662963867
-24.517881393432617
-13.04721450805664
-20.40030288696289
-22.168306350708008
-33.802711486816406
-14.210969924926758
-11.808418273925781
-16.251876831054688
-12.43739128112793
-5.16220235824585
-17.853275299072266
-14.488682746887207
3.062274217605591
-16.721603393554688
-17.24480438232422
-16.73492431640625
-5.0115790367126465
-21.611509323120117
-13.141311645507812
1.3203727006912231
-17.277481079101562
-22.231287002563477
-24.117448806762695
-11.738655090332031
-18.47277069091797
-14.609694480895996
-26.664104461669922
-16.754398345947266
-20.573184967041016
-15.300339698791504
-19.10167121887207
-16.641050338745117
-20.21907615661621
-12.446537971496582
-8.120514869689941
-18.23579978942871
-21.729663848876953
-20.68974494934082
-20.43552589416504
-1.1315823793411255
-17.922868728637695
-15.87745189666748
-8.097953796386719
-22.443708419799805
-8.931428909301758
-8.174742698669434
-11.537562370300293
-27.433530807495117
-23.329483032226562
-23.71461296081543
-8.951336860656738
-11.13022232055664
-5.405088424682617
-16.325353622436523
-10.348115921020508
-19.086198806762695
-16.26776885986328
-28.677024841308594
-15.266178131103516
-14.101950645446777
-8.176851272583008
-20.26738166809082
-19.983699798583984
-22.118803024291992
-13.220126152038574
-13.715250968933105
-27.83917808532715
-6.32423210144043
-23.776187896728516
-16.407222747802734
-14.335533142089844
-27.58866310119629
-23.98581886291504
-15.434097290039062
-13.364899635314941
-24.333614349365234
-25.095346450805664
-10.765507698059082
-6.578819274902344
-19.477046966552734
-23.601974487304688
-19.97357177734375
-20.375965118408203
-11.52501106262207
-24.655027389526367
-12.21339225769043
-17.513994216918945
-21.590740203857422
-7.954999923706055
-13.401952743530273
-3.001767158508301
-24.97577476501465
-15.630985260009766
-18.370826721191406
-20.755979537963867
-3.96010160446167
-9.348481178283691
-12.176860809326172
-15.994651794433594
-8.91859245300293
-6.250960350036621
-19.436399459838867
-23.836807250976562
-30.21240997314453
-16.89314079284668
-13.503240585327148
-21.75727081298828
-21.697805404663086
-11.821081161499023
-25.598623275756836
-24.187816619873047
-15.209779739379883
-26.178672790527344
-7.3745436668396
-16.008060455322266
-22.789247512817383
-18.22873878479004
-18.0076904296875
-23.123519897460938
-24.00654411315918
-6.776078701019287
-13.011382102966309
-17.59674644470215
-16.1186466217041
-22.631032943725586
-17.778629302978516
-12.59401798248291
-14.584485054016113
-15.602022171020508
-6.344460964202881
-18.511890411376953
-24.209033966064453
-16.358966827392578
-13.291267395019531
-18.9291934967041
1.0819861888885498
-22.305187225341797
-17.973674774169922
-14.60494613647461
-26.2291259765625
-16.12989616394043
-25.93599510192871
-18.332836151123047
-17.122352600097656
-4.078709602355957
-21.53850555419922
-17.197010040283203
-15.50964069366455
-22.71917724609375
-14.90554428100586
-21.304737091064453
-22.70458221435547
-19.539350509643555
-16.626216888427734
-15.11900520324707
-28.1263427734375
-29.9038028717041
-12.585369110107422
-20.42151641845703
-27.141590118408203
-9.285798072814941
-24.18780517578125
-19.113983154296875
-11.594523429870605
-12.354808807373047
-14.0396728515625
-20.108436584472656
-15.150388717651367
-5.156646728515625
-9.672708511352539
-24.02589225769043
-23.358604431152344
-17.853073120117188
-9.785752296447754
-14.716782569885254
-23.68544578552246
-15.321022987365723
-20.410341262817383
-25.653491973876953
-3.2164108753204346
-15.086691856384277
-16.10433578491211
-18.823894500732422
-15.88089370727539
-19.69002342224121
-21.448299407958984
-16.148921966552734
-17.64375114440918
1.0933581590652466
-18.146047592163086
-23.45083236694336
-17.90321159362793
2.8291401863098145
-4.838871955871582
-19.76447296142578
-5.826913356781006
-4.1885294914245605
-27.626035690307617
-17.44137954711914
-23.46569061279297
-10.41275405883789
-9.198083877563477
-9.146161079406738
-6.167151927947998
-19.276805877685547
-10.720939636230469
-20.38038444519043
-15.968381881713867
-18.63475799560547
-25.2110538482666
-20.135852813720703
-16.080768585205078
-9.960886001586914
-18.44280242919922
-16.95417022705078
-2.075800657272339
-13.920125007629395
-15.65834903717041
-19.980304718017578
-16.82868194580078
-13.794612884521484
-19.53959083557129
-1.9599634408950806
-20.234989166259766
-21.420827865600586
-8.917058944702148
-21.46578598022461
-10.565869331359863
-11.330389976501465
-9.193601608276367
-22.278518676757812
-14.568938255310059
-26.021512985229492
-20.988126754760742
-27.430757522583008
-26.330236434936523
-24.207897186279297
-23.526729583740234
-25.330821990966797
-12.894658088684082
-17.017690658569336
-17.947589874267578
-15.60280990600586
-15.517373085021973
-26.83310317993164
-13.684464454650879
-27.628948211669922
-4.710345268249512
-16.115428924560547
-15.818659782409668
-20.019317626953125
-11.491911888122559
-12.9572114944458
-17.192472457885742
-12.59463882446289
-9.577547073364258
-16.176979064941406
-17.938385009765625
-25.058334350585938
-13.403220176696777
-25.039113998413086
-22.25225257873535
-21.07237434387207
-20.575000762939453
-14.362628936767578
-23.1080379486084
-12.711944580078125
-17.627822875976562
-3.782069206237793
-21.645889282226562
-22.95348358154297
5.1022491455078125
-18.32415199279785
-16.328784942626953
-17.040496826171875
-23.508955001831055
-21.60740089416504
-14.19598388671875
-19.321041107177734
-22.326536178588867
-27.86945343017578
-15.36483383178711
-10.200053215026855
-21.439077377319336
-27.769786834716797
-19.388450622558594
-14.679354667663574
-30.4645938873291
-13.1829252243042
-16.81662940979004
-20.15392303466797
-3.792478322982788
-15.542948722839355
-13.102069854736328
-10.533391952514648
-19.528392791748047
-20.08220100402832
-7.176938533782959
-26.278779983520508
-18.444929122924805
-17.836875915527344
-20.22574234008789
-25.186153411865234
-15.005717277526855
-6.675545692443848
-16.872541427612305
-16.35637664794922
-16.861900329589844
-7.702567100524902
-25.58312225341797
-13.133004188537598
-14.766490936279297
-15.713935852050781
-21.05593490600586
-12.568443298339844
-24.23544692993164
-18.11186981201172
-21.738439559936523
0.2794758975505829
-9.522797584533691
-16.14090347290039
-23.789661407470703
-23.619741439819336
-16.88912010192871
-10.195016860961914
-13.5780611038208
-16.410097122192383
-21.422243118286133
-7.848254680633545
-23.466463088989258
-19.9478702545166
-15.325920104980469
-5.743020057678223
-19.435096740722656
-19.214195251464844
-15.397109031677246
-17.999616622924805
-10.67052173614502
-23.671154022216797
-22.955650329589844
-13.008069038391113
-22.082231521606445
-11.715105056762695
-11.443224906921387
-20.22393226623535
-13.242650985717773
-16.70532989501953
-17.114837646484375
-16.80034065246582
-13.160597801208496
-16.098604202270508
-23.30668830871582
-18.219928741455078
-28.702030181884766
-8.157349586486816
-26.60969352722168
-20.304264068603516
-8.37543773651123
-9.348529815673828
-19.598777770996094
-18.77804946899414
-21.947965621948242
-21.23080825805664
-23.015275955200195
-18.136978149414062
-20.45521354675293
-8.362932205200195
-4.625128269195557
-22.233869552612305
-15.618648529052734
-29.783824920654297
-21.56595230102539
-26.981937408447266
-16.210405349731445
-13.98237419128418
-20.24643325805664
-11.199250221252441
-25.18698501586914
-23.568016052246094
-20.882612228393555
-20.736244201660156
-24.638500213623047
-18.76436996459961
-18.531946182250977
-9.257363319396973
-12.545000076293945
-14.72127628326416
-24.46645736694336
-16.481746673583984
-25.71236801147461
-20.22826385498047
-21.389455795288086
-22.295190811157227
-25.058603286743164
-13.492209434509277
-25.714324951171875
-7.852294921875
-15.590086936950684
-11.40963077545166
-25.066490173339844
-24.449905395507812
-15.597563743591309
-7.847268581390381
-12.686665534973145
-9.172554016113281
-21.06972885131836
-24.562910079956055
-11.170086860656738
-22.486570358276367
-21.34663200378418
-24.9722843170166
-24.696701049804688
-24.81562614440918
-29.43703269958496
-26.248781204223633
-20.632793426513672
-15.19257926940918
-24.16227912902832
-25.360157012939453
-24.924339294433594
-31.969165802001953
-28.796659469604492
-28.437164306640625
-22.36216163635254
-22.906373977661133
-18.81076431274414
-23.18733787536621
-20.167015075683594
-11.023659706115723
-23.785978317260742
-21.594623565673828
-28.829444885253906
-30.431718826293945
-24.103229522705078
-7.242677688598633
-18.6257381439209
-21.979000091552734
-7.939101219177246
-31.217737197875977
-26.52722930908203
-29.22713279724121
-24.745487213134766
-25.367313385009766
-26.408544540405273
-20.52834129333496
-30.344329833984375
-25.620460510253906
-22.898967742919922
-26.88024139404297
-21.822301864624023
-31.513303756713867
-24.392004013061523
-31.644916534423828
-17.91197967529297
-28.61503791809082
-20.974529266357422
-19.939409255981445
-22.643949508666992
-25.047475814819336
-16.808574676513672
-23.02313804626465
-9.310688972473145
-32.24578857421875
-20.59754753112793
-30.84246826171875
-29.82490348815918
-20.34079360961914
-11.70716381072998
-23.848674774169922
-33.23637008666992
-20.851131439208984
-18.358400344848633
-23.135074615478516
-32.11835479736328
-24.38102149963379
-17.421598434448242
-24.263954162597656
-28.89339256286621
-23.385223388671875
-14.026399612426758
-18.690793991088867
-23.837190628051758
-20.72981834411621
-26.218944549560547
-12.168437957763672
-21.055408477783203
-30.36159324645996
-27.782684326171875
-21.355070114135742
-26.480010986328125
-27.578683853149414
-31.432764053344727
-25.423377990722656
-23.683494567871094
-26.122615814208984
-19.400876998901367
-21.995895385742188
-29.68868064880371
-31.493894577026367
-17.71746826171875
-14.144577026367188
-23.996004104614258
-23.77873992919922
-23.034053802490234
-25.554481506347656
-17.694217681884766
-27.13784408569336
-25.699621200561523
-28.891530990600586
-24.10369300842285
-28.9970645904541
-29.715415954589844
-27.666332244873047
-27.334091186523438
-25.251951217651367
1.9735342264175415
-29.673887252807617
-18.515853881835938
-20.89732551574707
-27.394323348999023
-29.48442840576172
-21.40298843383789
-36.803340911865234
-21.93560791015625
-10.382800102233887
-19.129941940307617
-17.880653381347656
-24.45760726928711
-21.349628448486328
-31.6519718170166
-21.07503890991211
-29.31624412536621
-16.931804656982422
-22.193681716918945
-24.274301528930664
-14.600018501281738
-29.0826473236084
-19.64450454711914
-27.614809036254883
-19.112092971801758
-19.189716339111328
-32.71885681152344
-12.81491756439209
-20.671775817871094
-26.69510841369629
-11.69558334350586
-25.710025787353516
-20.295337677001953
-24.9068660736084
-22.353534698486328
-27.52621841430664
-26.539833068847656
-20.722414016723633
-27.438234329223633
-35.98289108276367
-13.633155822753906
-24.137659072875977
-10.371444702148438
-25.300296783447266
-25.3710994720459
-19.852880477905273
-27.866378784179688
-26.553274154663086
-23.782991409301758
-19.410125732421875
-25.329450607299805
-10.117464065551758
-24.892528533935547
-20.99549674987793
-24.883623123168945
-28.445356369018555
-36.76396179199219
-29.03618812561035
-21.14434814453125
-24.414655685424805
-25.9937744140625
-19.192729949951172
-18.86932373046875
-19.491952896118164
-13.594047546386719
-29.414962768554688
-22.421581268310547
-31.765384674072266
-17.318286895751953
-17.10964584350586
-16.994266510009766
-31.703874588012695
-20.109468460083008
-31.853851318359375
-18.834827423095703
-19.164535522460938
-31.25592041015625
-34.223243713378906
-28.251070022583008
-26.69244956970215
-29.09116554260254
-23.716049194335938
-29.110088348388672
-24.908735275268555
-26.025094985961914
-30.022602081298828
-15.398534774780273
-26.132307052612305
-19.29490852355957
-19.2020206451416
-31.769123077392578
-21.80949592590332
-21.241762161254883
-26.894428253173828
-22.80517578125
-20.826679229736328
-16.603055953979492
-21.138160705566406
-16.241273880004883
-20.241483688354492
-30.382930755615234
-29.731712341308594
-19.270275115966797
-23.626663208007812
-31.355024337768555
-24.540199279785156
-28.523958206176758
-20.077280044555664
-22.429229736328125
-23.57984733581543
-21.945695877075195
-31.063350677490234
-18.92965316772461
-26.841259002685547
-26.78998565673828
-15.542609214782715
-18.41374969482422
-24.36738395690918
-29.16739273071289
-27.7696475982666
-33.096317291259766
-25.735870361328125
-26.746448516845703
-24.74515151977539
-27.018508911132812
-18.822351455688477
-28.269018173217773
-28.450782775878906
-28.337921142578125
-22.4611873626709
-20.2155704498291
-23.292491912841797
-19.654672622680664
-28.340612411499023
-15.333285331726074
-15.582879066467285
-26.164682388305664
-18.267194747924805
-30.04720115661621
-20.697296142578125
-30.30603790283203
-23.05636978149414
-21.025768280029297
-30.09618377685547
-26.228755950927734
-19.13101577758789
-23.22492218017578
-21.856229782104492
-29.11081886291504
-16.822086334228516
-19.158191680908203
-20.461463928222656
-28.973676681518555
-17.82798194885254
-26.42849349975586
-31.66199493408203
-26.663246154785156
-30.847389221191406
-20.577722549438477
-28.204206466674805
-30.266990661621094
-16.165611267089844
-21.121007919311523
-24.040388107299805
-14.929149627685547
-30.595335006713867
-27.957271575927734
-20.277481079101562
-34.68198776245117
-28.158565521240234
-30.130001068115234
-23.650634765625
-33.33468246459961
-25.061243057250977
-26.233074188232422
-24.925037384033203
-23.065696716308594
-23.50133514404297
-10.364120483398438
-25.69961929321289
-31.11164093017578
-18.73755645751953
-22.342880249023438
-11.13175106048584
-28.92560577392578
-17.847787857055664
-14.938172340393066
-18.693119049072266
-12.982467651367188
-24.351444244384766
-23.021406173706055
-18.08475112915039
-20.209888458251953
-24.05057144165039
-29.218395233154297
-27.286941528320312
-28.96772003173828
-27.546958923339844
-26.409137725830078
-15.481963157653809
-27.399444580078125
-27.307533264160156
-15.301509857177734
-24.674083709716797
-21.527618408203125
-16.04536247253418
-26.16811180114746
-22.671228408813477
-23.036128997802734
-30.605037689208984
-19.609561920166016
-28.26556968688965
-29.855884552001953
-23.439363479614258
-28.6227970123291
-24.9351806640625
-30.5794677734375
-24.515764236450195
-22.299007415771484
-36.05862808227539
-23.11955451965332
-19.645885467529297
-24.266849517822266
-18.632287979125977
-30.04657554626465
-23.315059661865234
-27.636886596679688
-29.837543487548828
-35.466495513916016
-23.68960952758789
-30.855812072753906
-26.649761199951172
-25.94582748413086
-28.749448776245117
-21.8338623046875
-18.697402954101562
-25.049072265625
-20.768787384033203
-17.08317756652832
-29.853492736816406
-27.39337158203125
-18.47806167602539
-24.83253288269043
-28.661975860595703
-26.010765075683594
-24.405797958374023
-30.909381866455078
-21.730159759521484
-19.649450302124023
-20.32967758178711
-25.617277145385742
-24.6845703125
-18.46279525756836
-33.85274887084961
-23.676315307617188
-15.083627700805664
-30.068845748901367
-26.123376846313477
-20.067256927490234
-29.378992080688477
-21.915071487426758
-19.0740966796875
-26.974153518676758
-5.060636520385742
-22.461347579956055
-24.551420211791992
-27.749143600463867
-21.892080307006836
-12.78305721282959
-20.103408813476562
-17.749311447143555
-22.18402862548828
-21.35651397705078
-26.042701721191406
-20.022724151611328
-27.18067169189453
-23.46600341796875
-25.358272552490234
-3.153759479522705
-24.887046813964844
-23.057891845703125
-20.536800384521484
-15.567098617553711
-25.733028411865234
-22.14691162109375
-15.050556182861328
-21.276290893554688
-19.376121520996094
-28.4835262298584
-25.20969581604004
-23.136394500732422
-23.118322372436523
-28.48200225830078
-16.24312400817871
-31.48151397705078
-30.840248107910156
-33.35438537597656
-25.372150421142578
-22.290210723876953
-27.624746322631836
-27.18356704711914
-33.4605712890625
-19.660614013671875
-23.055667877197266
-26.881303787231445
-22.01833152770996
-32.22989273071289
-29.256061553955078
-16.21864128112793
-30.196168899536133
-20.60845947265625
-14.001936912536621
-26.115537643432617
-28.996047973632812
-30.644887924194336
-24.714984893798828
-21.305755615234375
-27.344755172729492
-23.206666946411133
-32.96578598022461
-27.115272521972656
-32.65918731689453
-15.556588172912598
-25.567155838012695
-8.678472518920898
-33.92068099975586
-19.41879653930664
-28.0533390045166
-26.920291900634766
-30.493776321411133
-23.945507049560547
-20.226327896118164
-24.114404678344727
-35.68324279785156
-26.546592712402344
-33.04574203491211
-24.149749755859375
-26.63530158996582
-28.702728271484375
-22.456928253173828
-11.34062385559082
-24.427614212036133
-32.53616714477539
-31.323833465576172
-29.56473159790039
-17.277265548706055
-21.384475708007812
-25.208181381225586
-21.23580551147461
-24.41248893737793
-16.120065689086914
-11.84848690032959
-33.560359954833984
-19.989770889282227
-23.57368278503418
-25.510650634765625
-32.01559829711914
-21.624483108520508
-21.2335205078125
-25.181171417236328
-22.501571655273438
-21.571516036987305
-23.016042709350586
-30.56563949584961
-25.216686248779297
-21.64345932006836
-18.084657669067383
-18.231542587280273
-29.313472747802734
-30.928300857543945
-17.608484268188477
-30.208934783935547
-11.0318603515625
-24.914405822753906
-18.53009033203125
-19.896644592285156
-27.710994720458984
-25.87346649169922
-31.68316078186035
-26.665624618530273
-29.90789222717285
-15.482331275939941
-26.7435245513916
-25.415021896362305
-31.205364227294922
-26.9134521484375
-33.67763137817383
-25.46364402770996
-22.50763511657715
-26.196144104003906
-29.432214736938477
-24.247623443603516
-18.017593383789062
-27.742462158203125
-21.26521110534668
-21.97443389892578
-31.02578353881836
-25.276506423950195
-30.84117889404297
-27.960586547851562
-30.93935203552246
-17.04311180114746
-20.882017135620117
-28.086708068847656
-29.83640480041504
-25.173091888427734
-25.304973602294922
-29.789400100708008
-31.42261505126953
-27.220211029052734
-13.622186660766602
-33.2985954284668
-23.325132369995117
-13.562556266784668
-7.636639595031738
-27.853925704956055
-28.587024688720703
-24.89030647277832
-28.66180992126465
-31.27391242980957
-21.01706886291504
-18.165969848632812
-26.599002838134766
-20.016246795654297
-25.351028442382812
-20.472076416015625
-17.013866424560547
-21.658061981201172
-21.274646759033203
-22.47130584716797
-18.5892276763916
-22.063879013061523
-24.662342071533203
-19.925806045532227
-27.44525718688965
-32.345149993896484
-25.43179702758789
-20.59569549560547
-19.28403663635254
-28.226152420043945
-11.515122413635254
-27.814855575561523
-22.94224739074707
-29.783334732055664
-21.552650451660156
-23.717605590820312
-15.546869277954102
-22.533767700195312
-31.520923614501953
-27.231372833251953
-13.84575080871582
-23.293716430664062
-21.102842330932617
-27.02214241027832
-28.88096046447754
-25.408153533935547
-22.567039489746094
-31.470138549804688
-20.481159210205078
-22.598865509033203
-6.457372188568115
-21.40325164794922
-27.764022827148438
-22.890533447265625
-24.252700805664062
-21.45372200012207
-21.1483097076416
-24.05859375
-29.189437866210938
-15.336248397827148
-25.34054183959961
-25.4204044342041
-23.655773162841797
-20.329769134521484
-19.441770553588867
-20.047168731689453
-20.140207290649414
-15.911715507507324
-28.238548278808594
-20.51702880859375
-23.023550033569336
-22.953950881958008
-11.325819969177246
-17.973690032958984
-25.290061950683594
-23.342561721801758
-17.948545455932617
-28.89927864074707
-28.866792678833008
-20.918317794799805
-18.71404457092285
-20.239437103271484
-25.47238540649414
-9.720991134643555
-29.690845489501953
-21.164087295532227
-24.221206665039062
-13.96041202545166
-13.402509689331055
-25.894485473632812
-30.315715789794922
-21.1341609954834
-24.792041778564453
-25.702747344970703
-22.48265838623047
-22.639801025390625
-21.508739471435547
-27.780656814575195
-27.909852981567383
-17.921607971191406
-22.296096801757812
-18.559444427490234
-18.386564254760742
-28.73238182067871
-25.721675872802734
-27.715669631958008
-22.479564666748047
-20.158794403076172
-22.781089782714844
-21.114479064941406
-29.831106185913086
-30.60965347290039
-27.27092933654785
-22.491064071655273
-17.410993576049805
-17.01984214782715
-27.764955520629883
-26.949487686157227
-15.67379379272461
-20.935997009277344
-17.663177490234375
-21.137746810913086
-32.19660949707031
-15.09338665008545
-18.084550857543945
-27.839113235473633
-20.315549850463867
-25.496919631958008
-23.243345260620117
-19.17156982421875
-25.962688446044922
-9.135191917419434
-4.55393648147583
-16.076862335205078
-32.8417854309082
-30.111703872680664
-24.11827278137207
-27.16119384765625
-26.38047218322754
-20.214977264404297
-29.349864959716797
-25.458335876464844
-25.819656372070312
-8.41507625579834
-26.11030387878418
-24.393054962158203
-23.891271591186523
-27.26911163330078
-25.003175735473633
-26.912824630737305
-22.305126190185547
-29.793472290039062
-14.876051902770996
-10.400777816772461
-24.538118362426758
-27.07762908935547
-34.93277359008789
-23.20397186279297
-26.497509002685547
-29.987016677856445
-29.79393768310547
-15.429177284240723
-25.650524139404297
-25.927736282348633
-28.828258514404297
-28.029157638549805
-20.237716674804688
-33.154876708984375
-12.921659469604492
-24.37337303161621
-20.452190399169922
-22.75778579711914
-24.588743209838867
-20.549678802490234
-16.976194381713867
-26.66555404663086
-25.03291130065918
-27.64219856262207
-21.751375198364258
-21.80666732788086
-25.212682723999023
-22.217601776123047
-29.434959411621094
-30.007556915283203
-13.109527587890625
-27.46148681640625
-22.282655715942383
-16.541488647460938
-19.892406463623047
-23.671009063720703
-30.29547691345215
-20.388843536376953
-29.398258209228516
-23.541418075561523
-34.02461624145508
-26.086463928222656
-21.163894653320312
-30.356529235839844
-16.93186378479004
-35.252052307128906
-27.11975860595703
-21.947080612182617
-18.438867568969727
-25.76679229736328
-32.08915710449219
-16.226266860961914
-20.616443634033203
-33.3470458984375
-25.014108657836914
-32.291011810302734
-23.37140464782715
-27.326330184936523
-28.140979766845703
-23.699275970458984
-24.96643829345703
-24.38521385192871
-21.334775924682617
-21.301746368408203
-6.539964199066162
-29.75181007385254
-8.699432373046875
-23.840791702270508
-24.958423614501953
-26.57194709777832
-17.758989334106445
-15.394502639770508
-24.532012939453125
-25.495834350585938
-31.98678207397461
-24.64678192138672
-26.13933753967285
-19.44642448425293
-24.983659744262695
-12.41535472869873
-19.603906631469727
-30.056415557861328
-24.015365600585938
-14.44770622253418
-26.144704818725586
-21.146209716796875
-22.81820297241211
-21.91693687438965
-24.288612365722656
-8.1327486038208
-23.868316650390625
-22.997163772583008
-32.65835189819336
-27.169878005981445
-21.45248794555664
-19.814321517944336
-17.275985717773438
-11.091745376586914
-19.71137809753418
-23.667678833007812
-23.35820960998535
-27.148014068603516
-24.003847122192383
-31.540897369384766
-21.793106079101562
-24.820575714111328
-31.212465286254883
-21.70055389404297
-28.722518920898438
-17.1285400390625
-25.12183380126953
-20.919435501098633
-26.09473419189453
-23.887094497680664
-20.11908721923828
-9.484137535095215
-14.121787071228027
-23.44158172607422
-28.65572166442871
-19.673480987548828
-27.138057708740234
-19.461193084716797
-23.691322326660156
-24.234176635742188
-30.87209129333496
-29.332792282104492
-27.274045944213867
-30.145896911621094
-30.021984100341797
-25.39061164855957
-26.72833824157715
-32.250526428222656
-27.478559494018555
-34.82084274291992
-34.482669830322266
-20.476825714111328
-27.19394874572754
-25.06171989440918
-31.940900802612305
-15.842087745666504
-28.97983741760254
-22.32892608642578
-17.174440383911133
-29.675701141357422
-30.75075912475586
-18.19300079345703
-20.98560333251953
-18.458763122558594
-21.12281608581543
-20.330677032470703
-21.21916961669922
-25.033422470092773
-29.131797790527344
-27.754396438598633
-24.99477195739746
-24.411041259765625
-16.838834762573242
-22.9261531829834
-26.604944229125977
-24.687952041625977
-29.040512084960938
-16.6909236907959
-29.542850494384766
-18.713882446289062
-16.256027221679688
-23.450517654418945
-32.04175567626953
-19.273117065429688
-10.935920715332031
-18.53524398803711
-28.55234718322754
-30.047183990478516
-26.347013473510742
-20.074111938476562
-28.79448127746582
-13.325336456298828
-17.269712448120117
-22.694011688232422
-30.120532989501953
-22.879192352294922
-21.387666702270508
-18.613353729248047
-23.42198944091797
-26.784074783325195
-21.54050064086914
-27.45801544189453
-15.75449275970459
-19.98733901977539
-29.412939071655273
-27.411598205566406
-21.654529571533203
-21.697338104248047
-13.64303207397461
-23.807445526123047
-25.50069808959961
-19.547760009765625
-24.169235229492188
-25.60638999938965
-30.245525360107422
-21.391948699951172
-23.7990665435791
-29.95172882080078
-23.09787940979004
-23.601839065551758
-22.5660400390625
-24.167221069335938
-10.666760444641113
-22.47583770751953
-24.266483306884766
-12.042057037353516
-27.06761360168457
-24.23909568786621
-29.27083969116211
-7.423398494720459
-28.684711456298828
-28.028356552124023
-21.967546463012695
-23.113609313964844
-25.52596092224121
-17.07110595703125
-24.58389663696289
-28.763582229614258
-27.792024612426758
-28.866138458251953
-30.38233184814453
-15.907097816467285
-25.684377670288086
-16.315256118774414
-26.88721466064453
-29.446556091308594
-23.953994750976562
-29.472644805908203
-27.279842376708984
-30.51131820678711
-17.133821487426758
-22.2463321685791
-26.736656188964844
-24.833999633789062
-33.6425666809082
-27.377010345458984
-25.872852325439453
-23.464853286743164
-31.072969436645508
-17.210451126098633
-18.393648147583008
-8.118175506591797
-20.78838539123535
-29.879749298095703
-17.305932998657227
-20.47845458984375
-24.57517433166504
-23.70865249633789
-24.27918243408203
-22.834444046020508
-14.573752403259277
-23.716312408447266
-19.32499122619629
-19.951221466064453
-22.023391723632812
-23.24162483215332
-7.639636993408203
-27.22270965576172
-31.367321014404297
-11.63839054107666
-24.638452529907227
-25.704687118530273
-23.030038833618164
-14.62098217010498
-26.678295135498047
-19.93570327758789
-21.620119094848633
-29.506732940673828
-30.02016830444336
-30.888774871826172
-25.07280731201172
-15.837179183959961
-27.76167106628418
-20.008586883544922
-16.237619400024414
-25.667760848999023
-30.6929874420166
-28.50381851196289
-31.533666610717773
-23.03839683532715
-25.303974151611328
-26.07048988342285
-28.649152755737305
-23.035259246826172
-10.952569961547852
-20.421937942504883
-32.2744140625
-27.758651733398438
-21.797582626342773
-19.632198333740234
-21.688079833984375
-23.431724548339844
-21.598649978637695
-21.791259765625
-31.12590980529785
-25.993677139282227
-31.28180694580078
-21.516637802124023
-25.73328971862793
-14.988364219665527
-30.372650146484375
-22.42328643798828
-8.494979858398438
-28.174951553344727
-28.715177536010742
-23.259937286376953
-16.96065902709961
-29.79421043395996
-22.427627563476562
-21.475034713745117
-32.26954650878906
-22.463642120361328
-26.9227352142334
-10.630274772644043
-11.511091232299805
-19.506877899169922
-26.447330474853516
-31.66200828552246
-24.281692504882812
-14.969521522521973
-31.795581817626953
-17.829885482788086
-13.568733215332031
-19.23219871520996
-21.878246307373047
-17.722578048706055
-25.80672264099121
-22.24278450012207
-27.0152587890625
-5.6192216873168945
-18.015945434570312
-18.438093185424805
