-23.24776268005371
-19.295400619506836
-27.096710205078125
-32.60017013549805
-21.06205177307129
-21.745914459228516
-30.419963836669922
-29.967069625854492
-18.975587844848633
-17.02652931213379
-15.637250900268555
-14.08476448059082
-26.97979164123535
-32.89189910888672
-28.945016860961914
-31.991910934448242
-30.1256103515625
-18.233110427856445
-34.14780807495117
-31.00004005432129
-35.98588562011719
-18.780725479125977
-25.03774070739746
-26.761306762695312
-31.96330451965332
-20.134323120117188
-19.62504768371582
-30.92131996154785
-26.97357749938965
-22.211408615112305
-25.586339950561523
-15.274921417236328
-27.809843063354492
-22.59357452392578
-27.90058135986328
-33.24509811401367
-20.993928909301758
-22.39954376220703
-27.731258392333984
-26.75198745727539
-24.00214195251465
-22.588197708129883
-22.38588523864746
-29.359262466430664
-20.21963882446289
-16.244916915893555
-28.509288787841797
-33.2964973449707
-31.54923439025879
-25.734861373901367
-20.22106170654297
-17.140666961669922
-30.711687088012695
-35.256534576416016
-26.937015533447266
-31.882246017456055
-21.770524978637695
-27.32205581665039
-22.91779899597168
-31.227399826049805
-18.991119384765625
-30.24517250061035
-27.681575775146484
-20.829038619995117
-31.802438735961914
-31.81794548034668
-21.253307342529297
-27.642309188842773
-27.470640182495117
-20.051389694213867
-17.4887752532959
-29.251066207885742
-34.23189163208008
-27.972082138061523
-21.105255126953125
-26.90706443786621
-30.47994041442871
-35.200870513916016
-26.312541961669922
-21.94087791442871
-15.70489501953125
-14.2841796875
-31.81756019592285
-19.06987953186035
-17.978313446044922
-23.82623863220215
-29.76389503479004
-27.682165145874023
-24.71073341369629
-29.85234832763672
-15.179101943969727
-26.49442481994629
-24.682151794433594
-27.16957664489746
-33.74065017700195
-29.79485511779785
-24.66695785522461
-29.46977996826172
-25.72089385986328
-26.368865966796875
-27.482553482055664
-21.854616165161133
-24.811182022094727
-26.7993221282959
-23.526168823242188
-23.352596282958984
-24.77357292175293
-21.88959503173828
-20.797779083251953
-26.50607681274414
-31.898202896118164
-31.771045684814453
-18.35078239440918
-21.21431541442871
-32.239524841308594
-19.142009735107422
-28.431684494018555
-18.3721866607666
-29.739686965942383
-28.746835708618164
-28.987815856933594
-23.016389846801758
-34.069114685058594
-25.931814193725586
-16.4202823638916
-25.23008918762207
-21.913217544555664
-22.979921340942383
-17.489654541015625
-34.311256408691406
-29.069156646728516
-16.078500747680664
-31.693744659423828
-14.920409202575684
-32.22325897216797
-26.301366806030273
-31.75822639465332
-27.293611526489258
-27.49370574951172
-17.733619689941406
-34.059696197509766
-24.003259658813477
-25.171693801879883
-20.85377311706543
-19.95992088317871
-29.930355072021484
-31.197500228881836
-18.97044563293457
-24.60462760925293
-27.93449592590332
-26.74200439453125
-21.067487716674805
-27.483243942260742
-27.974130630493164
-27.445348739624023
-29.341432571411133
-24.324695587158203
-30.827129364013672
-24.025739669799805
-21.387248992919922
-22.837541580200195
-12.615026473999023
-30.98740577697754
-22.67891502380371
-25.87929344177246
-15.893264770507812
-22.570646286010742
-30.266382217407227
-23.343910217285156
-19.378398895263672
-32.06945037841797
-24.900922775268555
-28.229433059692383
-21.621797561645508
-31.56635093688965
-25.773876190185547
-18.760995864868164
-18.891273498535156
-19.67329216003418
-33.79854965209961
-24.400545120239258
-28.13896942138672
-25.10198402404785
-30.165517807006836
-25.617935180664062
-33.79789352416992
-24.65627098083496
-31.685871124267578
-27.00602149963379
-29.689245223999023
-22.18199920654297
-31.150863647460938
-26.22171974182129
-29.59624481201172
-13.861696243286133
-32.55842208862305
-26.543249130249023
-24.84944725036621
-23.48106575012207
-25.61635971069336
-28.292545318603516
-29.779705047607422
-26.587846755981445
-25.352432250976562
-24.7316837310791
-22.4111385345459
-25.002328872680664
-21.678281784057617
-21.944143295288086
-15.991647720336914
-19.297122955322266
-8.693033218383789
-33.24805450439453
-13.977907180786133
-30.972909927368164
-22.37424659729004
-22.695213317871094
-20.865079879760742
-35.58686828613281
-25.222307205200195
-35.56240463256836
-20.777267456054688
-23.73917007446289
-20.42939567565918
-26.408740997314453
-27.57733726501465
-25.859785079956055
-26.871337890625
-27.080764770507812
-26.842622756958008
-28.47463035583496
-35.27638626098633
-28.736492156982422
-24.834245681762695
-16.116762161254883
-23.446969985961914
-25.613853454589844
-20.362024307250977
-18.449642181396484
-30.82918357849121
-20.44415855407715
-23.557350158691406
-27.243547439575195
-28.88179588317871
-19.099451065063477
-29.652753829956055
-25.45433235168457
-26.27601432800293
-33.26313400268555
-28.838848114013672
-29.071557998657227
-20.90499496459961
-24.917524337768555
-23.76398468017578
-31.98463249206543
-20.920175552368164
-16.43279457092285
-28.911069869995117
-26.439638137817383
-27.33283805847168
-15.407489776611328
-23.962270736694336
-31.46316909790039
-24.05643653869629
-18.545276641845703
-27.20637321472168
-19.494203567504883
-30.599063873291016
-28.96028709411621
-30.96234893798828
-31.008277893066406
-25.244924545288086
-27.1400203704834
-31.081104278564453
-24.83321762084961
-28.259315490722656
-20.437429428100586
-33.17527389526367
-28.190933227539062
-26.216997146606445
-27.57772445678711
-26.315038681030273
-22.691448211669922
-21.415494918823242
-21.926610946655273
-9.530842781066895
-32.28304672241211
-21.923248291015625
-26.159700393676758
-26.08530616760254
-28.88797378540039
-26.116716384887695
-29.070907592773438
-31.67387580871582
-31.486909866333008
-27.70659828186035
-29.358705520629883
-23.861854553222656
-20.77769660949707
-16.795869827270508
-14.198591232299805
-25.889633178710938
-31.119855880737305
-26.4600830078125
-20.984237670898438
-31.5062198638916
-26.759614944458008
-29.599254608154297
-27.769834518432617
-26.294076919555664
-20.36408042907715
-26.252775192260742
-30.12028694152832
-22.614849090576172
-26.96885108947754
-29.35989761352539
-30.61448097229004
-22.454936981201172
-30.481149673461914
-23.266206741333008
-8.49786376953125
-28.005321502685547
-23.045135498046875
-29.566625595092773
-27.427133560180664
-19.52474021911621
-17.327173233032227
-21.91053581237793
-27.88471031188965
-27.918333053588867
-22.019624710083008
-24.84680938720703
-28.49436378479004
-27.995271682739258
-28.02996253967285
-26.380081176757812
-22.311277389526367
-31.730236053466797
-24.145423889160156
-17.707637786865234
-32.415245056152344
-18.67899513244629
-20.192296981811523
-29.547517776489258
-24.642946243286133
-26.750064849853516
-27.360815048217773
-27.129127502441406
-20.486330032348633
-28.740650177001953
-20.372188568115234
-26.569849014282227
-30.260011672973633
-29.15360450744629
-29.360193252563477
-28.32971954345703
-21.588220596313477
-24.97568702697754
-22.87054443359375
-27.764978408813477
-20.491275787353516
-6.380471229553223
-24.091501235961914
-26.527359008789062
-26.166343688964844
-30.469018936157227
-25.79890251159668
-20.343631744384766
-29.017578125
-22.04690170288086
-27.940279006958008
-19.9595947265625
-22.462854385375977
-25.223453521728516
-25.34624671936035
-23.666067123413086
-21.24725914001465
-34.20042037963867
-20.78384017944336
-31.951257705688477
-31.085229873657227
-21.746097564697266
-24.397218704223633
-17.996553421020508
-25.287595748901367
-25.977121353149414
-32.48170852661133
-20.95611000061035
-26.720125198364258
-21.921709060668945
-29.015201568603516
-20.78408432006836
-25.023408889770508
-26.91899299621582
-26.494417190551758
-19.26752471923828
-19.143077850341797
-34.90168380737305
-27.424999237060547
-31.48927116394043
-25.3668270111084
-19.634002685546875
-14.299839973449707
-29.00700569152832
-27.014894485473633
-22.038375854492188
-27.433387756347656
-28.26160430908203
-24.223960876464844
-32.95860290527344
-29.110218048095703
-25.456438064575195
-27.78677749633789
-30.66486930847168
-28.13747215270996
-29.65513801574707
-28.00201988220215
-31.986631393432617
-27.503313064575195
-19.652151107788086
-18.94052505493164
-17.356691360473633
-26.724611282348633
-25.970050811767578
-21.365751266479492
-27.98377227783203
-33.33292770385742
-15.325042724609375
-24.30330467224121
-21.104829788208008
-35.368568420410156
-29.763917922973633
-25.51666831970215
-18.066144943237305
-25.22854232788086
-27.797618865966797
-17.796409606933594
-29.012752532958984
-29.00685691833496
-21.44936752319336
-22.722164154052734
-27.498390197753906
-17.48003578186035
-17.94277000427246
-27.679229736328125
-26.486618041992188
-23.85774040222168
-19.057798385620117
-24.482751846313477
-27.440393447875977
-26.974262237548828
-28.0509090423584
-28.90375328063965
-19.41878318786621
-26.52980613708496
-28.75475311279297
-20.796159744262695
-22.610427856445312
-24.2778263092041
-24.36653709411621
-32.521568298339844
-33.96708679199219
-28.89695167541504
-23.51652717590332
-25.53986358642578
-23.155988693237305
-23.25625228881836
-30.26679039001465
-31.43633460998535
-18.28174591064453
-38.32018280029297
-27.163475036621094
-32.54703140258789
-29.76923179626465
-29.456939697265625
-30.19873809814453
-20.2027587890625
-27.5766658782959
-24.065656661987305
-31.879724502563477
-22.70017433166504
-19.56949806213379
-31.241308212280273
-22.34488296508789
-26.700016021728516
-36.55379867553711
-21.023059844970703
-22.28704833984375
-26.78479766845703
-29.036531448364258
-25.564964294433594
-24.703746795654297
-32.38174819946289
-31.538240432739258
-32.60839080810547
-31.935943603515625
-24.902576446533203
-25.865680694580078
-21.548093795776367
-26.597049713134766
-33.21511459350586
-21.228919982910156
-28.884445190429688
-21.952390670776367
-26.319843292236328
-25.792438507080078
-25.58158302307129
-26.238340377807617
-21.75330352783203
-30.742015838623047
-20.97224998474121
-27.36457633972168
-22.672929763793945
-26.336593627929688
-27.711938858032227
-20.333553314208984
-31.593154907226562
-14.775643348693848
-27.64112091064453
-17.3584041595459
-31.80986785888672
-31.00151252746582
-28.059955596923828
-28.5394229888916
-30.947053909301758
-31.08567237854004
-36.24600601196289
-31.942611694335938
-26.38945960998535
-20.014062881469727
-27.49854278564453
-26.03628921508789
-18.951784133911133
-33.057098388671875
-23.840436935424805
-18.839008331298828
-29.609195709228516
-19.897619247436523
-29.441328048706055
-27.6478214263916
-26.66617774963379
-29.424840927124023
-29.60981559753418
-31.55149269104004
-20.536352157592773
-24.902387619018555
-27.932621002197266
-27.021345138549805
-26.485048294067383
-28.444345474243164
-24.36760711669922
-23.300193786621094
-24.861270904541016
-21.25225830078125
-30.07105827331543
-26.75141716003418
-30.312002182006836
-26.86873435974121
-26.03948974609375
-24.514986038208008
-31.274694442749023
-27.9095516204834
-31.699064254760742
-24.443607330322266
-24.8044376373291
-28.753503799438477
-14.894991874694824
-29.37687110900879
-32.508060455322266
-23.23887062072754
-24.717676162719727
-22.925432205200195
-23.9503173828125
-17.535491943359375
-25.188213348388672
-21.7726993560791
-27.250404357910156
-28.05007553100586
-25.58987045288086
-23.935190200805664
-22.197736740112305
-17.43440818786621
-21.441242218017578
-25.317964553833008
-27.177783966064453
-30.623645782470703
-19.225465774536133
-25.264753341674805
-29.641632080078125
-28.01641273498535
-27.62702751159668
-26.731542587280273
-31.090892791748047
-20.605443954467773
-22.8916015625
-27.506582260131836
-26.476289749145508
-24.982622146606445
-17.614564895629883
-25.693235397338867
-26.719438552856445
-28.21074104309082
-20.411357879638672
-25.861339569091797
-21.194780349731445
-25.089759826660156
-28.243682861328125
-23.6423397064209
-24.267671585083008
-30.31712532043457
-34.81416702270508
-18.226627349853516
-29.33673667907715
-32.560813903808594
-23.870384216308594
-22.706222534179688
-24.406314849853516
-27.97818374633789
-26.29772186279297
-29.8162899017334
-26.19070816040039
-22.595670700073242
-24.70005989074707
-32.896671295166016
-31.5918025970459
-25.662334442138672
-24.5570068359375
-29.839874267578125
-25.137889862060547
-21.478368759155273
-21.856006622314453
-28.3806209564209
-23.98407745361328
-21.836612701416016
-29.536413192749023
-25.637624740600586
-16.70301628112793
-26.11148452758789
-25.651866912841797
-26.09127426147461
-21.953466415405273
-31.582246780395508
-31.323226928710938
-25.81107521057129
-30.3166561126709
-27.88535499572754
-17.165178298950195
-25.51091766357422
-15.660454750061035
-29.469831466674805
-28.23650550842285
-23.1241512298584
-29.89676856994629
-20.7570858001709
-29.60576820373535
-21.558364868164062
-12.776758193969727
-25.706274032592773
-16.88338279724121
-28.86488914489746
-21.357608795166016
-23.510780334472656
-20.29644203186035
-15.849653244018555
-22.17970085144043
-28.545639038085938
-20.019926071166992
-28.838001251220703
-22.761255264282227
-20.976320266723633
-34.81544876098633
-29.149133682250977
-28.075817108154297
-29.614408493041992
-30.41162109375
-21.302867889404297
-33.68196487426758
-26.08799934387207
-21.200794219970703
-21.129426956176758
-29.219974517822266
-28.380130767822266
-24.351015090942383
-25.805259704589844
-27.54690933227539
-20.253942489624023
-25.2536563873291
-20.441844940185547
-18.132219314575195
-20.5211238861084
-25.682472229003906
-21.501079559326172
-30.722421646118164
-21.55702781677246
-23.71842384338379
-23.998228073120117
-15.3131685256958
-30.673297882080078
-21.430082321166992
-33.131778717041016
-23.76171875
-30.08635139465332
-31.282670974731445
-24.748266220092773
-17.94544792175293
-22.69139289855957
-35.36209487915039
-27.404470443725586
-24.403358459472656
-28.2342586517334
-27.40531349182129
-23.66135597229004
-32.87751388549805
-34.74985122680664
-22.137235641479492
-26.2529296875
-33.272865295410156
-24.376253128051758
-22.066104888916016
-26.80790138244629
-20.990983963012695
-32.00985336303711
-14.863584518432617
-32.899112701416016
-26.47255516052246
-26.634510040283203
-24.254961013793945
-21.87199592590332
-24.73991584777832
-25.9658260345459
-22.216936111450195
-23.884136199951172
-27.11603546142578
-24.077844619750977
-29.29035758972168
-25.50385284423828
-18.58600425720215
-20.517438888549805
-21.84812355041504
-22.484071731567383
-27.93169593811035
-20.538747787475586
-25.63294792175293
-24.10106658935547
-26.080488204956055
-25.11964988708496
-35.97590255737305
-26.2293758392334
-16.579805374145508
-22.799816131591797
-30.212215423583984
-29.552770614624023
-20.788972854614258
-29.533592224121094
-27.107072830200195
-31.22195053100586
-30.69074821472168
-21.457178115844727
-31.365243911743164
-31.15169906616211
-20.30267906188965
-27.87126922607422
-32.951053619384766
-25.1766300201416
-23.1893367767334
-20.42508316040039
-22.612024307250977
-33.846527099609375
-29.71750831604004
-18.26755142211914
-23.30449104309082
-16.48711395263672
-26.294702529907227
-38.56098556518555
-34.25647735595703
-24.300413131713867
-27.757986068725586
-26.236351013183594
-32.98460388183594
-22.610525131225586
-31.826547622680664
-19.554168701171875
-26.96908187866211
-17.688806533813477
-35.554019927978516
-34.88813400268555
-23.638139724731445
-30.669071197509766
-24.303688049316406
-24.024921417236328
-25.126760482788086
-23.048742294311523
-28.433828353881836
-24.035808563232422
-29.270639419555664
-17.2163028717041
-26.953371047973633
-28.35335922241211
-29.380220413208008
-26.157163619995117
-20.15098762512207
-26.157018661499023
-26.071386337280273
-19.267648696899414
-31.229768753051758
-17.616744995117188
-32.91722106933594
-28.885149002075195
-26.741186141967773
-23.166250228881836
-23.2135066986084
-26.254018783569336
-19.818395614624023
-28.309919357299805
-23.80722999572754
-24.39116096496582
-27.839221954345703
-23.201618194580078
-29.76427459716797
-24.61818504333496
-24.986848831176758
-30.140010833740234
-31.166879653930664
-21.930452346801758
-27.974653244018555
-26.934011459350586
-19.56205940246582
-30.97682762145996
-23.69917106628418
-22.89444351196289
-27.72681427001953
-17.43439292907715
-26.12122917175293
-26.208189010620117
-23.153606414794922
-28.932533264160156
-23.03022003173828
-32.5518684387207
-28.131532669067383
-26.22707176208496
-34.3632926940918
-24.713777542114258
-25.383405685424805
-31.106121063232422
-29.72903823852539
-34.718570709228516
-28.11759376525879
-31.1618709564209
-26.596050262451172
-39.37002944946289
-32.63971710205078
-23.24021339416504
-36.19792556762695
-24.108943939208984
-28.077604293823242
-34.76466751098633
-27.708986282348633
-28.500696182250977
-33.7982292175293
-16.36496353149414
-24.4788761138916
-25.190885543823242
-21.056610107421875
-33.4266242980957
-17.17298698425293
-23.638723373413086
-33.12459945678711
-27.893997192382812
-20.905000686645508
-21.534557342529297
-24.652124404907227
-25.709028244018555
-22.507896423339844
-26.864274978637695
-17.556760787963867
-34.58644104003906
-31.609682083129883
-30.943294525146484
-28.4860782623291
-31.646080017089844
-31.927549362182617
-8.343650817871094
-34.11188507080078
-24.917539596557617
-33.17375946044922
-24.115880966186523
-27.204526901245117
-22.40793800354004
-27.577695846557617
-29.11454963684082
-24.953672409057617
-32.31129837036133
-32.05659866333008
-13.360762596130371
-25.349092483520508
-27.622774124145508
-29.944271087646484
-25.413246154785156
-29.10130500793457
-29.018993377685547
-31.844545364379883
-31.31287956237793
-15.72790241241455
-31.041940689086914
-31.461301803588867
-37.688045501708984
-20.6910343170166
-26.384078979492188
-24.431737899780273
-25.40757942199707
-24.883153915405273
-30.08556365966797
-20.61870765686035
-26.524383544921875
-28.642438888549805
-24.842329025268555
-31.502513885498047
-34.893592834472656
-29.18657112121582
-19.589969635009766
-29.27000617980957
-27.527170181274414
-20.719663619995117
-27.55747413635254
-25.40269660949707
-20.326148986816406
-28.45859718322754
-22.511789321899414
-21.455257415771484
-31.662952423095703
-24.792823791503906
-30.452314376831055
-29.2017765045166
-16.317838668823242
-29.725975036621094
-28.99405860900879
-31.446584701538086
-19.954683303833008
-36.012088775634766
-30.00099754333496
-35.441715240478516
-23.349292755126953
-15.276040077209473
-21.097105026245117
-20.59576416015625
-30.999330520629883
-32.260868072509766
-25.292415618896484
-30.87588882446289
-31.53325843811035
-24.196306228637695
-11.7422456741333
-22.517013549804688
-28.154457092285156
-27.56013298034668
-27.160764694213867
-20.670713424682617
-22.629899978637695
-21.25583267211914
-26.506650924682617
-27.337221145629883
-19.955263137817383
-23.51267433166504
-30.304576873779297
-28.530488967895508
-19.83333969116211
-31.136545181274414
-29.091068267822266
-25.17432975769043
-28.949291229248047
-29.854080200195312
-23.090600967407227
-20.085460662841797
-33.48734664916992
-26.13252067565918
-21.453035354614258
-28.92808723449707
-30.76599884033203
-32.11588668823242
-28.254770278930664
-25.437604904174805
-14.056028366088867
-25.77200698852539
-30.962583541870117
-28.09749984741211
-22.490062713623047
-18.940349578857422
-18.963972091674805
-20.57842445373535
-29.58298110961914
-24.31444549560547
-24.375282287597656
-28.236650466918945
-26.690248489379883
-11.29191780090332
-23.867219924926758
-10.629560470581055
-16.39652442932129
-28.64113426208496
-23.168725967407227
-19.07795524597168
-22.988466262817383
-29.831523895263672
-26.36640167236328
-26.440000534057617
-23.273542404174805
-32.79108810424805
-24.98371696472168
-11.364230155944824
-23.01409339904785
-18.794343948364258
-29.873035430908203
-30.684772491455078
-24.81302833557129
-22.92171859741211
-22.323118209838867
-26.13569450378418
-24.6772518157959
-29.698972702026367
-6.570643424987793
-18.50006675720215
-26.164644241333008
-9.396156311035156
-33.446014404296875
-29.184396743774414
-31.576353073120117
-32.82760238647461
-32.562644958496094
-28.99894142150879
-20.014394760131836
-35.567630767822266
-28.404382705688477
-25.525564193725586
-27.600236892700195
-27.286733627319336
-27.19477653503418
-23.38431167602539
-32.322837829589844
-23.82999038696289
-29.662710189819336
-23.913236618041992
-27.602867126464844
-24.824623107910156
-32.09370422363281
-26.73012924194336
-32.32512283325195
-26.621566772460938
-26.34349822998047
-18.318952560424805
-34.94425582885742
-29.847043991088867
-19.780038833618164
-19.76340103149414
-23.236032485961914
-25.620744705200195
-25.47819709777832
-23.52399253845215
-10.602703094482422
-28.8018856048584
-24.748516082763672
-17.35114097595215
-21.255781173706055
-26.812009811401367
-27.912561416625977
-26.833864212036133
-25.410802841186523
-19.8237361907959
-30.999465942382812
-29.65648651123047
-25.98988914489746
-22.763124465942383
-31.880186080932617
-29.525808334350586
-20.422794342041016
-27.89618682861328
-32.96870803833008
-26.052274703979492
-28.30289649963379
-24.401952743530273
-32.25594711303711
-27.77492904663086
-26.872278213500977
-28.024320602416992
-34.65426254272461
-22.23175621032715
-30.76366424560547
-26.29196548461914
-21.993362426757812
-19.101449966430664
-19.35097312927246
-11.827192306518555
-31.975820541381836
-14.532440185546875
-27.435762405395508
-25.87558364868164
-24.20384407043457
-28.337711334228516
-26.82478141784668
-26.319276809692383
-22.17983627319336
-7.962876319885254
-22.513246536254883
-30.203657150268555
-31.2404727935791
-22.343910217285156
-20.97666358947754
-28.978456497192383
-30.945215225219727
-27.912851333618164
-12.829221725463867
-20.63302230834961
-17.604196548461914
-17.372194290161133
-39.13187026977539
-31.709646224975586
-27.03761100769043
-33.720985412597656
-16.855419158935547
-11.375725746154785
-26.54979133605957
-27.850872039794922
-31.655223846435547
-34.979427337646484
-27.919937133789062
-30.27202606201172
-22.75301742553711
-33.872676849365234
-22.41304588317871
-20.946800231933594
-29.77761459350586
-4.011971473693848
-23.826404571533203
-23.10063934326172
-27.281444549560547
-28.005645751953125
-27.352741241455078
-32.08271789550781
-28.21164894104004
-28.9045352935791
-35.20708084106445
-19.51869773864746
-26.792816162109375
-30.49930191040039
-25.97383689880371
-32.12934112548828
-20.39902687072754
-33.749168395996094
-17.174753189086914
-31.081127166748047
-27.577865600585938
-23.692602157592773
-21.651296615600586
-23.309499740600586
-22.618730545043945
-23.317707061767578
-26.71995735168457
-42.652774810791016
-24.310487747192383
-21.432741165161133
-28.585317611694336
-19.942218780517578
-34.0219841003418
-20.156532287597656
-24.118833541870117
-24.49849510192871
-23.769765853881836
-17.71259117126465
-34.449989318847656
-27.35624885559082
-24.119409561157227
-18.40006446838379
-32.41144943237305
-31.723766326904297
-32.551029205322266
-20.720733642578125
-18.834651947021484
-26.241836547851562
-38.714942932128906
-23.60579490661621
-19.90896987915039
-28.568262100219727
-29.00362205505371
-31.62163734436035
-24.137840270996094
-25.494144439697266
-30.989614486694336
-23.039182662963867
-29.323833465576172
-21.58045768737793
-30.413293838500977
-33.9573860168457
-25.568510055541992
-25.325313568115234
-28.00258445739746
-28.443021774291992
-27.57728385925293
-21.759109497070312
-21.36150360107422
-18.095935821533203
-24.567747116088867
-29.184282302856445
-22.13326072692871
-23.868083953857422
-24.99286460876465
-33.65790939331055
-27.166391372680664
-28.63287353515625
-22.83785057067871
-29.21225357055664
-25.729692459106445
-26.6972599029541
-29.901453018188477
-25.918489456176758
-31.06465721130371
-28.274499893188477
-18.33503532409668
-25.603864669799805
-20.76331329345703
-24.838560104370117
-28.210908889770508
-30.42875862121582
-27.707860946655273
-29.41964340209961
-23.470081329345703
-26.08687400817871
-20.754175186157227
-25.90167236328125
-31.61253547668457
-28.36272621154785
-19.567729949951172
-19.181150436401367
-28.42816162109375
-23.728052139282227
-16.415151596069336
-15.706071853637695
-17.391355514526367
-32.142181396484375
-18.177032470703125
-27.98149299621582
-26.504331588745117
-33.593502044677734
-24.83780860900879
-25.08390235900879
-34.44178009033203
-26.617740631103516
-24.410139083862305
-26.514585494995117
-22.959104537963867
-35.07319641113281
-23.999797821044922
-25.009614944458008
-21.038862228393555
-31.405954360961914
-27.942312240600586
-23.957414627075195
-29.999174118041992
-32.47157287597656
-39.15117263793945
-20.894100189208984
-27.43849754333496
-31.895505905151367
-22.05961799621582
-27.2524356842041
-23.571306228637695
-28.647022247314453
-37.74039077758789
-28.011932373046875
-27.51332664489746
-31.056909561157227
-24.81061363220215
-33.758758544921875
-29.90845489501953
-25.767942428588867
-28.029497146606445
-24.219818115234375
-18.866159439086914
-28.333555221557617
-25.7770938873291
2.117933988571167
-28.428836822509766
-25.525205612182617
-29.494831085205078
-27.380712509155273
-26.54164695739746
-29.465129852294922
-24.30778694152832
-11.27048397064209
-25.06516456604004
-16.983272552490234
-24.127410888671875
-26.50154685974121
-27.395112991333008
-26.023496627807617
-21.301122665405273
-24.849842071533203
-33.45817184448242
-32.742279052734375
-28.932775497436523
-25.091087341308594
-29.48935317993164
-25.495065689086914
-19.18711280822754
-17.513410568237305
-22.7407283782959
-19.863962173461914
-26.26443099975586
-18.98308563232422
-18.804628372192383
-30.089603424072266
-28.17469596862793
-12.395390510559082
-24.91033172607422
-31.553377151489258
-27.76801872253418
-25.66265869140625
-30.926912307739258
-29.891239166259766
-28.28007698059082
-22.35016441345215
-33.248252868652344
-22.128067016601562
-26.832611083984375
-23.034812927246094
-19.853313446044922
-27.124507904052734
-16.98602867126465
-34.088138580322266
-31.08819007873535
-38.009521484375
-17.329673767089844
-30.47560691833496
-23.531755447387695
-29.4876651763916
-29.247692108154297
-31.83333396911621
-25.118913650512695
-30.98636817932129
-29.237398147583008
-25.05596160888672
-35.26036071777344
-35.739933013916016
-20.415002822875977
-24.650625228881836
-32.54413604736328
-24.932878494262695
-24.465763092041016
-34.99374771118164
-16.534109115600586
-17.83101463317871
-23.780778884887695
-29.502117156982422
-26.2059268951416
-14.18259048461914
-25.19598960876465
-29.436805725097656
-27.079360961914062
-31.16048240661621
-29.27677345275879
-23.89850616455078
-31.178449630737305
-23.764266967773438
-18.847240447998047
-28.38518714904785
-31.8768253326416
-30.354902267456055
-28.029598236083984
-24.785661697387695
-23.57611656188965
-20.812191009521484
-22.948421478271484
-17.747346878051758
-30.640249252319336
-21.230688095092773
-26.68596839904785
-23.329774856567383
-25.77777099609375
-28.304075241088867
-29.04210662841797
-19.893875122070312
-29.809534072875977
-32.054447174072266
-23.338762283325195
-17.166452407836914
-28.04242706298828
-23.10442352294922
-22.053789138793945
-23.10651397705078
-29.35276222229004
-30.383291244506836
-24.466928482055664
-23.96340560913086
-25.21817398071289
-30.397785186767578
-20.720745086669922
-29.732149124145508
-26.173242568969727
-30.223413467407227
-25.01744270324707
-25.964677810668945
-27.924766540527344
-23.712949752807617
-36.937313079833984
-20.44887351989746
-20.717329025268555
-21.37281608581543
-28.34744644165039
-33.595237731933594
-30.944265365600586
-28.685422897338867
-30.51648712158203
-30.143394470214844
-21.749025344848633
-33.23484802246094
-26.925397872924805
-30.076871871948242
-26.624555587768555
-25.51178741455078
-27.64137840270996
-23.195383071899414
-34.47396469116211
-27.202024459838867
-35.17124938964844
-25.72027015686035
-33.109249114990234
-25.299806594848633
-34.46982955932617
-22.572511672973633
-29.0582332611084
-17.35523796081543
-31.715511322021484
-27.02323341369629
-16.29308319091797
-24.384187698364258
-27.22464370727539
-22.016664505004883
-28.744361877441406
-18.2152156829834
-31.712907791137695
-32.65171813964844
-31.71001434326172
-27.370271682739258
-31.526187896728516
-36.897422790527344
-33.068965911865234
-29.721982955932617
-25.041940689086914
-31.258649826049805
-35.92146301269531
-25.589767456054688
-21.399093627929688
-19.306612014770508
-23.41062355041504
-27.25218963623047
-22.667001724243164
-20.85692596435547
-28.07321548461914
-36.7040901184082
-23.65436363220215
-23.6129093170166
-24.472694396972656
-22.222143173217773
-19.391767501831055
-26.61444664001465
-27.52558708190918
-26.61981773376465
-34.69791793823242
-18.270414352416992
-30.30140495300293
-28.08437156677246
-27.8872127532959
-27.381189346313477
-25.86067008972168
-21.58039665222168
-28.370391845703125
-24.689470291137695
-20.982580184936523
-28.697494506835938
-31.60170555114746
-31.203039169311523
-19.438352584838867
-19.833559036254883
-17.25926399230957
-27.055007934570312
-31.688232421875
-21.171781539916992
-32.6819953918457
-36.78824996948242
-34.92416763305664
-23.306499481201172
-26.665897369384766
-32.22489929199219
-14.985461235046387
-18.42276954650879
-31.054271697998047
-31.214570999145508
-27.013957977294922
-32.60486602783203
-23.262813568115234
-31.288291931152344
-29.493635177612305
-23.238758087158203
-21.489795684814453
-23.596296310424805
-29.517704010009766
-33.2341423034668
-23.939533233642578
-35.10232162475586
-32.475685119628906
-27.006669998168945
-35.00202941894531
-22.771514892578125
-36.11635208129883
-29.951955795288086
-18.61420440673828
-28.923564910888672
-28.32109260559082
-20.213851928710938
-23.094139099121094
-28.931970596313477
-33.88087844848633
-21.719396591186523
-20.673892974853516
-31.79071617126465
-28.022851943969727
-25.436805725097656
-30.748971939086914
-19.914499282836914
-23.434043884277344
-18.828001022338867
-23.235946655273438
-31.323198318481445
-21.31060218811035
-22.07791519165039
-22.469785690307617
-31.42677116394043
-26.1384220123291
-23.016210556030273
-22.838930130004883
-23.936182022094727
-31.40730857849121
-20.429780960083008
-37.87687683105469
-26.94029426574707
-24.517288208007812
-29.835796356201172
-29.836801528930664
-24.66931915283203
-28.56941795349121
-24.97127342224121
-29.910598754882812
-18.710412979125977
-23.498193740844727
-32.31060791015625
-39.985748291015625
-24.65318489074707
-24.83137321472168
-28.824962615966797
-27.917627334594727
-20.491437911987305
-26.846174240112305
-23.744503021240234
-19.780622482299805
-31.358009338378906
-25.756845474243164
-27.445880889892578
-19.916427612304688
-16.130613327026367
-14.614263534545898
-31.056882858276367
-27.875768661499023
-21.73845100402832
-21.45162010192871
-22.82996940612793
-35.31752014160156
-24.65522575378418
-26.09895896911621
-18.496091842651367
-25.39735221862793
-21.794382095336914
-22.416351318359375
-24.63841438293457
-28.510498046875
-22.62722396850586
-25.38712501525879
-25.652284622192383
-28.080812454223633
-19.7340030670166
-31.393932342529297
-24.608545303344727
-23.52588653564453
-28.505266189575195
-20.107126235961914
-26.716445922851562
-20.214895248413086
-27.680761337280273
-21.867965698242188
-32.63393783569336
-16.60218048095703
-13.666505813598633
-27.198989868164062
-30.45770263671875
-21.697893142700195
-29.402273178100586
-26.707746505737305
-31.92144203186035
-23.86994171142578
-19.597326278686523
-29.718374252319336
-23.9129581451416
-26.046445846557617
-29.425745010375977
-22.917552947998047
-27.53874397277832
-21.5076961517334
-30.22859764099121
-24.4115047454834
-30.110286712646484
-27.941225051879883
-25.338577270507812
-20.870058059692383
-30.525161743164062
-29.982006072998047
-25.2386417388916
-26.019983291625977
-26.810707092285156
-17.728731155395508
-29.002798080444336
-31.595827102661133
-20.968826293945312
-25.74720001220703
-23.438886642456055
-22.147008895874023
-28.817626953125
-5.369091987609863
-24.27739143371582
-32.104488372802734
-13.962900161743164
-27.90056610107422
-26.631040573120117
-23.982807159423828
-26.18216896057129
-21.31203269958496
-7.035282611846924
-17.74611473083496
-26.83478355407715
-20.706890106201172
-31.90049171447754
-30.113067626953125
-22.53493881225586
-28.81110191345215
-26.869844436645508
-11.375153541564941
-27.091196060180664
-8.717419624328613
-28.047527313232422
-24.672109603881836
-31.99213218688965
-29.393157958984375
-19.54851722717285
-29.033903121948242
-20.271718978881836
-26.402402877807617
-20.486726760864258
-23.309545516967773
-34.24580764770508
-21.882936477661133
-31.92099952697754
-22.341236114501953
-31.963899612426758
-30.0992488861084
-29.070537567138672
-17.844465255737305
-25.365713119506836
-23.66722297668457
-30.077787399291992
-32.8270378112793
-24.93488121032715
-27.860212326049805
-15.734996795654297
-30.299251556396484
-22.613611221313477
-24.93498420715332
-32.557029724121094
-25.128345489501953
-22.30382537841797
-30.624597549438477
-25.4387264251709
-28.562450408935547
-16.816102981567383
-23.11870002746582
-31.445005416870117
-29.252031326293945
-26.403480529785156
-26.251359939575195
-18.20762062072754
-28.417755126953125
-25.593122482299805
-24.347929000854492
-20.422212600708008
-23.1197566986084
-35.5883903503418
-22.408634185791016
-29.907135009765625
-37.255252838134766
-31.604663848876953
-23.549680709838867
-19.128820419311523
-25.16073989868164
-20.204204559326172
-27.967832565307617
-24.223569869995117
-27.568632125854492
-13.13422679901123
-31.167367935180664
-33.23430252075195
-18.405263900756836
-24.41526222229004
-22.27434730529785
-29.18959617614746
-28.976871490478516
-31.925737380981445
-29.490314483642578
-30.64826011657715
-20.911298751831055
-17.858692169189453
-20.65654945373535
-30.78606605529785
-23.595325469970703
-13.306014060974121
-32.174217224121094
-16.716022491455078
-33.996246337890625
-24.276554107666016
-28.944149017333984
-9.879281044006348
-19.355815887451172
-25.911176681518555
-26.939971923828125
-33.07275390625
-27.925268173217773
-28.547149658203125
-30.058547973632812
-22.229354858398438
-10.754899978637695
-19.877796173095703
-22.33823013305664
-25.365644454956055
-22.63483238220215
-27.470430374145508
-23.949766159057617
-26.038450241088867
-21.917314529418945
-22.575376510620117
-17.985605239868164
-28.237186431884766
-25.641204833984375
-28.63842010498047
-25.38908576965332
-29.258548736572266
-29.9112491607666
-19.216217041015625
-2.3237640857696533
-23.17667579650879
-25.595046997070312
-29.45525550842285
-26.442323684692383
-19.15606117248535
-26.04664421081543
-30.458906173706055
-31.71489143371582
-30.450536727905273
-20.89034080505371
-28.5048770904541
-21.543615341186523
-24.91326332092285
-21.49824333190918
-26.80634880065918
-27.57724380493164
-28.803213119506836
-5.570709228515625
-23.021013259887695
-19.366180419921875
-30.555044174194336
-19.278728485107422
-28.564542770385742
-20.45847511291504
-28.71356201171875
-25.608776092529297
-33.24187088012695
-30.7558650970459
-24.31939697265625
-33.199249267578125
-18.142074584960938
-31.33580780029297
-26.19786262512207
-30.08394432067871
-23.924184799194336
-34.03108596801758
-32.71151351928711
-19.613615036010742
-30.939434051513672
-28.479394912719727
-36.079742431640625
-26.130769729614258
-30.81775665283203
-21.911388397216797
-28.22075843811035
-33.58311080932617
-30.898496627807617
-25.18105697631836
-34.402069091796875
-23.476795196533203
-27.56586456298828
-21.34023094177246
-15.757139205932617
-23.38507652282715
-20.781005859375
-27.635461807250977
-27.93218994140625
-24.107885360717773
-28.571928024291992
-18.812259674072266
-25.691341400146484
-26.3593807220459
-29.805002212524414
-24.852243423461914
-30.52125358581543
-30.55629539489746
-19.468360900878906
-37.58304977416992
-27.46425437927246
-24.47957992553711
-16.732036590576172
-19.88671875
-26.364322662353516
-30.363006591796875
-26.540376663208008
-16.935659408569336
-24.1413631439209
-16.715126037597656
-22.536916732788086
-24.7939395904541
-34.029666900634766
-32.00332260131836
-19.16345977783203
-12.134208679199219
-24.11199378967285
-29.396501541137695
-17.681854248046875
-24.814645767211914
-20.48162269592285
-15.861515045166016
-33.073486328125
-26.67593002319336
-26.89640998840332
-26.234962463378906
-31.088287353515625
-26.6838436126709
-26.878376007080078
-26.906099319458008
-26.499101638793945
-27.569108963012695
-32.0772819519043
-26.025304794311523
-35.26206588745117
-20.350364685058594
-21.92340850830078
-28.139604568481445
-33.51108932495117
-25.37755012512207
-5.773459434509277
-24.411991119384766
-27.107404708862305
-20.693140029907227
-26.764543533325195
-26.787343978881836
-30.825376510620117
-26.5837345123291
-33.913230895996094
-28.651987075805664
-21.956022262573242
-24.70787239074707
-25.649641036987305
-25.464365005493164
-21.224225997924805
-32.860008239746094
-32.012386322021484
-27.388513565063477
-38.49007797241211
-29.686744689941406
-26.03885269165039
-21.815793991088867
-23.06024169921875
-33.4387321472168
-26.961227416992188
-27.491823196411133
-26.257726669311523
-28.872121810913086
-31.02542495727539
-24.369020462036133
-28.226224899291992
-26.167970657348633
-31.70140266418457
-37.481346130371094
-33.16469192504883
-31.035642623901367
-28.867141723632812
-18.26116371154785
-27.165800094604492
-10.753169059753418
-24.425153732299805
-27.04277801513672
-23.139183044433594
-20.73476791381836
-29.829425811767578
-22.879837036132812
-25.774845123291016
-18.04550552368164
-19.290332794189453
-23.342844009399414
-28.88616371154785
-21.72763442993164
-27.17772102355957
-17.441139221191406
-18.18221092224121
-30.112796783447266
-32.49568557739258
-20.975326538085938
-26.595012664794922
-28.44129753112793
-22.452253341674805
-17.489843368530273
-27.605337142944336
-23.60219955444336
-29.33089828491211
-30.609373092651367
-21.82274627685547
-29.46409797668457
-22.05783462524414
-23.87051010131836
-26.32184410095215
-25.58360481262207
-20.52407455444336
-33.73106002807617
-34.4232292175293
-26.300966262817383
-24.395774841308594
-26.2963924407959
-25.70162010192871
-20.123884201049805
-26.963041305541992
-29.26423454284668
-28.353866577148438
-5.4945878982543945
-27.42784309387207
-29.40297508239746
-19.736886978149414
-23.348697662353516
-14.260431289672852
-19.467416763305664
-17.11170196533203
-28.38726043701172
-36.511905670166016
-24.725889205932617
-31.606725692749023
-16.935590744018555
-30.29752540588379
-7.123981475830078
-31.388383865356445
-29.87865447998047
-24.30423355102539
-16.139591217041016
-30.05782127380371
-25.349157333374023
-22.04668617248535
-26.617403030395508
-25.485103607177734
-19.11528205871582
-32.740089416503906
-20.991846084594727
-27.690513610839844
-13.200201988220215
-30.249996185302734
-20.109283447265625
-27.144315719604492
-27.814929962158203
-26.190303802490234
-22.775598526000977
-41.62562942504883
-26.864213943481445
-23.8566951751709
-25.71405601501465
-22.63627815246582
-26.000024795532227
-21.209314346313477
-29.94627571105957
-25.481889724731445
-1.1086755990982056
-28.03272819519043
-25.550504684448242
