-18.28982925415039
-16.268056869506836
-18.3053035736084
-16.189542770385742
-17.508228302001953
-16.44984245300293
-19.184656143188477
-16.245222091674805
-13.319086074829102
-18.51994514465332
-17.045900344848633
-15.570764541625977
-17.654197692871094
-17.32522964477539
-13.236812591552734
-16.001083374023438
-17.70522117614746
-17.232492446899414
-18.255809783935547
-19.21515464782715
-17.46860122680664
-18.974712371826172
-17.353504180908203
-16.935317993164062
-17.743865966796875
-16.5145206451416
-17.339292526245117
-16.32436180114746
-15.914897918701172
-12.012378692626953
-18.4284725189209
-15.228857040405273
-15.82944107055664
-16.9833927154541
-17.95208168029785
-18.482389450073242
-16.174728393554688
-18.092878341674805
-17.837718963623047
-18.070392608642578
-16.802370071411133
-16.734039306640625
-17.905611038208008
-17.954004287719727
-16.514699935913086
-17.752897262573242
-16.659137725830078
-18.64529037475586
-18.783447265625
-17.271100997924805
-19.531368255615234
-18.88838768005371
-17.988658905029297
-18.010717391967773
-16.801572799682617
-17.581457138061523
-18.4591007232666
-17.88536262512207
-18.58383560180664
-16.5705509185791
-18.393821716308594
-16.300506591796875
-16.84440040588379
-16.780433654785156
-13.528321266174316
-16.774307250976562
-18.204450607299805
-17.336688995361328
-17.217573165893555
-18.786861419677734
-18.215600967407227
-17.266576766967773
-16.614547729492188
-17.58325958251953
-15.246095657348633
-17.178895950317383
-16.655054092407227
-18.13443374633789
-16.667865753173828
-18.16415023803711
-18.142932891845703
-17.2530460357666
-15.928655624389648
-17.85713005065918
-18.524110794067383
-19.475053787231445
-18.648805618286133
-16.484092712402344
-16.30596160888672
-17.833026885986328
-16.845287322998047
-18.572832107543945
-19.629819869995117
-18.394006729125977
-18.3679141998291
-17.835216522216797
-17.168684005737305
-16.289392471313477
-16.37068748474121
-18.252010345458984
-15.611287117004395
-18.727380752563477
-18.427221298217773
-18.69845962524414
-18.568756103515625
-15.16357421875
-17.540956497192383
-17.35383415222168
-19.109342575073242
-14.784278869628906
-16.808664321899414
-14.838945388793945
-15.570219993591309
-17.592294692993164
-16.106340408325195
-18.672658920288086
-19.568256378173828
-18.462038040161133
-17.57117462158203
-19.068960189819336
-18.690990447998047
-19.438955307006836
-19.008174896240234
-16.190885543823242
-18.856019973754883
-17.688447952270508
-16.111921310424805
-19.3165225982666
-16.76721954345703
-18.92540168762207
-16.58186912536621
-18.359481811523438
-17.862058639526367
-18.795400619506836
-15.47596549987793
-17.805845260620117
-16.667634963989258
-18.41330337524414
-12.36104679107666
-18.237773895263672
-18.491073608398438
-17.036584854125977
-18.36830711364746
-15.910399436950684
-18.409250259399414
-18.070890426635742
-16.871599197387695
-17.23358154296875
-16.795080184936523
-17.243793487548828
-18.315635681152344
-18.49785804748535
-17.565242767333984
-19.135942459106445
-17.38043785095215
-17.501188278198242
-18.516708374023438
-17.29656982421875
-16.264883041381836
-16.253585815429688
-17.326332092285156
-17.16706657409668
-16.694429397583008
-15.645623207092285
-13.966787338256836
-13.872940063476562
-15.484467506408691
-16.58512306213379
-14.940948486328125
-17.383129119873047
-16.09208106994629
-17.71631622314453
-17.078327178955078
-18.146074295043945
-15.247326850891113
-18.53016471862793
-17.8665771484375
-16.561376571655273
-17.822731018066406
-16.92444610595703
-17.123672485351562
-17.914487838745117
-17.52167320251465
-16.588459014892578
-16.391801834106445
-14.864269256591797
-18.435453414916992
-18.10944938659668
-17.3721866607666
-19.103342056274414
-18.28246307373047
-17.837844848632812
-18.46123695373535
-18.90085792541504
-18.138151168823242
-19.012924194335938
-16.708141326904297
-14.886320114135742
-16.973217010498047
-18.159812927246094
-15.530717849731445
-18.543039321899414
-17.941619873046875
-18.483734130859375
-19.28432273864746
-17.47491455078125
-17.032669067382812
-17.624860763549805
-13.267512321472168
-17.70443344116211
-17.51836585998535
-15.326333999633789
-16.48194122314453
-14.928849220275879
-16.074277877807617
-18.14512062072754
-16.199058532714844
-18.89873695373535
-19.495351791381836
-16.7791690826416
-16.315515518188477
-17.934049606323242
-18.6121826171875
-17.844322204589844
-18.483257293701172
-17.792774200439453
-16.790929794311523
-16.689170837402344
-15.741053581237793
-17.50564956665039
-17.7081298828125
-17.46392250061035
-15.634387016296387
-16.292160034179688
-17.250642776489258
-16.706233978271484
-17.971134185791016
-17.045549392700195
-18.213809967041016
-19.643144607543945
-18.437637329101562
-12.911426544189453
-13.675848960876465
-16.21056365966797
-15.652388572692871
-16.74310874938965
-17.277463912963867
-16.707948684692383
-17.314496994018555
-18.224491119384766
-15.995429992675781
-13.034133911132812
-19.025495529174805
-19.105466842651367
-11.175008773803711
-18.980783462524414
-19.37404441833496
-17.583620071411133
-16.5272274017334
-18.106815338134766
-18.252302169799805
-15.452422142028809
-18.918230056762695
-17.993091583251953
-17.533571243286133
-17.38797950744629
-16.86994171142578
-13.44359016418457
-17.500654220581055
-15.77928352355957
-19.955707550048828
-17.10698127746582
-18.389049530029297
-15.14161491394043
-17.1811580657959
-19.69727325439453
-17.989572525024414
-17.831499099731445
-17.264915466308594
-17.30424690246582
-17.173995971679688
-19.897260665893555
-19.023988723754883
-18.06698226928711
-16.349720001220703
-16.031688690185547
-18.47612190246582
-17.156002044677734
-10.5743989944458
-18.04623031616211
-17.08007049560547
-13.742742538452148
-13.953554153442383
-18.307140350341797
-13.604409217834473
-15.73360824584961
-17.06585693359375
-18.42289924621582
-17.180665969848633
-14.994162559509277
-18.821693420410156
-16.004863739013672
-17.036489486694336
-18.09610366821289
-16.448104858398438
-18.450721740722656
-17.434724807739258
-19.018798828125
-17.519643783569336
-17.48394012451172
-15.205446243286133
-17.657276153564453
-17.58974266052246
-19.140209197998047
-19.10613441467285
-15.077934265136719
-16.408220291137695
-17.592405319213867
-17.65224266052246
-16.96375846862793
-15.189414024353027
-16.31827735900879
-18.138654708862305
-18.410768508911133
-18.7888126373291
-18.646038055419922
-17.51021957397461
-18.56482696533203
-16.09601402282715
-15.713338851928711
-18.720823287963867
-18.39432144165039
-15.6802978515625
-17.58584976196289
-19.723108291625977
-18.61492919921875
-16.83712387084961
-18.55779457092285
-16.739072799682617
-18.025575637817383
-17.02421760559082
-15.346458435058594
-16.921066284179688
-18.70765495300293
-18.326889038085938
-16.88123893737793
-18.07642364501953
-17.842670440673828
-12.832499504089355
-18.401025772094727
-19.878110885620117
-15.847002029418945
-17.502004623413086
-16.491186141967773
-16.50447654724121
-17.441503524780273
-18.277135848999023
-16.949586868286133
-15.830711364746094
-18.125574111938477
-11.518186569213867
-17.392547607421875
-17.8558349609375
-12.94124984741211
-18.110036849975586
-17.36662483215332
-17.39508056640625
-18.416902542114258
-18.821800231933594
-17.917207717895508
-16.373979568481445
-17.92017936706543
-17.292400360107422
-17.59169578552246
-18.449560165405273
-17.686321258544922
-15.64317512512207
-18.06020736694336
-18.11161231994629
-14.970993041992188
-18.52869415283203
-16.680156707763672
-13.13155460357666
-15.10082721710205
-19.14120101928711
-16.54022789001465
-16.546344757080078
-17.179733276367188
-18.4706974029541
-18.460758209228516
-17.497358322143555
-18.149459838867188
-19.34353256225586
-18.0212459564209
-18.645505905151367
-17.01658821105957
-18.026992797851562
-16.922761917114258
-18.21706199645996
-17.762563705444336
-17.341333389282227
-16.78719711303711
-17.14884376525879
-17.9334659576416
-16.655424118041992
-18.159761428833008
-18.606529235839844
-17.027727127075195
-8.387706756591797
-17.72413444519043
-18.593698501586914
-18.64702796936035
-15.991931915283203
-18.843420028686523
-16.837244033813477
-18.2602596282959
-16.73371124267578
-17.750621795654297
-19.41240119934082
-16.959453582763672
-18.69277000427246
-17.566425323486328
-18.199743270874023
-16.9525203704834
-14.343343734741211
-19.478614807128906
-18.694002151489258
-17.806814193725586
-16.20225715637207
-16.37090492248535
-17.234066009521484
-17.733070373535156
-16.777061462402344
-18.617887496948242
-18.09700584411621
-16.893157958984375
-15.867205619812012
-17.102210998535156
-18.664113998413086
-17.905004501342773
-16.64316749572754
-18.323558807373047
-17.704940795898438
-16.902498245239258
-18.428850173950195
-15.589574813842773
-18.63785743713379
-19.541881561279297
-19.0933780670166
-18.25944709777832
-16.983325958251953
-14.29157543182373
-18.12220573425293
-17.750917434692383
-17.51665687561035
-13.22330379486084
-17.829145431518555
-18.933345794677734
-18.463815689086914
-18.494443893432617
-17.839815139770508
-17.8038330078125
-18.530624389648438
-18.021577835083008
-16.687660217285156
-18.282438278198242
-16.832523345947266
-16.89813804626465
-18.252979278564453
-17.243568420410156
-16.084253311157227
-18.188251495361328
-16.317041397094727
-18.8088321685791
-14.903940200805664
-18.255828857421875
-18.145315170288086
-17.080228805541992
-18.8883056640625
-19.421749114990234
-17.679462432861328
-19.366395950317383
-18.265079498291016
-18.619813919067383
-16.64740562438965
-17.98966407775879
-18.032655715942383
-15.775260925292969
-19.331037521362305
-17.99925994873047
-17.40620994567871
-16.301048278808594
-17.508319854736328
-18.4501953125
-17.817386627197266
-16.30862045288086
-16.78840446472168
-18.55499839782715
-16.492990493774414
-17.761442184448242
-18.15528678894043
-14.231738090515137
-17.78171730041504
-17.833139419555664
-16.345928192138672
-16.96758460998535
-18.04142951965332
-20.186845779418945
-17.893672943115234
-18.674816131591797
-14.026947021484375
-16.850120544433594
-17.507720947265625
-14.973630905151367
-17.96424674987793
-14.287125587463379
-16.987476348876953
-16.806285858154297
-17.024524688720703
-19.97705841064453
-16.4705810546875
-15.877904891967773
-15.69161319732666
-18.32271385192871
-17.81398582458496
-14.922536849975586
-16.855688095092773
-8.40558910369873
-17.40534210205078
-12.692183494567871
-16.773574829101562
-16.110754013061523
-16.117277145385742
-15.677789688110352
-18.43547248840332
-17.407838821411133
-16.620927810668945
-18.132862091064453
-17.77143669128418
-10.944245338439941
-17.506210327148438
-16.18226432800293
-19.721540451049805
-19.271989822387695
-16.56244468688965
-18.06465721130371
-17.313196182250977
-10.973252296447754
-16.96234893798828
-16.23741340637207
-17.72171974182129
-18.71751594543457
-19.89274024963379
-18.292335510253906
-16.14276885986328
-17.333175659179688
-19.128557205200195
-16.397045135498047
-10.864551544189453
-18.24981689453125
-18.650924682617188
-16.533430099487305
-13.49232292175293
-18.448299407958984
-17.316253662109375
-16.843402862548828
-18.175270080566406
-19.427766799926758
-19.41876220703125
-15.284793853759766
-16.804180145263672
-18.742645263671875
-16.863990783691406
-18.405391693115234
-19.358318328857422
-17.09825325012207
-18.04410743713379
-10.317238807678223
-18.354808807373047
-18.647239685058594
-18.618738174438477
-19.052345275878906
-16.739046096801758
-18.982467651367188
-17.33506202697754
-19.04058837890625
-16.0659236907959
-17.169248580932617
-18.812763214111328
-19.88629913330078
-15.974220275878906
-14.307906150817871
-18.00309944152832
-16.266399383544922
-17.18158721923828
-15.035369873046875
-15.895988464355469
-13.378805160522461
-18.734756469726562
-19.043041229248047
-16.580873489379883
-18.600425720214844
-15.885610580444336
-17.713348388671875
-18.2994327545166
-16.516765594482422
-18.025466918945312
-17.959941864013672
-16.771385192871094
-16.46099281311035
-17.125282287597656
-18.41314697265625
-17.790569305419922
-18.757123947143555
-17.6480712890625
-14.535954475402832
-19.49840545654297
-18.521764755249023
-19.09164047241211
-19.154296875
-16.964479446411133
-16.990741729736328
-13.802722930908203
-19.516071319580078
-17.172767639160156
-18.289091110229492
-18.243688583374023
-18.268320083618164
-18.845829010009766
-17.834959030151367
-18.460987091064453
-17.484743118286133
-15.872673034667969
-16.87080192565918
-15.00378131866455
-17.011722564697266
-16.06907844543457
-15.960681915283203
-17.94771385192871
-18.543668746948242
-18.47972869873047
-18.38689422607422
-18.744815826416016
-15.356649398803711
-16.980342864990234
-18.332693099975586
-12.395106315612793
-17.584638595581055
-16.732221603393555
-18.470415115356445
-15.483705520629883
-17.3350772857666
-18.83180809020996
-18.266643524169922
-14.736804008483887
-16.90959358215332
-17.55780029296875
-17.190662384033203
-18.248462677001953
-15.106437683105469
-18.927156448364258
-17.953481674194336
-18.088417053222656
-15.271316528320312
-16.7375431060791
-17.76481056213379
-16.32219696044922
-16.54524803161621
-18.02864646911621
-16.6369686126709
-18.149906158447266
-15.960712432861328
-17.9857120513916
-17.858339309692383
-18.25826072692871
-18.199541091918945
-13.445287704467773
-17.714527130126953
-17.72509765625
-18.432571411132812
-16.864395141601562
-17.27815818786621
-18.180408477783203
-17.828258514404297
-17.10111427307129
-16.819360733032227
-17.750553131103516
-15.230255126953125
-17.520410537719727
-15.02477741241455
-18.840904235839844
-18.72707748413086
-17.387365341186523
-17.38655662536621
-14.714879989624023
-17.9835262298584
-18.575464248657227
-17.717012405395508
-16.939571380615234
-17.882421493530273
-16.960248947143555
-16.96518898010254
-16.44010353088379
-17.293846130371094
-16.23659896850586
-15.193845748901367
-19.319276809692383
-18.12859535217285
-18.461143493652344
-17.17017936706543
-16.801258087158203
-16.259252548217773
-11.976591110229492
-17.28690528869629
-18.810781478881836
-16.262374877929688
-17.465370178222656
-16.524866104125977
-19.0030517578125
-18.331165313720703
-15.008557319641113
-19.117040634155273
-17.653505325317383
-17.428007125854492
-18.801406860351562
-18.837589263916016
-17.15713119506836
-15.410429954528809
-16.909700393676758
-17.388126373291016
-18.27396011352539
-18.173677444458008
-18.513519287109375
-18.064050674438477
-16.355772018432617
-17.334537506103516
-15.461298942565918
-16.764806747436523
-18.475481033325195
-19.19119644165039
-17.591848373413086
-17.77473258972168
-18.578182220458984
-18.899911880493164
-7.870723247528076
-17.320476531982422
-14.25976848602295
-19.297452926635742
-11.862285614013672
-15.733588218688965
-18.920425415039062
-16.47774314880371
-17.12114143371582
-16.724899291992188
-17.259809494018555
-17.93865203857422
-16.846128463745117
-17.17974090576172
-18.327306747436523
-17.855440139770508
-13.297365188598633
-17.604841232299805
-18.161556243896484
-18.76669692993164
-18.601926803588867
-18.237180709838867
-13.837987899780273
-13.207013130187988
-18.143442153930664
-7.818966388702393
-16.824237823486328
-16.27846336364746
-17.051998138427734
-5.788849353790283
-17.16697120666504
-14.017601013183594
-17.90946388244629
-17.5989933013916
-19.099205017089844
-17.00368309020996
-19.64471435546875
-16.334609985351562
-15.538054466247559
-19.11886215209961
-16.59942054748535
-18.75242042541504
-16.793071746826172
-10.039474487304688
-16.373933792114258
-18.676219940185547
-18.62772560119629
-15.753828048706055
-18.681941986083984
-17.53846549987793
-17.88982582092285
-18.637998580932617
-18.67073631286621
-16.78586769104004
-19.336767196655273
-17.204057693481445
-17.72123146057129
-18.066936492919922
-15.31631088256836
-17.318843841552734
-17.238033294677734
-17.514135360717773
-19.099952697753906
-19.05652618408203
-19.12788963317871
-16.82862091064453
-15.414247512817383
-16.764522552490234
-19.861583709716797
-16.912155151367188
-17.601482391357422
-16.971405029296875
-17.962865829467773
-16.196413040161133
-18.154443740844727
-11.884992599487305
-17.586631774902344
-16.66581916809082
-16.37843132019043
-18.445030212402344
-19.388986587524414
-16.36810302734375
-17.768327713012695
-19.319307327270508
-17.33701515197754
-17.65511131286621
-17.881563186645508
-16.20960235595703
-14.184537887573242
-18.920679092407227
-18.563276290893555
-17.68463134765625
-17.98218536376953
-15.172834396362305
-16.43938446044922
-16.692325592041016
-17.832048416137695
-18.095243453979492
-17.93102264404297
-17.637939453125
-18.75995445251465
-19.136714935302734
-19.55251693725586
-18.471521377563477
-17.333539962768555
-16.649919509887695
-16.378644943237305
-16.77638816833496
-18.707643508911133
-16.199840545654297
-7.578738212585449
-15.903297424316406
-18.919301986694336
-18.266813278198242
-17.802621841430664
-18.562631607055664
-17.168542861938477
-16.54725456237793
-17.196313858032227
-17.44370460510254
-18.05121612548828
-15.78042984008789
-16.729127883911133
-16.195329666137695
-19.76752471923828
-18.2442569732666
-16.71347427368164
-18.644445419311523
-18.927093505859375
-14.440399169921875
-16.65102767944336
-18.671703338623047
-17.969375610351562
-13.370295524597168
-17.043563842773438
-15.795257568359375
-12.701106071472168
-17.678606033325195
-17.834060668945312
-18.18296241760254
-17.54025650024414
-19.89151382446289
-17.90532684326172
-18.709562301635742
-16.9473934173584
-15.307829856872559
-16.692821502685547
-16.21685218811035
-17.923677444458008
-17.715675354003906
-17.22549057006836
-16.281049728393555
-16.92022132873535
-17.2246036529541
-17.374963760375977
-19.22211265563965
-12.421318054199219
-16.888105392456055
-18.46190071105957
-10.520769119262695
-17.292264938354492
-17.830278396606445
-15.180950164794922
-14.94018840789795
-19.195680618286133
-16.971433639526367
-18.292282104492188
-18.132688522338867
-17.091188430786133
-10.005241394042969
-18.758819580078125
-18.673797607421875
-15.81147575378418
-17.95418930053711
-18.05375099182129
-19.49732780456543
-18.448190689086914
-17.616355895996094
-14.866292953491211
-17.94156837463379
-17.535884857177734
-18.067537307739258
-16.03144645690918
-16.07783317565918
-15.596004486083984
-17.85898208618164
-15.952742576599121
-15.842339515686035
-17.086666107177734
-18.28976058959961
-17.41214370727539
-17.98881721496582
-16.637496948242188
-13.868002891540527
-15.715761184692383
-17.110071182250977
-18.174936294555664
-17.843891143798828
-15.693787574768066
-18.502517700195312
-19.082979202270508
-18.537137985229492
-17.24757194519043
-14.368274688720703
-18.320165634155273
-15.90342903137207
-15.760602951049805
-15.047723770141602
-17.897838592529297
-19.45313262939453
-16.953109741210938
-17.795839309692383
-16.889657974243164
-16.9888858795166
-16.531461715698242
-18.612167358398438
-16.88542366027832
-16.865732192993164
-17.24912452697754
-18.092477798461914
-17.947437286376953
-18.771760940551758
-17.621387481689453
-16.12588119506836
-17.839824676513672
-17.94215965270996
-18.528793334960938
-17.663742065429688
-18.85106086730957
-16.837203979492188
-17.45990562438965
-18.914043426513672
-19.340513229370117
-19.211029052734375
-17.366615295410156
-18.218276977539062
-17.082483291625977
-19.886415481567383
-18.927831649780273
-16.430004119873047
-15.631972312927246
-18.298635482788086
-16.46063804626465
-17.736732482910156
-17.58431053161621
-13.210654258728027
-17.307458877563477
-17.635074615478516
-18.9428768157959
-16.860774993896484
-17.518896102905273
-15.51162338256836
-18.05048179626465
-17.25182342529297
-17.22235870361328
-14.896305084228516
-18.160242080688477
-16.117847442626953
-18.824691772460938
-16.496082305908203
-18.13290023803711
-17.088579177856445
-18.879579544067383
-16.1905460357666
-16.175745010375977
-18.02614402770996
-16.569387435913086
-16.31829071044922
-18.063129425048828
-17.14368438720703
-15.326407432556152
-15.95071792602539
-17.402280807495117
-17.09571647644043
-18.217817306518555
-18.682353973388672
-17.4515380859375
-18.21271324157715
-16.6575984954834
-16.331314086914062
-17.714115142822266
-17.70383071899414
-17.107988357543945
-16.476701736450195
-15.722644805908203
-15.031462669372559
-17.793418884277344
-15.483777046203613
-15.703288078308105
-16.301456451416016
-18.00373649597168
-18.63233757019043
-15.729307174682617
-19.288034439086914
-17.81160545349121
-18.066286087036133
-17.155550003051758
-16.818025588989258
-17.805526733398438
-18.6259765625
-16.993972778320312
-17.735387802124023
-15.897804260253906
-18.587366104125977
-17.898778915405273
-17.26674461364746
-19.244518280029297
-18.599578857421875
-18.48544692993164
-18.51241683959961
-17.492809295654297
-17.702350616455078
-18.634502410888672
-17.423168182373047
-19.061540603637695
-16.202112197875977
-18.39162254333496
-16.41493034362793
-16.601219177246094
-16.696392059326172
-13.45753288269043
-16.973676681518555
-18.01801872253418
-18.339719772338867
-17.27895736694336
-19.037485122680664
-18.54172134399414
-17.160043716430664
-16.32538414001465
-16.888940811157227
-16.67982292175293
-16.857852935791016
-16.173154830932617
-18.163463592529297
-15.928110122680664
-18.09082794189453
-17.80081558227539
-17.537622451782227
-15.939082145690918
-17.84127426147461
-18.475845336914062
-19.377948760986328
-18.334918975830078
-18.303443908691406
-16.1097469329834
-18.79057502746582
-16.910795211791992
-18.19032859802246
-19.32759666442871
-18.144563674926758
-18.412851333618164
-18.028228759765625
-17.766294479370117
-16.732337951660156
-16.275239944458008
-18.477643966674805
-15.62674331665039
-18.814491271972656
-18.19734764099121
-18.844985961914062
-18.339176177978516
-18.0327091217041
-17.61216926574707
-17.71016502380371
-18.623821258544922
-15.065977096557617
-16.93614387512207
-15.932642936706543
-15.453705787658691
-17.608964920043945
-15.976875305175781
-19.065637588500977
-19.29092788696289
-18.843412399291992
-17.929946899414062
-18.669818878173828
-18.175464630126953
-18.92554473876953
-18.499589920043945
-16.398487091064453
-18.01352882385254
-17.591228485107422
-16.126253128051758
-19.6164608001709
-16.523874282836914
-18.899320602416992
-16.63671875
-18.341943740844727
-18.259695053100586
-18.922914505004883
-15.770072937011719
-17.660688400268555
-17.006698608398438
-18.208284378051758
-13.227952003479004
-17.879610061645508
-18.7491397857666
-17.350582122802734
-17.212406158447266
-15.901159286499023
-18.13214874267578
-18.545124053955078
-16.868249893188477
-17.05179786682129
-16.468542098999023
-17.2481689453125
-18.380586624145508
-18.16925621032715
-17.712684631347656
-19.011127471923828
-17.434722900390625
-17.390684127807617
-18.453704833984375
-17.071880340576172
-16.22189712524414
-16.37370491027832
-16.705739974975586
-16.994144439697266
-16.536115646362305
-16.21579360961914
-14.343416213989258
-13.231705665588379
-15.696006774902344
-16.96255874633789
-16.155506134033203
-18.036052703857422
-16.40862274169922
-17.578840255737305
-16.629777908325195
-17.971460342407227
-14.95561408996582
-18.207929611206055
-17.807405471801758
-16.629281997680664
-18.11345100402832
-15.853766441345215
-17.73401641845703
-18.05446434020996
-17.577945709228516
-16.366445541381836
-16.65529441833496
-16.123048782348633
-18.76457977294922
-18.151966094970703
-17.71177101135254
-19.023550033569336
-18.127111434936523
-17.735979080200195
-18.279510498046875
-18.435422897338867
-18.750144958496094
-19.084646224975586
-16.60566520690918
-14.37589168548584
-17.39914894104004
-18.18044090270996
-16.734830856323242
-18.533130645751953
-17.998092651367188
-18.17914581298828
-19.389713287353516
-17.270402908325195
-16.71786880493164
-17.713890075683594
-13.686806678771973
-17.651872634887695
-18.872699737548828
-16.746877670288086
-16.848541259765625
-17.437267303466797
-16.579551696777344
-18.616132736206055
-16.759418487548828
-18.873899459838867
-19.52665138244629
-17.366811752319336
-15.998302459716797
-18.05889320373535
-18.917343139648438
-17.496156692504883
-18.54465675354004
-17.910531997680664
-16.867389678955078
-16.5861873626709
-16.142719268798828
-17.533348083496094
-17.41016387939453
-17.594993591308594
-16.52274513244629
-16.06944465637207
-17.08864974975586
-16.589479446411133
-18.023269653320312
-17.0577335357666
-18.062667846679688
-19.172500610351562
-18.097942352294922
-13.801359176635742
-14.357988357543945
-16.876888275146484
-16.013883590698242
-16.708810806274414
-16.953475952148438
-16.20461654663086
-17.20233917236328
-19.234193801879883
-15.781719207763672
-14.129122734069824
-18.95758056640625
-19.175668716430664
-12.530216217041016
-18.683961868286133
-19.276500701904297
-17.550701141357422
-17.664026260375977
-17.67047691345215
-17.82408332824707
-15.839877128601074
-19.092329025268555
-16.52427101135254
-17.76903533935547
-16.97027015686035
-17.46588134765625
-16.410816192626953
-17.393465042114258
-17.18071174621582
-19.695266723632812
-16.76691246032715
-17.74496078491211
-14.74832820892334
-17.389020919799805
-19.52143669128418
-17.279470443725586
-18.551618576049805
-17.4161376953125
-17.647512435913086
-16.5720272064209
-19.729684829711914
-19.05900001525879
-15.46300220489502
-16.1085262298584
-16.08245086669922
-18.573673248291016
-16.4385986328125
-12.59065055847168
-17.89132308959961
-17.171974182128906
-14.141654968261719
-14.946993827819824
-18.030067443847656
-15.332185745239258
-17.367414474487305
-16.9409122467041
-17.786453247070312
-16.603870391845703
-15.22397518157959
-18.61578941345215
-15.558911323547363
-16.963417053222656
-17.894739151000977
-16.734851837158203
-18.254566192626953
-18.15338706970215
-18.831859588623047
-17.336719512939453
-17.702999114990234
-13.752946853637695
-17.718358993530273
-17.676321029663086
-18.95937728881836
-19.203168869018555
-17.252708435058594
-16.75136375427246
-18.04445457458496
-17.58609390258789
-17.129579544067383
-16.02182960510254
-16.615745544433594
-18.178743362426758
-18.134946823120117
-18.816972732543945
-18.52936553955078
-17.877605438232422
-18.47784423828125
-17.553075790405273
-18.47366714477539
-18.684457778930664
-18.325056076049805
-15.651962280273438
-17.9197940826416
-19.640153884887695
-18.403921127319336
-16.270132064819336
-18.592660903930664
-17.391586303710938
-18.15636444091797
-16.864118576049805
-15.543643951416016
-16.667694091796875
-18.439659118652344
-18.31581687927246
-16.772489547729492
-18.457874298095703
-17.748167037963867
-14.067636489868164
-17.755590438842773
-20.022815704345703
-15.998420715332031
-16.484176635742188
-16.876501083374023
-17.121694564819336
-16.920490264892578
-17.87523078918457
-17.370092391967773
-15.640583038330078
-18.227832794189453
-11.587862968444824
-17.707340240478516
-17.74687385559082
-12.580331802368164
-17.721773147583008
-16.858854293823242
-17.284875869750977
-18.23731803894043
-18.786766052246094
-17.414331436157227
-16.445255279541016
-18.30955696105957
-17.574201583862305
-17.78132438659668
-18.436973571777344
-17.717195510864258
-16.021100997924805
-18.058122634887695
-18.193538665771484
-14.03287124633789
-18.311676025390625
-16.09310531616211
-15.777392387390137
-15.40093994140625
-19.271718978881836
-16.62687110900879
-17.790557861328125
-16.780534744262695
-18.428916931152344
-18.65206527709961
-17.11367416381836
-18.123903274536133
-19.122262954711914
-17.74857521057129
-18.583040237426758
-17.2069034576416
-17.687156677246094
-17.194374084472656
-18.589143753051758
-18.084897994995117
-17.64590072631836
-17.149213790893555
-17.013559341430664
-17.87447166442871
-16.661962509155273
-18.37810707092285
-18.57140350341797
-16.94977378845215
-13.832343101501465
-17.820680618286133
-18.515714645385742
-18.449934005737305
-17.010448455810547
-18.875486373901367
-16.147798538208008
-18.219541549682617
-16.21177864074707
-17.45362663269043
-19.019245147705078
-16.741308212280273
-18.66266632080078
-17.762554168701172
-18.364187240600586
-16.967893600463867
-14.381596565246582
-18.618955612182617
-18.393877029418945
-17.544090270996094
-16.325105667114258
-17.007129669189453
-17.284950256347656
-17.888010025024414
-17.65696907043457
-18.523399353027344
-17.985679626464844
-16.70676612854004
-18.007089614868164
-15.772361755371094
-18.78030776977539
-17.51788902282715
-16.598508834838867
-18.627885818481445
-17.931564331054688
-16.92815589904785
-18.67215919494629
-15.28919506072998
-18.592695236206055
-19.187273025512695
-19.101951599121094
-18.53992462158203
-17.94200325012207
-14.624610900878906
-17.926393508911133
-17.223388671875
-17.5760498046875
-15.63906478881836
-18.126571655273438
-18.28902816772461
-18.442962646484375
-18.40398406982422
-17.828601837158203
-18.152050018310547
-18.19075584411621
-18.332605361938477
-16.530452728271484
-18.58076286315918
-16.429119110107422
-16.830446243286133
-18.098569869995117
-17.41411018371582
-15.90356159210205
-18.33406639099121
-16.5935115814209
-18.59574317932129
-14.927453994750977
-18.36787986755371
-17.669553756713867
-17.25804328918457
-18.811811447143555
-19.365087509155273
-18.36280632019043
-19.444000244140625
-17.7485408782959
-18.545427322387695
-16.67141342163086
-18.534265518188477
-18.220439910888672
-14.988312721252441
-18.801692962646484
-18.271806716918945
-18.208452224731445
-16.545995712280273
-16.830778121948242
-18.069259643554688
-17.961326599121094
-16.250038146972656
-16.583168029785156
-18.108762741088867
-16.5169620513916
-17.439035415649414
-18.493247985839844
-15.435863494873047
-17.634986877441406
-17.384492874145508
-16.84345054626465
-16.64759063720703
-17.89250946044922
-19.931806564331055
-18.373868942260742
-18.978200912475586
-16.609498977661133
-16.935619354248047
-17.41706657409668
-15.782186508178711
-18.533185958862305
-17.13389778137207
-16.859840393066406
-17.77989387512207
-17.462074279785156
-19.82737922668457
-16.732938766479492
-15.67713451385498
-18.57194709777832
-18.458450317382812
-17.733360290527344
-15.360496520996094
-17.153261184692383
-12.616889953613281
-17.505184173583984
-12.63440227508545
-17.068893432617188
-17.119142532348633
-17.073251724243164
-16.529682159423828
-19.309350967407227
-17.812671661376953
-16.54678726196289
-18.081222534179688
-17.6052188873291
-11.356244087219238
-16.888471603393555
-16.055288314819336
-20.063695907592773
-19.384014129638672
-16.184206008911133
-18.081884384155273
-16.882173538208008
-14.470287322998047
-16.96295738220215
-15.30621337890625
-18.014921188354492
-18.591997146606445
-20.164588928222656
-17.733627319335938
-16.842775344848633
-16.86151695251465
-18.726072311401367
-15.728081703186035
-11.719611167907715
-18.046525955200195
-18.512849807739258
-16.937686920166016
-14.740291595458984
-18.483280181884766
-17.385025024414062
-17.076574325561523
-17.123821258544922
-19.37548065185547
-19.389022827148438
-14.976250648498535
-16.7199649810791
-19.095579147338867
-16.769132614135742
-19.218116760253906
-19.032581329345703
-16.673404693603516
-18.608747482299805
-11.66018009185791
-18.384319305419922
-18.260526657104492
-18.375228881835938
-18.67378044128418
-17.597185134887695
-18.425357818603516
-16.96794319152832
-18.831268310546875
-16.778444290161133
-17.32626724243164
-19.11904525756836
-19.575775146484375
-15.764603614807129
-13.281184196472168
-18.091814041137695
-16.411334991455078
-17.040517807006836
-15.12322998046875
-16.436677932739258
-17.010313034057617
-19.1868953704834
-18.765899658203125
-16.828248977661133
-18.752758026123047
-15.277846336364746
-17.823163986206055
-17.953571319580078
-17.01187515258789
-18.138010025024414
-17.456199645996094
-16.697589874267578
-16.312070846557617
-17.059341430664062
-17.99363899230957
-17.70724868774414
-19.228553771972656
-17.463777542114258
-15.951454162597656
-18.634765625
-18.496179580688477
-18.762983322143555
-19.010997772216797
-16.677791595458984
-17.585712432861328
-14.566465377807617
-19.264875411987305
-17.318201065063477
-18.153249740600586
-17.944807052612305
-18.311767578125
-19.037960052490234
-17.463247299194336
-18.664724349975586
-18.054792404174805
-16.21089744567871
-16.896501541137695
-15.226821899414062
-16.664108276367188
-17.014577865600586
-15.590011596679688
-18.26128578186035
-18.532440185546875
-18.854013442993164
-18.47549057006836
-18.301956176757812
-15.911809921264648
-16.205036163330078
-17.894275665283203
-15.060358047485352
-17.277463912963867
-15.953807830810547
-18.092458724975586
-15.385251998901367
-18.019319534301758
-18.84682846069336
-17.929506301879883
-15.042652130126953
-17.163841247558594
-18.706722259521484
-17.009902954101562
-18.047107696533203
-13.970629692077637
-18.604488372802734
-17.84886360168457
-18.59246253967285
-16.869237899780273
-16.150012969970703
-17.6966495513916
-16.2166748046875
-16.783954620361328
-18.045724868774414
-17.22548484802246
-18.228931427001953
-15.25109577178955
-17.605247497558594
-18.091569900512695
-16.938993453979492
-18.212657928466797
-13.959367752075195
-17.999963760375977
-17.844711303710938
-18.374298095703125
-17.061189651489258
-17.3493595123291
-18.616674423217773
-17.277917861938477
-17.507152557373047
-16.93281364440918
-17.92654037475586
-15.739489555358887
-17.740110397338867
-15.873098373413086
-18.791959762573242
-19.296321868896484
-17.5871639251709
-17.44712257385254
-17.381973266601562
-17.992021560668945
-18.66335105895996
-17.90140724182129
-16.863813400268555
-18.21306800842285
-16.291973114013672
-17.387773513793945
-16.103944778442383
-17.162160873413086
-18.652721405029297
-13.670188903808594
-19.221284866333008
-17.3193416595459
-18.367748260498047
-17.300487518310547
-16.75649070739746
-16.797452926635742
-16.77472686767578
-17.638999938964844
-18.64361000061035
-15.493911743164062
-17.295881271362305
-15.392992973327637
-19.380342483520508
-18.130563735961914
-14.76959228515625
-19.0804500579834
-17.948097229003906
-17.610002517700195
-18.982450485229492
-18.171018600463867
-17.008628845214844
-15.482292175292969
-16.99462890625
-16.5318603515625
-18.360933303833008
-18.301166534423828
-18.449371337890625
-17.997400283813477
-16.523557662963867
-17.49273109436035
-16.1693058013916
-15.600706100463867
-18.40917205810547
-18.768108367919922
-18.015031814575195
-17.689891815185547
-17.798419952392578
-18.815135955810547
-14.3275146484375
-17.328125
-15.345603942871094
-19.138322830200195
-12.826314926147461
-15.526464462280273
-18.704370498657227
-15.647602081298828
-16.956409454345703
-16.72064208984375
-17.476076126098633
-17.66651725769043
-16.880220413208008
-16.969463348388672
-18.252227783203125
-17.806093215942383
-14.885001182556152
-16.74628257751465
-18.046016693115234
-18.559911727905273
-18.046512603759766
-18.3598575592041
-16.26201820373535
-13.971052169799805
-18.119401931762695
-8.381200790405273
-16.590734481811523
-16.69915771484375
-16.91288185119629
-11.471823692321777
-16.9191837310791
-13.017159461975098
-17.99903106689453
-16.5598201751709
-17.540260314941406
-17.493057250976562
-19.223012924194336
-17.2209415435791
-15.80467414855957
-19.110118865966797
-16.73151969909668
-17.948287963867188
-15.465326309204102
-12.160284996032715
-16.743297576904297
-18.27055549621582
-18.28632926940918
-15.585747718811035
-18.248640060424805
-17.296926498413086
-17.59760856628418
-18.35738754272461
-18.257648468017578
-16.292261123657227
-19.193904876708984
-16.576263427734375
-17.598608016967773
-17.635997772216797
-14.959005355834961
-17.2059268951416
-17.38309097290039
-17.855905532836914
-19.240598678588867
-19.223159790039062
-19.03398323059082
-15.774558067321777
-15.735727310180664
-16.071008682250977
-19.694753646850586
-17.085607528686523
-16.938032150268555
-17.06764030456543
-17.736318588256836
-16.40650749206543
-17.661300659179688
-14.295534133911133
-17.749914169311523
-17.150192260742188
-17.007328033447266
-16.953184127807617
-18.86628532409668
-16.567150115966797
-17.75926971435547
-19.18602180480957
-16.034372329711914
-17.681528091430664
-17.701412200927734
-16.185335159301758
-14.839986801147461
-18.99547576904297
-18.185230255126953
-17.502445220947266
-18.15552520751953
-15.391826629638672
-16.96759605407715
-16.455883026123047
-17.08652687072754
-17.438493728637695
-17.801639556884766
-17.56163215637207
-18.884929656982422
-18.87005043029785
-19.442869186401367
-18.514684677124023
-17.565237045288086
-16.99839210510254
-16.205049514770508
-16.772390365600586
-18.491323471069336
-15.737345695495605
-13.243269920349121
-15.546262741088867
-18.845508575439453
-18.297439575195312
-17.921358108520508
-17.839277267456055
-17.51620864868164
-15.732330322265625
-16.91222381591797
-17.466379165649414
-17.52410316467285
-16.82379722595215
-16.61960792541504
-16.425073623657227
-18.823694229125977
-18.240686416625977
-16.53179931640625
-18.589710235595703
-18.172311782836914
-17.237224578857422
-16.750782012939453
-18.99899673461914
-18.293140411376953
-15.840311050415039
-16.98357391357422
-15.587604522705078
-12.749643325805664
-17.244295120239258
-17.882469177246094
-17.78513526916504
-17.780290603637695
-19.844045639038086
-16.52483558654785
-18.806060791015625
-17.022634506225586
-15.94276237487793
-17.18047332763672
-16.597808837890625
-17.85722541809082
-17.476173400878906
-17.318571090698242
-16.359615325927734
-17.237781524658203
-16.67548942565918
-17.357168197631836
-18.431913375854492
-12.830560684204102
-16.503162384033203
-18.31638526916504
-13.674043655395508
-16.48520851135254
-17.84881019592285
-15.15463924407959
-15.114508628845215
-18.89516258239746
-16.784656524658203
-18.170711517333984
-18.289926528930664
-17.363887786865234
-9.736197471618652
-18.504608154296875
-18.853687286376953
-16.568897247314453
-18.239885330200195
-17.5026912689209
-19.136178970336914
-18.18128204345703
-18.72541618347168
-15.130046844482422
-17.58576011657715
-17.626638412475586
-18.23961067199707
-16.58128547668457
-17.879213333129883
-14.190756797790527
-17.396188735961914
-16.731355667114258
-16.333890914916992
-17.012598037719727
-17.975736618041992
-17.30695915222168
-18.02778434753418
-16.322635650634766
-12.98642349243164
-16.806188583374023
-17.000221252441406
-18.0219783782959
-17.988988876342773
-16.587791442871094
-18.614582061767578
-19.081045150756836
-18.284135818481445
-17.736616134643555
-14.599359512329102
-18.108461380004883
-18.239543914794922
-15.392452239990234
-15.936018943786621
-18.14714241027832
-19.450252532958984
-17.333728790283203
-17.663305282592773
-16.441774368286133
-16.336925506591797
-16.230207443237305
-18.594783782958984
-15.791740417480469
-17.29006576538086
-16.433368682861328
-18.277576446533203
-17.00319480895996
-19.010154724121094
-17.775115966796875
-16.449541091918945
-17.768207550048828
-17.895946502685547
-17.795873641967773
-17.967004776000977
-18.80039405822754
-17.181447982788086
-17.00385856628418
-18.25808334350586
-18.899494171142578
-18.940208435058594
-16.703182220458984
-18.019819259643555
-17.38935089111328
-19.524141311645508
-18.88229751586914
-16.679790496826172
-16.08439064025879
-18.307422637939453
-16.398578643798828
-17.554279327392578
-17.53891372680664
-17.747793197631836
-17.23110580444336
-17.615520477294922
-18.81297492980957
-16.86760711669922
-16.852079391479492
-15.916837692260742
-18.549779891967773
-17.195009231567383
-16.79755210876465
-14.328458786010742
