11.791027069091797
11.351407051086426
11.521040916442871
11.724546432495117
11.257756233215332
11.167871475219727
11.454546928405762
11.649850845336914
11.617242813110352
11.719197273254395
11.691328048706055
12.040565490722656
11.601726531982422
9.38444995880127
12.035874366760254
11.432964324951172
11.502276420593262
11.64160442352295
11.00545883178711
12.419898986816406
11.280133247375488
11.074295997619629
11.852569580078125
11.616966247558594
11.184477806091309
12.015023231506348
11.387588500976562
11.67871379852295
11.796785354614258
11.596854209899902
11.996339797973633
11.07162094116211
11.098734855651855
11.319361686706543
11.861161231994629
11.350093841552734
11.717975616455078
11.340095520019531
11.999275207519531
11.601676940917969
11.442015647888184
12.058089256286621
11.213848114013672
11.245779037475586
11.764520645141602
11.669844627380371
11.236482620239258
11.858226776123047
11.787798881530762
11.881516456604004
11.71875
11.669898986816406
11.5899658203125
11.251483917236328
11.32563591003418
11.641225814819336
11.028014183044434
11.215628623962402
11.705732345581055
11.225557327270508
11.592964172363281
11.588492393493652
11.531970977783203
11.360280990600586
11.304197311401367
11.309746742248535
11.187417984008789
11.524103164672852
11.49160385131836
11.366679191589355
11.766188621520996
11.68429183959961
11.506752014160156
11.082046508789062
11.43426513671875
11.852083206176758
11.415608406066895
11.644644737243652
11.609335899353027
12.028103828430176
11.299959182739258
11.054327011108398
11.639182090759277
11.630539894104004
11.062698364257812
11.568683624267578
12.429180145263672
11.314324378967285
10.420770645141602
11.234527587890625
11.265584945678711
11.001261711120605
12.712067604064941
11.263741493225098
11.443204879760742
11.696449279785156
12.169363975524902
10.725591659545898
11.372992515563965
11.167143821716309
11.384427070617676
11.01595401763916
11.1554536819458
11.780323028564453
11.604825019836426
10.13965892791748
11.827705383300781
11.200528144836426
11.170084953308105
10.688346862792969
11.230391502380371
11.169697761535645
10.97789478302002
11.543888092041016
11.947507858276367
11.400321006774902
10.332006454467773
11.878630638122559
11.531187057495117
11.71591567993164
12.301791191101074
11.32803726196289
11.676326751708984
11.866647720336914
12.631021499633789
10.409477233886719
10.544961929321289
11.626155853271484
12.348130226135254
11.769683837890625
11.442710876464844
12.062341690063477
11.446632385253906
11.323488235473633
9.130109786987305
10.657302856445312
11.266861915588379
11.409587860107422
12.105977058410645
11.619630813598633
10.788278579711914
11.357484817504883
12.308553695678711
11.442158699035645
12.008783340454102
11.379266738891602
11.438196182250977
11.331067085266113
11.307953834533691
12.089249610900879
11.602373123168945
11.490325927734375
11.572258949279785
11.982279777526855
10.35410213470459
11.430313110351562
11.480433464050293
11.711982727050781
11.047774314880371
11.986538887023926
11.917366027832031
10.79924488067627
11.693075180053711
11.772340774536133
10.845377922058105
11.387832641601562
11.453108787536621
11.603453636169434
12.53499984741211
11.425129890441895
11.576805114746094
11.938508033752441
11.516321182250977
11.588277816772461
11.179142951965332
10.930985450744629
11.838723182678223
11.682759284973145
11.332944869995117
11.666029930114746
11.480896949768066
11.520015716552734
11.17887020111084
12.096881866455078
11.005191802978516
9.767765998840332
11.56982707977295
12.188955307006836
11.44706916809082
9.406499862670898
11.577611923217773
11.355711936950684
11.145800590515137
10.797539710998535
10.509700775146484
11.309089660644531
11.253899574279785
11.386476516723633
10.783472061157227
11.305139541625977
11.203950881958008
10.777409553527832
11.235264778137207
12.026117324829102
11.192925453186035
11.752355575561523
11.374624252319336
11.165291786193848
11.397958755493164
11.663554191589355
10.650304794311523
11.280637741088867
11.831964492797852
11.140756607055664
11.396895408630371
11.498454093933105
11.325721740722656
11.797442436218262
11.738675117492676
12.689470291137695
11.226940155029297
12.22907543182373
11.087794303894043
11.203479766845703
12.004011154174805
11.811023712158203
11.011494636535645
11.578448295593262
11.6965970993042
11.153523445129395
12.701518058776855
11.250797271728516
10.911993026733398
11.151593208312988
11.009322166442871
10.836688041687012
11.11011791229248
12.185132026672363
12.233227729797363
11.257994651794434
11.772398948669434
7.280084609985352
11.867035865783691
12.647514343261719
10.389541625976562
11.998260498046875
11.318870544433594
10.822419166564941
11.77865982055664
11.38012409210205
11.75399112701416
12.313544273376465
11.762971878051758
11.582525253295898
11.577417373657227
11.979740142822266
11.547895431518555
11.258234977722168
12.442831993103027
11.326393127441406
11.385369300842285
11.149436950683594
11.629011154174805
11.757190704345703
11.234980583190918
11.5924654006958
11.484102249145508
11.235054016113281
11.194390296936035
9.973424911499023
11.540637016296387
10.522581100463867
11.094606399536133
11.34642505645752
11.404524803161621
11.871232986450195
11.565701484680176
11.442463874816895
11.225370407104492
10.919241905212402
11.483640670776367
11.651418685913086
11.821603775024414
11.316373825073242
12.018768310546875
11.481072425842285
11.603599548339844
11.407870292663574
11.414400100708008
11.822211265563965
10.965191841125488
11.139007568359375
11.481785774230957
11.292086601257324
11.479001998901367
12.071340560913086
11.335041999816895
11.355152130126953
11.320677757263184
10.823456764221191
11.539459228515625
11.299302101135254
11.720151901245117
11.976908683776855
11.599987983703613
12.157636642456055
10.907550811767578
11.778031349182129
11.474809646606445
11.189934730529785
11.866679191589355
11.765832901000977
11.322504043579102
11.651396751403809
11.31389331817627
10.659530639648438
11.83611011505127
11.496138572692871
11.551397323608398
11.780779838562012
11.959453582763672
11.836936950683594
12.003785133361816
11.3349027633667
11.32585620880127
11.52414321899414
12.306427001953125
11.61190414428711
11.296135902404785
11.048795700073242
11.369222640991211
12.61832046508789
11.434377670288086
11.690832138061523
11.481085777282715
11.951059341430664
11.125836372375488
11.09695816040039
11.2377290725708
11.323441505432129
11.44119644165039
10.168451309204102
11.20263957977295
11.903121948242188
11.037297248840332
10.954197883605957
11.211949348449707
11.732028007507324
11.149439811706543
11.492005348205566
12.053470611572266
10.522649765014648
10.975646018981934
11.380088806152344
11.076241493225098
11.704628944396973
11.07487678527832
11.616426467895508
11.758746147155762
11.13395881652832
11.523224830627441
11.690390586853027
11.299641609191895
11.975665092468262
11.427828788757324
11.401840209960938
12.301822662353516
11.567577362060547
12.118355751037598
12.124227523803711
11.461739540100098
11.534257888793945
8.705255508422852
11.789384841918945
11.508440017700195
12.013931274414062
10.028823852539062
12.06788444519043
11.441762924194336
11.582771301269531
11.075163841247559
12.021336555480957
11.95222282409668
11.586706161499023
11.48437213897705
11.858643531799316
13.730128288269043
11.469722747802734
11.774431228637695
11.246696472167969
11.15960693359375
11.47680950164795
11.592986106872559
11.313904762268066
11.233675956726074
11.667603492736816
11.428685188293457
11.510921478271484
11.497148513793945
12.093648910522461
11.08670711517334
11.398666381835938
10.833832740783691
10.259806632995605
11.449044227600098
11.433009147644043
11.384435653686523
11.533145904541016
11.898513793945312
11.257217407226562
11.617565155029297
11.614331245422363
11.164527893066406
11.771570205688477
11.356124877929688
11.032675743103027
11.398335456848145
11.512836456298828
11.037890434265137
11.766374588012695
11.635885238647461
11.378387451171875
11.598172187805176
11.838050842285156
11.5425443649292
11.616201400756836
12.140213012695312
11.842984199523926
11.108935356140137
11.643658638000488
12.014185905456543
11.633228302001953
9.234825134277344
11.893171310424805
11.747537612915039
11.309671401977539
11.685724258422852
11.31252670288086
11.666751861572266
11.611906051635742
12.11669635772705
11.806159973144531
11.519968032836914
11.292221069335938
11.198351860046387
11.322604179382324
11.679191589355469
11.45080852508545
11.437812805175781
11.400812149047852
11.923371315002441
11.283291816711426
11.568909645080566
11.099035263061523
11.549095153808594
11.597757339477539
11.082456588745117
11.534282684326172
11.311408996582031
10.821395874023438
11.626983642578125
12.064558029174805
11.293797492980957
11.802531242370605
11.241141319274902
11.750375747680664
11.282861709594727
10.885133743286133
11.787824630737305
11.230384826660156
10.979559898376465
10.836538314819336
11.564562797546387
11.586962699890137
11.13455581665039
11.77436637878418
11.726167678833008
10.401704788208008
11.06192684173584
11.776555061340332
11.229373931884766
11.373408317565918
11.371471405029297
11.624051094055176
11.504223823547363
11.484064102172852
11.139925956726074
11.439008712768555
11.221741676330566
11.7188720703125
11.38410758972168
11.435454368591309
11.501357078552246
11.083284378051758
10.505563735961914
11.44298267364502
11.327690124511719
10.52169418334961
11.770816802978516
11.345205307006836
11.001808166503906
11.451608657836914
11.91633415222168
11.322297096252441
11.496484756469727
11.323378562927246
11.82039737701416
10.980476379394531
11.807384490966797
11.041139602661133
11.689441680908203
11.16040325164795
11.547533988952637
11.78892707824707
11.676793098449707
11.70915412902832
11.15668773651123
11.912872314453125
11.864835739135742
11.141529083251953
11.420740127563477
10.866676330566406
10.83971881866455
11.753439903259277
11.549755096435547
11.886760711669922
7.906034469604492
9.334957122802734
11.219171524047852
10.354344367980957
11.37063217163086
11.29792308807373
11.38923454284668
11.838464736938477
11.584517478942871
11.548430442810059
11.757347106933594
11.344086647033691
11.490612030029297
11.673379898071289
11.375605583190918
11.716974258422852
11.77882194519043
12.207733154296875
11.572561264038086
11.16606616973877
11.567160606384277
10.995527267456055
11.290520668029785
11.52281665802002
11.766682624816895
11.644838333129883
11.449837684631348
11.219650268554688
11.401331901550293
12.189008712768555
11.088641166687012
11.258564949035645
10.668834686279297
11.803351402282715
11.069602012634277
11.61504077911377
12.090530395507812
11.421390533447266
12.298519134521484
11.893362045288086
11.32690143585205
11.613685607910156
11.292011260986328
11.728764533996582
11.190933227539062
11.102873802185059
11.837244033813477
10.789082527160645
11.367485046386719
11.08130168914795
11.829107284545898
12.155335426330566
12.116762161254883
11.940071105957031
11.176597595214844
11.794031143188477
10.98843002319336
11.633278846740723
11.370647430419922
12.020081520080566
11.032695770263672
11.36531925201416
11.482121467590332
11.773056030273438
11.880086898803711
11.53945255279541
10.910627365112305
11.071248054504395
11.870697021484375
11.522904396057129
11.049362182617188
11.016924858093262
11.426247596740723
11.704445838928223
11.535476684570312
11.463345527648926
11.462122917175293
11.810768127441406
11.26137638092041
11.116386413574219
12.043672561645508
11.628263473510742
11.807750701904297
10.799732208251953
11.574913024902344
11.03852653503418
11.803651809692383
9.91966724395752
12.005043029785156
10.587167739868164
12.207146644592285
11.352801322937012
11.149617195129395
11.853497505187988
11.079031944274902
11.676769256591797
12.209966659545898
11.570545196533203
9.588345527648926
11.488794326782227
11.550366401672363
11.213295936584473
11.649433135986328
11.315849304199219
10.829390525817871
11.393339157104492
11.004108428955078
11.901403427124023
11.41174030303955
10.777308464050293
11.53284740447998
10.438955307006836
11.937578201293945
11.10032844543457
11.745259284973145
11.432572364807129
11.318056106567383
11.530529975891113
11.6160306930542
11.541166305541992
11.406858444213867
11.083602905273438
11.097306251525879
11.768651008605957
11.261762619018555
11.434347152709961
11.558517456054688
10.653668403625488
10.241781234741211
11.786348342895508
11.914911270141602
11.428915023803711
11.603963851928711
11.178304672241211
11.250246047973633
11.688176155090332
11.083891868591309
11.5721435546875
11.138998985290527
11.35616397857666
12.302762031555176
11.248684883117676
12.34306526184082
11.875704765319824
11.858192443847656
12.782063484191895
11.836986541748047
11.319013595581055
12.020634651184082
11.083480834960938
10.761680603027344
11.072330474853516
11.354777336120605
11.821493148803711
11.092637062072754
10.98520565032959
12.471782684326172
11.710837364196777
11.439690589904785
12.423125267028809
11.090658187866211
10.393211364746094
11.384531021118164
10.558540344238281
10.925631523132324
11.914529800415039
11.479310989379883
11.767671585083008
11.337806701660156
11.991443634033203
12.004040718078613
11.628898620605469
11.201762199401855
11.727012634277344
11.915008544921875
11.833559036254883
11.186429977416992
11.765829086303711
11.409910202026367
11.391796112060547
11.425152778625488
11.487237930297852
9.9951171875
11.162724494934082
11.163983345031738
11.012548446655273
11.923116683959961
11.361551284790039
11.771912574768066
11.851926803588867
11.066826820373535
10.56119155883789
11.810891151428223
11.523872375488281
11.183124542236328
11.520573616027832
11.669828414916992
11.371789932250977
11.340340614318848
11.653315544128418
11.231527328491211
11.896174430847168
10.913232803344727
10.986761093139648
11.263842582702637
11.258414268493652
11.480663299560547
11.546562194824219
9.830338478088379
10.38653564453125
9.710271835327148
11.28286361694336
11.596315383911133
11.32370662689209
11.444559097290039
12.011384963989258
11.488441467285156
11.394290924072266
11.241583824157715
10.99132251739502
11.671865463256836
11.509681701660156
11.89149284362793
11.729286193847656
11.139260292053223
11.4468355178833
10.855109214782715
11.709369659423828
11.601187705993652
11.593941688537598
9.667397499084473
11.395760536193848
11.060461044311523
11.770769119262695
11.42273998260498
11.713264465332031
11.42672348022461
11.119585037231445
11.820358276367188
11.052933692932129
11.255524635314941
12.046991348266602
11.8381986618042
6.936004638671875
11.341745376586914
10.861716270446777
12.06814956665039
12.005640983581543
11.302404403686523
10.777112007141113
11.678934097290039
10.832910537719727
11.727167129516602
11.375833511352539
11.238996505737305
11.207320213317871
11.56218433380127
10.822306632995605
11.676183700561523
11.324609756469727
11.017569541931152
11.74381160736084
10.641074180603027
11.274227142333984
11.51970100402832
11.828946113586426
11.445478439331055
11.175237655639648
11.851238250732422
11.86331558227539
11.74321460723877
11.49180793762207
11.064595222473145
11.58327579498291
11.447052955627441
12.030609130859375
11.26865291595459
11.556082725524902
10.579668045043945
11.969779968261719
10.698135375976562
11.50981330871582
11.772775650024414
11.624223709106445
11.10487174987793
11.196435928344727
11.638717651367188
11.647539138793945
12.117071151733398
12.162397384643555
11.194981575012207
11.21909236907959
11.510320663452148
10.92541217803955
11.262777328491211
11.109670639038086
10.973587036132812
11.11996078491211
11.498332977294922
10.757098197937012
11.433505058288574
11.456432342529297
11.670906066894531
11.363932609558105
11.376690864562988
11.471234321594238
11.783824920654297
12.092507362365723
11.502646446228027
11.955937385559082
11.192140579223633
10.956414222717285
11.617977142333984
12.50157356262207
11.353774070739746
11.638733863830566
12.064783096313477
11.774408340454102
10.964498519897461
11.322030067443848
12.060844421386719
10.904831886291504
11.41126537322998
12.422455787658691
11.770289421081543
10.243674278259277
11.344914436340332
11.720006942749023
11.548028945922852
11.218920707702637
10.578451156616211
10.84415054321289
11.143932342529297
11.385327339172363
11.915700912475586
11.4760160446167
11.697375297546387
11.22404956817627
11.734441757202148
12.097572326660156
11.854491233825684
11.851252555847168
11.67314338684082
11.610006332397461
12.101282119750977
11.413351058959961
11.481700897216797
11.821247100830078
11.219074249267578
11.64151668548584
11.876581192016602
11.664283752441406
11.736455917358398
11.482121467590332
11.325774192810059
11.520304679870605
11.35840129852295
11.709966659545898
11.845717430114746
11.593083381652832
11.518157958984375
10.9658842086792
11.56075668334961
11.103857040405273
11.333861351013184
11.435683250427246
11.750057220458984
11.393351554870605
11.491823196411133
11.107470512390137
11.460646629333496
12.04084587097168
11.13491153717041
11.505035400390625
11.389327049255371
11.681343078613281
11.60482406616211
9.637980461120605
11.769211769104004
10.633123397827148
11.266922950744629
11.903998374938965
11.398064613342285
11.55566120147705
11.58115005493164
11.477291107177734
11.283164024353027
11.497932434082031
11.698651313781738
11.51938247680664
11.539023399353027
11.667844772338867
12.139616012573242
11.698038101196289
12.040827751159668
11.470625877380371
10.53864574432373
11.370351791381836
11.383736610412598
11.893136024475098
11.668207168579102
11.53235912322998
11.767274856567383
11.875814437866211
12.380756378173828
12.063565254211426
10.523808479309082
10.278888702392578
10.691146850585938
11.834095001220703
11.763227462768555
11.546566009521484
11.549314498901367
12.665132522583008
11.044285774230957
12.886778831481934
11.455317497253418
12.226056098937988
11.671036720275879
11.05792236328125
11.807865142822266
11.39008903503418
11.548707962036133
11.167459487915039
11.67489242553711
10.661611557006836
11.458829879760742
11.330142974853516
11.224068641662598
11.504372596740723
11.528756141662598
11.579408645629883
11.256742477416992
11.28385066986084
10.728425979614258
11.687677383422852
11.671838760375977
11.298432350158691
11.852560043334961
11.499981880187988
11.48550033569336
9.59382152557373
11.312481880187988
10.256531715393066
11.705671310424805
11.703207015991211
12.170919418334961
11.679927825927734
11.755086898803711
11.380252838134766
11.252848625183105
11.727226257324219
11.8389892578125
11.909185409545898
11.4151611328125
11.531002044677734
11.20991325378418
11.519970893859863
11.607589721679688
11.595519065856934
11.275589942932129
11.105934143066406
12.08460521697998
11.54908275604248
10.927694320678711
11.962775230407715
8.997227668762207
11.665630340576172
10.8539400100708
10.857195854187012
10.950990676879883
12.017035484313965
10.02839183807373
11.821125030517578
-8.843634605407715
-11.428657531738281
-8.437732696533203
-7.860467910766602
-11.365140914916992
-12.284152030944824
-9.261089324951172
-12.202768325805664
-7.0042524337768555
-9.161948204040527
-9.87865161895752
-12.871522903442383
-9.656603813171387
-8.33958625793457
-4.744492053985596
-6.8309855461120605
-10.807018280029297
-10.185640335083008
-6.914698123931885
-7.0311126708984375
-8.29560661315918
-5.276477336883545
-9.951600074768066
-10.849853515625
-8.159113883972168
-8.593460083007812
-10.602636337280273
-8.610466003417969
-9.926230430603027
-11.940462112426758
-8.31347942352295
-6.9178853034973145
-9.89598274230957
-8.874876976013184
-9.47083854675293
-9.251093864440918
-6.893629550933838
-7.6570353507995605
-5.070542812347412
-8.432371139526367
-11.226916313171387
-6.344709396362305
-8.994600296020508
-10.83073616027832
-9.25510025024414
-6.401510715484619
-8.716326713562012
-11.230169296264648
-11.943073272705078
-6.77606725692749
-8.89073371887207
-8.013205528259277
-11.213949203491211
-6.588979244232178
-8.4866361618042
-7.804169654846191
-6.136401176452637
-12.418407440185547
-9.830236434936523
-9.33975887298584
-10.632274627685547
-10.487532615661621
-11.82296371459961
-5.940920352935791
-7.285991191864014
-5.534347057342529
-11.460576057434082
-8.425369262695312
-9.066383361816406
-9.865071296691895
-8.622640609741211
-9.619763374328613
-11.881539344787598
-8.099344253540039
-12.087580680847168
-8.190528869628906
-7.6934075355529785
-9.077704429626465
-10.060810089111328
-6.229682922363281
-11.965998649597168
-7.775367736816406
-7.519814491271973
-8.613553047180176
-9.148721694946289
-7.095161437988281
-10.663070678710938
-10.665877342224121
-3.1693623065948486
-10.896368026733398
-8.9601469039917
-8.42708969116211
-10.222681999206543
-7.609182357788086
-8.954763412475586
-10.667121887207031
-8.524397850036621
-7.302219867706299
-12.36305046081543
-2.9365780353546143
-9.875730514526367
-11.617551803588867
-9.878619194030762
-10.589994430541992
-9.92285442352295
-9.858007431030273
-7.389087677001953
-9.814984321594238
-6.265752792358398
-5.413336277008057
-11.181708335876465
-9.970499038696289
-8.001008033752441
-11.612661361694336
-4.323216438293457
-10.50678825378418
-7.578354835510254
-9.702831268310547
-5.926186561584473
-11.56923770904541
-11.154012680053711
-9.023690223693848
-9.914548873901367
-13.412787437438965
-6.914889812469482
-8.99882698059082
-5.464242458343506
-8.479110717773438
-8.514376640319824
-10.0488862991333
-8.235361099243164
-7.4781622886657715
-7.0775532722473145
-11.360662460327148
-4.645620822906494
-6.482957363128662
-10.091425895690918
-11.42860221862793
-4.119508266448975
-8.841409683227539
-9.260943412780762
-10.08595085144043
-10.921843528747559
-6.124634742736816
-8.409964561462402
-8.41959285736084
-11.249942779541016
-0.9967360496520996
-8.517548561096191
-11.112496376037598
-8.030000686645508
-8.147567749023438
-6.3106865882873535
-7.533029079437256
-9.195222854614258
-12.622684478759766
-9.41170883178711
-5.883875846862793
-4.8978590965271
-11.14207935333252
-7.457409858703613
-11.942358016967773
-8.123610496520996
-7.39054012298584
-7.615663528442383
-3.838374376296997
-9.300979614257812
-6.141824722290039
-6.687755107879639
-10.116007804870605
-11.777417182922363
-7.882853984832764
-8.997797012329102
-6.8981428146362305
-7.17943000793457
-7.871845245361328
-9.35639762878418
-9.424959182739258
-8.432291030883789
-9.370660781860352
-8.300535202026367
-11.519646644592285
-6.159883499145508
-8.47356128692627
-10.546586990356445
-3.17010760307312
-9.879525184631348
-9.865553855895996
-8.870906829833984
-5.538201332092285
-8.839491844177246
-8.854764938354492
-6.19930362701416
-9.504124641418457
-11.272635459899902
-6.239068508148193
-8.319510459899902
-11.059478759765625
-5.633784770965576
-9.406511306762695
-9.293105125427246
-7.537571907043457
-11.153039932250977
-6.696694850921631
-9.734415054321289
-7.5980401039123535
-6.421187400817871
-10.499393463134766
-10.003589630126953
-8.276439666748047
-6.296083927154541
-7.699667930603027
-6.755467891693115
-7.225443363189697
-9.859115600585938
-9.260090827941895
-12.269560813903809
-7.5328288078308105
-8.448504447937012
-5.594624042510986
-11.19560718536377
-8.394171714782715
-8.194646835327148
-8.712326049804688
-10.342559814453125
-6.442266941070557
-9.861531257629395
-8.643819808959961
-11.434911727905273
-6.424964427947998
-7.2358317375183105
-9.711640357971191
-6.357724666595459
-6.840054512023926
-12.383050918579102
-5.6830339431762695
-5.605655193328857
-10.06600570678711
-5.821981906890869
-9.25096321105957
-7.064729690551758
-1.713733196258545
-8.082512855529785
-8.225859642028809
-6.749451160430908
-7.129532337188721
-8.899063110351562
-8.388839721679688
-7.729227066040039
-5.498476028442383
-8.665964126586914
-2.915053606033325
-10.49133586883545
-10.769388198852539
-8.613977432250977
-10.391818046569824
-9.8447265625
-10.751763343811035
-4.5558881759643555
-8.402645111083984
-11.465414047241211
-10.682931900024414
-10.410870552062988
-7.151668548583984
-7.604318618774414
-10.131529808044434
-8.671870231628418
-6.072946548461914
-9.533599853515625
-8.74455451965332
-10.481399536132812
-9.928768157958984
-4.958197593688965
-7.630372524261475
-10.273972511291504
-10.49664306640625
-6.773315906524658
-4.211341857910156
-9.272836685180664
-5.771740436553955
-11.467803001403809
-8.54680061340332
-8.544544219970703
-11.532225608825684
-8.541086196899414
-6.7354655265808105
-8.518560409545898
-8.346280097961426
-7.593619346618652
2.2010176181793213
-11.171304702758789
-8.584406852722168
-2.885901927947998
-7.854861736297607
-6.691133499145508
-11.792916297912598
-10.281930923461914
-10.721392631530762
-2.1643049716949463
-7.75753927230835
-5.9848551750183105
-4.640486240386963
-10.50910472869873
-6.896252155303955
-10.117602348327637
-10.047249794006348
-9.197725296020508
-6.56583833694458
-9.848402976989746
-10.734601974487305
-9.17768383026123
-7.916167736053467
-8.66640853881836
-8.907236099243164
-7.2623372077941895
-10.000679016113281
-5.824503421783447
-3.1109161376953125
-10.563343048095703
-9.090431213378906
-10.132577896118164
-10.400483131408691
-6.449696063995361
-7.556281566619873
-7.019287586212158
-10.78274154663086
-4.26124906539917
-5.26474666595459
-10.509882926940918
-7.044611930847168
-10.034976959228516
-10.775415420532227
-10.658219337463379
-11.622638702392578
-6.904571056365967
-11.42677116394043
-7.367476940155029
-9.575178146362305
-9.13885498046875
-11.018426895141602
-10.316537857055664
-10.011287689208984
-10.201460838317871
-9.99045467376709
-9.645570755004883
-7.95981502532959
-7.559425354003906
-8.68165111541748
-10.299031257629395
-8.850324630737305
-7.751360893249512
-9.533770561218262
-6.781267166137695
-9.270588874816895
-9.900897979736328
-5.562901973724365
-3.808474063873291
-10.868719100952148
-6.103508472442627
-11.576665878295898
-8.342576026916504
-11.830268859863281
-11.584061622619629
-8.628077507019043
-9.80712890625
-7.455264091491699
-8.12090015411377
-8.086095809936523
-9.957767486572266
-8.768613815307617
-4.303289890289307
-8.553959846496582
-7.755089282989502
-9.932806015014648
-8.257827758789062
-5.777462482452393
-6.226710319519043
-9.704217910766602
-7.7243194580078125
-8.798014640808105
-7.446846008300781
-6.404056072235107
-10.418397903442383
-8.665947914123535
-8.643266677856445
-6.599312782287598
-10.644352912902832
-10.36656379699707
-10.861172676086426
-5.828567981719971
-9.855030059814453
-7.994411945343018
-7.06166410446167
-8.99640941619873
-6.373765468597412
-5.036210060119629
-6.928072452545166
-11.238340377807617
-10.342265129089355
-7.2645673751831055
-10.0696382522583
-9.005066871643066
-5.2642951011657715
-5.165884494781494
-9.76765251159668
-7.11417818069458
-11.118507385253906
-9.943129539489746
-6.558406829833984
-7.747061252593994
-8.005026817321777
-10.004305839538574
-10.121063232421875
-9.113779067993164
-9.09870433807373
-6.828939914703369
-5.090020656585693
-9.89960765838623
-5.55444860458374
-9.378819465637207
-7.67405366897583
-5.523599624633789
-7.017717361450195
-11.037056922912598
-6.377532482147217
-11.58812141418457
-5.549499034881592
-9.460140228271484
-8.518052101135254
-7.405440807342529
-7.852535724639893
-9.594930648803711
-2.3272554874420166
-6.760376453399658
-8.283966064453125
-8.762856483459473
-9.187776565551758
-6.732760906219482
-8.407870292663574
-9.296812057495117
-7.698864936828613
-8.080007553100586
-11.11904239654541
-8.274107933044434
-6.213381290435791
-10.212041854858398
-9.092639923095703
-9.776532173156738
-8.64274787902832
-9.127151489257812
-7.242815017700195
-5.020990371704102
-8.221099853515625
-10.125455856323242
-7.03372049331665
-9.589432716369629
-9.921951293945312
-7.097026824951172
-8.325109481811523
-7.412825107574463
-11.62515926361084
-10.031404495239258
-9.371868133544922
-10.276845932006836
-8.472394943237305
-9.92178726196289
-10.466524124145508
-11.164834022521973
-10.74008560180664
-6.820220470428467
-9.909358978271484
-7.972909450531006
-11.254539489746094
-8.445186614990234
-7.128714084625244
-8.6813325881958
-8.478278160095215
-7.1436309814453125
-6.8780646324157715
-9.78396224975586
-10.323019027709961
-5.919657230377197
-9.922786712646484
-5.441287040710449
-8.491037368774414
-7.41336727142334
-8.670154571533203
-10.662994384765625
-7.519421100616455
-9.051811218261719
-9.95353889465332
-2.3239455223083496
-6.779350280761719
-7.67747688293457
-8.435140609741211
-8.069198608398438
-9.11556625366211
-10.456504821777344
-6.7429046630859375
-6.656775951385498
-10.439901351928711
-10.438882827758789
-8.986069679260254
-5.986093997955322
-8.899117469787598
-6.9645280838012695
-9.383788108825684
-10.470687866210938
-7.562715530395508
-9.671086311340332
-6.544280052185059
-8.624783515930176
-10.270718574523926
-10.103815078735352
-8.427631378173828
-9.577285766601562
-9.970386505126953
-9.735769271850586
-10.001058578491211
-10.212698936462402
-10.758074760437012
-3.1229724884033203
-7.16487979888916
-8.912418365478516
-11.963319778442383
-5.885624885559082
-6.244277000427246
-5.198310375213623
-7.77927827835083
-5.7216386795043945
-8.653939247131348
-5.915065765380859
-9.188837051391602
-10.612105369567871
-7.888790607452393
-9.631209373474121
-6.842448711395264
-7.435328960418701
-7.744065284729004
-2.252399206161499
-8.055817604064941
-11.807924270629883
-7.049890995025635
-8.472197532653809
-11.07242488861084
-10.694707870483398
-6.332037448883057
-5.939881801605225
-6.087103366851807
-9.042464256286621
-7.23082160949707
-11.080179214477539
-9.13135051727295
-10.847762107849121
-3.6339468955993652
-6.87766170501709
-10.08536148071289
-8.550704956054688
-8.232404708862305
-7.560925006866455
-11.55012035369873
-9.373015403747559
-9.902023315429688
-10.407127380371094
-4.870626449584961
-7.212110996246338
-4.091624736785889
-7.833968639373779
-6.570428371429443
-8.223135948181152
-9.122762680053711
-7.686165809631348
-7.105291843414307
-10.064987182617188
-13.022270202636719
-8.587512016296387
-9.772350311279297
-7.369814395904541
-10.224486351013184
-10.049091339111328
-8.009005546569824
-10.327146530151367
-7.118120193481445
-9.936578750610352
-8.189258575439453
-10.259657859802246
-9.470819473266602
-9.388382911682129
-7.098175525665283
-9.681504249572754
-9.713034629821777
-11.215326309204102
-10.290698051452637
-10.796806335449219
-9.482051849365234
-10.208601951599121
-9.133288383483887
-6.138339519500732
-6.663358688354492
-9.56702709197998
-8.382622718811035
-10.666497230529785
-7.789079666137695
-10.104147911071777
-8.033015251159668
-9.151741981506348
-11.923840522766113
-6.764679431915283
-5.7439656257629395
-9.641877174377441
-10.630961418151855
-7.132970809936523
-8.379217147827148
-8.160353660583496
-8.599678039550781
-13.457747459411621
-5.002847671508789
-11.220255851745605
-10.041912078857422
-11.880261421203613
-10.168716430664062
-9.261001586914062
-4.885890483856201
-8.445700645446777
-8.649852752685547
-8.921568870544434
-11.27996826171875
-9.067903518676758
-6.613078594207764
-9.245317459106445
-8.065313339233398
-7.684274196624756
-10.932767868041992
-5.462447166442871
-8.572521209716797
-8.574036598205566
-11.407254219055176
-9.121615409851074
-5.214542388916016
-11.078913688659668
-8.845213890075684
-11.421060562133789
-10.374263763427734
-9.400416374206543
-8.461122512817383
-7.975311279296875
-7.088204860687256
-8.511003494262695
-8.853768348693848
-8.860462188720703
-9.8657808303833
-7.305593967437744
-9.189502716064453
-7.575410842895508
-8.5468168258667
-9.021432876586914
-5.1903977394104
-6.410247802734375
-11.486193656921387
-9.038798332214355
-9.794326782226562
-8.922868728637695
-7.86541223526001
-9.806434631347656
-3.21502947807312
-6.480578899383545
-2.2573142051696777
-9.720460891723633
-5.6603264808654785
-9.188793182373047
-8.23956298828125
-13.196637153625488
-9.085688591003418
-7.85759973526001
-5.418842792510986
-7.901439189910889
-7.647244930267334
-11.498619079589844
-8.810150146484375
-10.201322555541992
-7.044809341430664
-8.034971237182617
-9.846212387084961
-5.291740417480469
-7.844486713409424
-5.684773921966553
-6.352054119110107
-8.034908294677734
-9.348509788513184
-4.791527271270752
-7.739502429962158
-8.2122163772583
-8.782312393188477
-8.693653106689453
-12.840234756469727
-10.495213508605957
-8.553312301635742
-4.410154342651367
-10.69409465789795
-7.342992305755615
-9.821266174316406
-8.243897438049316
-3.3805768489837646
-8.418574333190918
-10.252452850341797
-7.373852252960205
-10.418709754943848
-8.04428768157959
-5.100458145141602
-5.340020656585693
-7.086599349975586
-9.518268585205078
-7.451771259307861
-8.591221809387207
-7.896142959594727
-6.329894065856934
-5.943553447723389
-7.995534420013428
-7.302608489990234
-11.06126880645752
-8.38769817352295
-3.52807354927063
-7.945403575897217
-7.4524383544921875
-6.596686840057373
-11.074405670166016
-10.976985931396484
-4.233774662017822
-9.039918899536133
-9.547323226928711
-6.394513130187988
-5.715802192687988
-9.098464965820312
-8.224810600280762
-4.108846664428711
-11.733985900878906
-7.26179838180542
-9.352094650268555
-11.714842796325684
-9.127805709838867
-12.628396034240723
-9.986120223999023
-6.4719743728637695
-3.8226654529571533
-9.326678276062012
-9.534350395202637
-5.296297073364258
-9.293241500854492
-7.898110866546631
-8.985909461975098
-12.707193374633789
-10.186580657958984
-6.441591262817383
-9.984668731689453
-6.759998321533203
-9.108644485473633
-8.258671760559082
-7.993488311767578
-7.823728084564209
-8.620661735534668
-7.987576007843018
-4.749983310699463
-7.982567310333252
-7.46603536605835
-10.848572731018066
-1.8356261253356934
-10.11451530456543
-9.668025970458984
-8.548787117004395
-6.612511157989502
-7.709873676300049
-6.695107936859131
-5.771096706390381
-8.765274047851562
-9.083568572998047
-7.830109119415283
-9.745594024658203
-7.322377681732178
-8.073862075805664
-10.578951835632324
-11.142670631408691
-5.542466163635254
-10.985751152038574
-9.295218467712402
-11.760354995727539
-11.411073684692383
-5.238135814666748
-7.561165809631348
-4.429806709289551
-6.684351444244385
-7.897080421447754
-7.945438385009766
-10.41466999053955
-12.46849250793457
-8.078235626220703
-7.622192859649658
-8.682573318481445
-11.181779861450195
-9.588013648986816
-10.778076171875
-7.798466205596924
-8.01791763305664
-6.099607467651367
-10.28289794921875
-5.0818986892700195
-11.101103782653809
-9.89682674407959
-12.128401756286621
-9.438838005065918
-7.001786231994629
-5.663566589355469
-6.927872657775879
-9.602636337280273
-6.957265377044678
-7.472263813018799
-8.686721801757812
-9.904863357543945
-11.238981246948242
-6.545942783355713
-6.21315336227417
-2.487025737762451
-7.121835231781006
-8.611827850341797
-8.052116394042969
-11.965875625610352
-10.107489585876465
-10.11723518371582
-9.184284210205078
-10.943352699279785
-8.360013961791992
-5.298094272613525
-9.901829719543457
-8.59553050994873
-7.101681709289551
-10.894427299499512
-4.054580211639404
-5.479888439178467
-5.419929027557373
-12.44053840637207
-7.12214994430542
-9.277286529541016
-8.091107368469238
-8.449136734008789
-8.445513725280762
-10.172704696655273
-9.244625091552734
-10.19188117980957
-10.153178215026855
-7.948564052581787
-9.378873825073242
-3.071434736251831
-8.345654487609863
-8.26272964477539
-8.724687576293945
-9.5654878616333
-9.32073974609375
-9.3395357131958
-10.454938888549805
-9.174506187438965
-4.6401472091674805
-6.1011834144592285
-9.301809310913086
-9.667369842529297
-4.817811489105225
-5.029003143310547
-5.88283109664917
-9.488368034362793
-9.761652946472168
-9.244437217712402
-9.761541366577148
-8.50381851196289
-8.143791198730469
-8.396263122558594
-8.978318214416504
-11.13381576538086
-8.924482345581055
-10.316461563110352
-5.9863810539245605
-10.599435806274414
-5.438101291656494
-3.9939393997192383
-6.00894021987915
-6.873063087463379
-5.866627216339111
-8.369942665100098
-9.134428977966309
-10.16513442993164
-9.29051685333252
-11.415060043334961
-9.990917205810547
-6.329375743865967
-11.787078857421875
-8.312682151794434
-6.804476737976074
-7.190138816833496
-10.330245018005371
-6.74914026260376
-10.937403678894043
-4.149927139282227
-9.859679222106934
-7.751040458679199
-10.867877960205078
-10.28304386138916
-5.6332926750183105
-9.855254173278809
-6.787154674530029
-6.633337020874023
-8.442474365234375
-9.574710845947266
-10.826581001281738
-6.897609710693359
-5.651115894317627
-8.584031105041504
-10.609469413757324
-8.8316068649292
-7.712706565856934
-11.686899185180664
-9.377922058105469
-10.625597953796387
-9.361602783203125
-9.601614952087402
-5.541225910186768
-5.756931781768799
-5.799293041229248
-7.327857494354248
-8.427680015563965
-8.603052139282227
-11.070514678955078
-10.568363189697266
-10.524003982543945
-7.330443859100342
-8.571829795837402
-7.117245674133301
-7.685807228088379
-9.171337127685547
-6.187881946563721
-7.741480350494385
-6.483378887176514
-6.810914516448975
-6.9923481941223145
-8.904363632202148
-6.35202169418335
-10.11559772491455
-9.776771545410156
-4.036468982696533
-10.58263874053955
-12.719051361083984
-10.857912063598633
-6.251220703125
-11.161317825317383
-7.781208515167236
-5.4300665855407715
-5.394958019256592
-8.546424865722656
-11.328849792480469
-10.794191360473633
-9.742647171020508
-7.378969669342041
-9.203298568725586
-8.821588516235352
-8.666577339172363
-9.063154220581055
-9.348677635192871
-6.842945098876953
-8.483363151550293
-11.57673454284668
-7.526529312133789
-5.841357707977295
-6.821343898773193
-8.096479415893555
-6.898880481719971
-7.384371280670166
-8.477582931518555
-4.338923931121826
-10.892133712768555
-10.87584114074707
-10.217620849609375
-10.698319435119629
-12.062294960021973
-6.442486763000488
-5.897776126861572
-10.98905086517334
-11.058023452758789
-10.8760347366333
-11.804924964904785
-11.004070281982422
-8.17962646484375
-6.53540563583374
-8.62434196472168
-9.762646675109863
-9.048986434936523
-7.145571231842041
-10.301093101501465
-7.7703471183776855
-9.006489753723145
-10.04185962677002
-12.317643165588379
-8.369486808776855
-8.072340965270996
-7.247903347015381
