-8.950413703918457
1.7809169292449951
-8.172085762023926
-4.801662921905518
3.8832509517669678
-12.40998649597168
-8.179750442504883
-8.93599796295166
-1.6899676322937012
-4.335317134857178
-9.49557876586914
-2.3783159255981445
-4.820917129516602
-10.553731918334961
-4.743984222412109
-4.651089668273926
-10.7349271774292
-9.595526695251465
-7.625987529754639
-5.597680568695068
-9.767241477966309
-1.909694790840149
-5.330173492431641
-6.054137229919434
-7.142975330352783
-3.158338785171509
-6.3131585121154785
-7.744528770446777
-9.469792366027832
4.75067663192749
-9.789584159851074
-1.2764103412628174
-9.320028305053711
-7.540372371673584
-5.490359306335449
-7.846301555633545
-0.2371397167444229
-8.085235595703125
-9.753840446472168
-0.4444277286529541
-7.87312650680542
-7.264595031738281
-10.328495025634766
-7.0618672370910645
-9.859386444091797
-7.772752285003662
-9.757379531860352
-5.500737190246582
-5.456474781036377
-7.054197788238525
-7.888283729553223
-8.91518783569336
-11.361308097839355
-6.235485076904297
-8.613682746887207
-8.023005485534668
-7.086869239807129
-9.970499992370605
-9.30357837677002
-8.615341186523438
2.0092217922210693
-8.985759735107422
-1.931739330291748
-6.531661510467529
-7.004105091094971
-8.40311050415039
-6.160313606262207
-8.547616958618164
-9.037884712219238
-8.926834106445312
-7.7011284828186035
-9.101642608642578
0.33428359031677246
-6.345893859863281
-7.102989196777344
-3.3141868114471436
-7.020165920257568
-7.468651294708252
-9.901006698608398
-6.4809889793396
-10.512914657592773
-7.961445331573486
-0.874377965927124
-8.150861740112305
-0.6261488199234009
-7.842252254486084
-6.948605537414551
-5.523784637451172
-2.49924635887146
-10.24463176727295
0.8495500087738037
-6.127979755401611
-9.864388465881348
-8.966495513916016
-7.1779632568359375
-9.814964294433594
4.879978656768799
-6.886213779449463
-7.023055076599121
-4.110827445983887
-1.2754721641540527
-8.990530967712402
-10.355985641479492
-8.945263862609863
-9.420215606689453
-6.766629219055176
-6.027974605560303
-9.605476379394531
-8.435354232788086
1.0499695539474487
-11.477368354797363
-9.331710815429688
-3.18697452545166
-10.547442436218262
-3.1152708530426025
-8.947616577148438
-4.285274982452393
-5.3782501220703125
-4.933551788330078
-9.522536277770996
-9.348272323608398
-7.197932720184326
-6.824554920196533
-4.664831161499023
-8.361620903015137
-6.610202312469482
-6.585630893707275
-9.416655540466309
-9.994197845458984
-9.387771606445312
-3.643437623977661
-8.472222328186035
-3.3653345108032227
-9.985651016235352
-5.046786785125732
-6.010936260223389
-9.049707412719727
-3.6871442794799805
-6.698864459991455
-7.7120041847229
-7.082417011260986
-10.216751098632812
0.17723232507705688
-2.3116347789764404
-3.6055872440338135
-8.287308692932129
-10.61213493347168
-3.371919631958008
-8.479605674743652
-10.95344066619873
-9.028291702270508
-4.829931259155273
-6.36433219909668
-8.003565788269043
-4.436248302459717
-8.466787338256836
-9.09369945526123
-7.680039405822754
-5.121850490570068
-4.811069011688232
-3.6210880279541016
-11.512245178222656
-2.139569044113159
-8.014069557189941
-7.443833351135254
-3.570708990097046
-5.950615882873535
-6.402459621429443
-4.388293266296387
-5.031055927276611
-4.061127185821533
-7.2930707931518555
-10.231759071350098
-7.518360614776611
-6.717371463775635
-6.747723579406738
-2.6281826496124268
-8.962498664855957
-7.34709358215332
-4.002450466156006
-6.957269668579102
-8.843008041381836
-6.870052814483643
-6.406840801239014
-9.952323913574219
-2.612393379211426
-8.294572830200195
-11.198580741882324
-9.029156684875488
-6.0613884925842285
-5.2787580490112305
-4.4710564613342285
-5.193578243255615
-9.520378112792969
-11.020120620727539
3.3588247299194336
-7.948611259460449
-5.637381553649902
-5.4486260414123535
-4.371098041534424
-8.040919303894043
-4.051089286804199
-11.537550926208496
-7.33005428314209
-10.058965682983398
-9.137333869934082
-8.081826210021973
-10.767159461975098
-10.694881439208984
-9.018437385559082
-8.314849853515625
-8.938736915588379
-3.1037161350250244
-7.475180149078369
-9.517484664916992
-9.325254440307617
-7.57659912109375
-2.2111217975616455
-9.521398544311523
-5.878031253814697
-8.573408126831055
-8.994224548339844
-7.58185338973999
-7.757067680358887
-6.782716274261475
-6.676082134246826
-7.75657320022583
-6.158933639526367
-6.283227920532227
-8.300468444824219
-8.459321975708008
-8.04874038696289
-7.35152530670166
-6.478586196899414
1.6124365329742432
-5.381876468658447
-8.257019996643066
-8.377662658691406
-6.036344051361084
-10.953049659729004
-5.648900508880615
-1.3560179471969604
-6.380908966064453
-8.778362274169922
-8.206099510192871
-6.945705890655518
-5.5438408851623535
-2.797398805618286
-5.773622512817383
-7.807770729064941
-5.54127311706543
-1.9682124853134155
-9.321443557739258
-8.219290733337402
0.9342620968818665
-10.226166725158691
-7.803555011749268
-8.331212997436523
-6.1426849365234375
-8.877239227294922
-10.654142379760742
-9.41826057434082
-8.022886276245117
-0.9139421582221985
-4.485947132110596
-1.7343627214431763
-6.8364577293396
-5.599906921386719
-8.146086692810059
-8.301950454711914
-9.123011589050293
-8.114712715148926
-4.9654130935668945
-9.237417221069336
-9.559618949890137
-5.619562149047852
-8.005136489868164
-5.113654613494873
-8.214542388916016
-4.380733966827393
-11.109065055847168
-8.97801399230957
-7.748783111572266
-8.864234924316406
-4.854626655578613
-7.31613826751709
-9.522116661071777
-8.090190887451172
-7.792009353637695
-0.8560588359832764
-2.2492828369140625
-6.947811603546143
-6.454067230224609
-7.436917781829834
-6.230197429656982
-8.327409744262695
-11.291889190673828
-7.274684429168701
-4.8511834144592285
-6.8537726402282715
-5.045421600341797
-2.2891757488250732
4.006922721862793
-7.965058326721191
5.279965877532959
-8.638594627380371
-9.337233543395996
-6.100090503692627
-10.32149600982666
-10.429313659667969
-11.016880989074707
-3.043412923812866
-7.654208183288574
-5.460959434509277
-5.885977745056152
-11.083324432373047
-6.2386064529418945
-6.275967121124268
-4.638158321380615
-9.448792457580566
-7.760545253753662
-6.306778430938721
-6.280966281890869
-5.9426703453063965
-5.675682067871094
-8.917016983032227
-5.420007705688477
-3.673956871032715
-10.124334335327148
-6.067261695861816
-9.548237800598145
-3.641688346862793
-11.225007057189941
-3.9873993396759033
-6.834592819213867
-4.038090229034424
-2.9951322078704834
-10.547829627990723
-5.595134735107422
-10.876644134521484
-10.494077682495117
-5.096002101898193
-4.402092933654785
-9.3192138671875
-9.605677604675293
-9.092273712158203
-4.0617499351501465
-3.9018657207489014
-10.710495948791504
-4.7437520027160645
-8.846449851989746
-9.583468437194824
-7.3029890060424805
2.4679930210113525
-6.186811923980713
-4.722280979156494
-5.676771640777588
-6.675538539886475
-6.239806652069092
1.9432097673416138
-6.912405014038086
-7.326820373535156
-12.234493255615234
-7.859059810638428
-6.943708419799805
-8.7523775100708
-8.331254959106445
-3.615690231323242
-6.073242664337158
-8.212607383728027
-7.012284278869629
-4.574251651763916
-8.277009963989258
-9.695225715637207
-10.130313873291016
-2.4425466060638428
-7.106866359710693
-10.9931001663208
-8.91774845123291
-5.034637928009033
-6.800347328186035
0.3271128833293915
-8.593891143798828
-5.433070182800293
-4.046557903289795
-6.459946155548096
-7.879591464996338
-1.3222682476043701
-4.996323585510254
-6.189090251922607
-4.068896293640137
-8.374837875366211
-8.918729782104492
-7.471092700958252
-8.189229011535645
-6.60525369644165
-3.867957592010498
-10.394583702087402
-3.666543483734131
-5.7922258377075195
-9.362314224243164
-8.752618789672852
-6.523928642272949
-5.9611897468566895
-7.432851314544678
-7.972825527191162
-6.636049747467041
-10.315230369567871
-7.569023609161377
-8.62979793548584
-5.257089614868164
-7.964877605438232
-10.66995906829834
-10.3776273727417
-8.15789794921875
-4.6081156730651855
-3.0010955333709717
-5.57575798034668
-6.159354209899902
-9.39196491241455
-6.1663498878479
-4.42147970199585
-3.4266130924224854
-1.8029160499572754
-3.1203155517578125
-6.392368316650391
-6.43873405456543
-9.218996047973633
-6.20761251449585
-9.847604751586914
-7.493531227111816
-9.621245384216309
-1.436185598373413
-6.56330680847168
-7.304955959320068
-8.82934284210205
-8.999125480651855
-5.33929967880249
-5.14524507522583
0.3075069189071655
-0.45567190647125244
-6.694682598114014
-4.428063869476318
-5.243340492248535
-4.167587757110596
0.606063961982727
-8.277195930480957
-3.4301605224609375
-6.6207990646362305
-6.735236644744873
2.0518112182617188
0.03220551460981369
-5.818709373474121
-1.6916587352752686
-6.777331829071045
-2.0999090671539307
-7.230754852294922
-7.656144142150879
-7.718087673187256
-6.458748817443848
-1.2814089059829712
-8.443971633911133
-8.072126388549805
-10.50143814086914
-3.5096347332000732
-8.397294044494629
-9.725932121276855
-9.303563117980957
-8.998983383178711
-5.244793891906738
-10.858452796936035
-7.257591724395752
1.322326898574829
-10.871947288513184
-5.1533684730529785
-3.6171624660491943
-6.0087690353393555
-3.9372501373291016
-7.105530738830566
-5.379222869873047
-11.02944564819336
-4.615904331207275
-4.873262882232666
-3.7243051528930664
-8.880719184875488
-8.275079727172852
-9.01049518585205
-11.9956693649292
3.2455904483795166
-8.832474708557129
-9.199310302734375
-0.44576022028923035
-8.100225448608398
-6.302377223968506
-7.799173831939697
-7.710285186767578
-9.38466739654541
-7.526434421539307
-7.771595001220703
-5.761282444000244
-3.5132038593292236
-11.338398933410645
-7.718530178070068
-3.204453229904175
-9.433862686157227
-4.976531505584717
-9.044123649597168
-8.339478492736816
-3.3224332332611084
-9.279184341430664
-6.74644136428833
-10.778855323791504
-9.558002471923828
-9.332002639770508
-7.864111423492432
-0.6149486303329468
-8.556095123291016
1.7621666193008423
-3.19010853767395
-7.3893046379089355
-11.097182273864746
-4.8282790184021
-7.740293025970459
-7.214178085327148
-10.70329475402832
-4.245906352996826
-5.675581932067871
-5.146589756011963
-7.570906162261963
-8.08333969116211
-5.471458911895752
-5.52608060836792
-8.236082077026367
-8.2181396484375
-6.47209358215332
-8.47245979309082
-5.2093586921691895
-5.305535793304443
-5.538367748260498
1.4728381633758545
-8.384814262390137
-1.7308865785598755
-7.883968353271484
-4.250060081481934
-7.163285255432129
-10.458702087402344
-8.276402473449707
-4.661255836486816
-8.913626670837402
-6.174212455749512
-6.024868488311768
-3.774799108505249
-9.936037063598633
-11.02049732208252
-2.0107474327087402
-6.932214736938477
-10.308130264282227
-1.1501102447509766
-7.661839962005615
-9.349474906921387
-7.412426948547363
-6.994086742401123
-2.360581636428833
-3.1655187606811523
-4.263408660888672
5.20339822769165
-6.05934476852417
-8.397186279296875
-4.81077766418457
-8.017573356628418
-5.120236873626709
-8.440520286560059
-5.967490196228027
-7.254580974578857
-10.812347412109375
-6.552228927612305
3.6351158618927
-6.649404048919678
-10.829864501953125
-7.617763519287109
-8.248543739318848
-7.258383750915527
-7.015536785125732
-5.806471824645996
0.20256510376930237
-5.579558372497559
-2.2524328231811523
-5.779327392578125
-9.917242050170898
-7.706824779510498
-1.835127592086792
-7.854441165924072
-10.270071029663086
-7.300879001617432
-2.9921369552612305
4.313769340515137
-9.481197357177734
1.8763209581375122
-1.5914082527160645
-7.786937713623047
2.0015203952789307
-10.682351112365723
-5.761997699737549
3.9659273624420166
-7.6942291259765625
-8.474459648132324
-3.990577459335327
-6.876737594604492
-6.103033542633057
0.8056063055992126
-8.966632843017578
-6.949947834014893
-8.608733177185059
-0.3363669812679291
-9.278390884399414
-12.053213119506836
-6.8863301277160645
-5.628396511077881
-7.223668575286865
-11.74777603149414
-8.9553804397583
-4.917815685272217
-1.1190794706344604
-8.57102108001709
-7.717444896697998
-6.069522380828857
-6.6503005027771
1.2631927728652954
-7.854359149932861
-9.167920112609863
-0.34299343824386597
-6.0614213943481445
-6.332695484161377
-6.752124309539795
-5.422238826751709
-10.955374717712402
-11.712472915649414
-5.65256929397583
-4.018054485321045
-8.90349006652832
-6.263740062713623
-12.682693481445312
-9.405844688415527
-0.27096351981163025
-6.672604560852051
-3.100839614868164
-6.17938756942749
-6.796579837799072
-8.845354080200195
-8.585251808166504
-5.863097667694092
-5.6201958656311035
-0.8688191175460815
-3.0418946743011475
-8.574265480041504
-9.06383991241455
-7.756479740142822
-3.40290904045105
-0.3591103255748749
-8.861035346984863
-9.28031063079834
-10.754768371582031
-7.019528865814209
-0.9105881452560425
-7.819228649139404
-6.186212539672852
-2.0612375736236572
-4.3312835693359375
-6.980811595916748
-10.302794456481934
-6.771591663360596
-7.951786041259766
-8.663681983947754
-7.8231520652771
-7.126713275909424
-7.4878973960876465
-2.8073713779449463
-9.378560066223145
-6.060835361480713
-2.820510149002075
-4.443681240081787
0.11129676550626755
-3.061023473739624
-2.3457815647125244
-6.179556846618652
-6.53922176361084
-8.065105438232422
-5.393314838409424
-10.775296211242676
-3.0357882976531982
-9.561485290527344
-6.194021224975586
-9.923107147216797
-6.346516132354736
-2.936967372894287
-7.3238205909729
-7.358709812164307
-2.7412383556365967
-10.567344665527344
-7.196743488311768
-5.861655235290527
-10.183786392211914
-5.920751094818115
-8.851840019226074
-6.329787731170654
-6.447804927825928
-10.45582389831543
-0.012550780549645424
-6.3280158042907715
-8.36063003540039
1.8039697408676147
-1.9764697551727295
-5.687678813934326
-5.691848278045654
-7.863968849182129
-5.943297863006592
-6.892385959625244
-8.678333282470703
-5.815551280975342
-10.746007919311523
-6.4141459465026855
-4.394079208374023
-8.871747016906738
-4.736967086791992
-2.468381643295288
-9.793132781982422
-10.434629440307617
-4.875216960906982
-4.432655334472656
-5.236246585845947
-7.656838417053223
-3.1462178230285645
-4.9740214347839355
-7.907537937164307
-5.40295934677124
0.46243008971214294
-4.940689563751221
-3.391319513320923
-9.752760887145996
-8.082146644592285
-8.508340835571289
-8.463164329528809
-5.986339092254639
-7.34433126449585
-8.538708686828613
-9.29694652557373
-5.994953632354736
-6.064047336578369
-10.028645515441895
-8.1109619140625
-8.658921241760254
-3.4555118083953857
-6.696818828582764
-8.547258377075195
-7.592593669891357
-5.560430526733398
-4.7884368896484375
-9.853856086730957
-5.2815046310424805
-1.437544822692871
-2.6066393852233887
-6.431925296783447
-5.505668640136719
-8.944229125976562
-10.638567924499512
-6.4663848876953125
-5.506239891052246
-10.063149452209473
-5.661925315856934
-1.408921241760254
2.4292187690734863
-5.67860221862793
-2.1775834560394287
1.120485544204712
-8.81183910369873
-7.411044597625732
-10.228480339050293
-4.788715839385986
-6.976171493530273
-8.317895889282227
-7.1332526206970215
-1.1315478086471558
-3.932347536087036
-7.867424964904785
-4.981954574584961
-10.29841136932373
-4.799086093902588
0.08070849627256393
0.9622989892959595
-0.21160124242305756
-7.602392196655273
-4.563711166381836
-4.880040168762207
-8.20948600769043
-4.6993207931518555
-7.712518692016602
-6.343007564544678
-8.93841552734375
-9.951326370239258
-5.460977554321289
-7.657421588897705
-9.23637866973877
-5.5325846672058105
-8.93160343170166
-6.112107753753662
-7.536007404327393
-2.487623691558838
-11.33248519897461
-10.235422134399414
-8.361056327819824
-3.736149549484253
-6.108988285064697
-6.380938529968262
-2.68194842338562
-3.576256513595581
-2.890280246734619
-3.653717041015625
-3.252779483795166
-7.514185905456543
-6.415406703948975
-3.6130053997039795
-9.423195838928223
-7.479371547698975
-9.744380950927734
-6.684420108795166
-9.05665397644043
-5.953405857086182
0.9861184358596802
-8.821002960205078
-6.982108116149902
-5.084676265716553
-1.7347699403762817
-9.377076148986816
-6.3082966804504395
-10.238059997558594
-6.504897117614746
-1.9671846628189087
-7.527188777923584
-8.734969139099121
-9.354778289794922
-2.4021620750427246
-6.7755842208862305
-8.148055076599121
-7.189303398132324
-9.371811866760254
-6.460051536560059
-7.507689952850342
-4.5752787590026855
-7.182034492492676
-4.76436710357666
1.8349140882492065
-6.222066402435303
-8.095203399658203
-0.3906671702861786
-6.285593032836914
-9.709272384643555
-6.197440147399902
-10.167899131774902
-8.329164505004883
2.980292558670044
-4.603386878967285
-1.765600323677063
-1.5476115942001343
-6.91678524017334
-5.314731597900391
-3.090691089630127
-10.071497917175293
3.724973440170288
-8.599811553955078
-5.0490570068359375
-7.617425441741943
-5.880617618560791
0.026479115709662437
-9.184181213378906
-10.665761947631836
-2.405484437942505
-9.786781311035156
-0.5006713271141052
-10.478706359863281
-6.208010196685791
-3.6298224925994873
-0.5941730737686157
-4.5948991775512695
-3.794473171234131
-8.493603706359863
-4.544414043426514
-5.537727355957031
-8.947290420532227
-3.927095890045166
-8.569321632385254
-3.093526840209961
-10.439169883728027
-0.3515896499156952
-2.487204074859619
-6.820927143096924
-10.812532424926758
-6.72585916519165
-10.152894973754883
-6.828113079071045
-8.888519287109375
-8.483750343322754
-10.670578956604004
-8.529438018798828
-1.8439838886260986
0.3858122229576111
-6.899145603179932
-7.920361518859863
-4.0536699295043945
-11.641873359680176
-1.4858369827270508
-4.264736652374268
-5.9387431144714355
-8.469764709472656
-10.58473014831543
-8.389549255371094
-4.534517765045166
-9.439740180969238
-6.351659297943115
-9.619730949401855
-5.241846084594727
-9.547733306884766
-2.730442762374878
-2.5839955806732178
-4.852669715881348
2.3016703128814697
-8.03039836883545
-6.547936916351318
-7.972294330596924
-6.594788074493408
-11.503661155700684
-5.792513847351074
-7.572747707366943
-7.482731342315674
-6.959671497344971
-5.018136978149414
-6.816075325012207
-9.109508514404297
-2.1623404026031494
-3.4994494915008545
2.2718470096588135
-5.190337657928467
-5.9396233558654785
-8.866939544677734
-10.616947174072266
-4.608336925506592
-9.710786819458008
-11.16100025177002
-9.941235542297363
-3.2623839378356934
-4.650335788726807
-7.7909088134765625
3.588867425918579
-3.0866940021514893
-9.200671195983887
-7.536837100982666
-9.1828031539917
-8.473252296447754
8.121161460876465
-0.39425861835479736
-7.854668140411377
-4.8039679527282715
-9.890036582946777
-8.772239685058594
-5.083223342895508
-7.09249210357666
-0.668117880821228
-7.215853214263916
-6.463212966918945
-5.454176425933838
-8.878493309020996
-7.908718109130859
2.681087017059326
0.11919664591550827
-2.2655177116394043
-6.593560695648193
-10.75778865814209
-5.898563861846924
-1.9266682863235474
-6.446278095245361
-5.911527633666992
-6.626852035522461
-9.654991149902344
-4.564619064331055
-7.646174907684326
-11.015783309936523
-5.4631667137146
-8.812054634094238
-6.845472812652588
-6.506463527679443
-7.996178150177002
-4.457371234893799
-4.649182319641113
-7.3351149559021
7.570144176483154
-8.34720516204834
-6.763877868652344
-8.893644332885742
-5.116084098815918
-9.620104789733887
-2.9841318130493164
-8.843634605407715
-11.428657531738281
-8.437732696533203
-7.860467910766602
-11.365140914916992
-12.284152030944824
-9.261089324951172
-12.202768325805664
-7.0042524337768555
-9.161948204040527
-9.87865161895752
-12.871522903442383
-9.656603813171387
-8.33958625793457
-4.744492053985596
-6.8309855461120605
-10.807018280029297
-10.185640335083008
-6.914698123931885
-7.0311126708984375
-8.29560661315918
-5.276477336883545
-9.951600074768066
-10.849853515625
-8.159113883972168
-8.593460083007812
-10.602636337280273
-8.610466003417969
-9.926230430603027
-11.940462112426758
-8.31347942352295
-6.9178853034973145
-9.89598274230957
-8.874876976013184
-9.47083854675293
-9.251093864440918
-6.893629550933838
-7.6570353507995605
-5.070542812347412
-8.432371139526367
-11.226916313171387
-6.344709396362305
-8.994600296020508
-10.83073616027832
-9.25510025024414
-6.401510715484619
-8.716326713562012
-11.230169296264648
-11.943073272705078
-6.77606725692749
-8.89073371887207
-8.013205528259277
-11.213949203491211
-6.588979244232178
-8.4866361618042
-7.804169654846191
-6.136401176452637
-12.418407440185547
-9.830236434936523
-9.33975887298584
-10.632274627685547
-10.487532615661621
-11.82296371459961
-5.940920352935791
-7.285991191864014
-5.534347057342529
-11.460576057434082
-8.425369262695312
-9.066383361816406
-9.865071296691895
-8.622640609741211
-9.619763374328613
-11.881539344787598
-8.099344253540039
-12.087580680847168
-8.190528869628906
-7.6934075355529785
-9.077704429626465
-10.060810089111328
-6.229682922363281
-11.965998649597168
-7.775367736816406
-7.519814491271973
-8.613553047180176
-9.148721694946289
-7.095161437988281
-10.663070678710938
-10.665877342224121
-3.1693623065948486
-10.896368026733398
-8.9601469039917
-8.42708969116211
-10.222681999206543
-7.609182357788086
-8.954763412475586
-10.667121887207031
-8.524397850036621
-7.302219867706299
-12.36305046081543
-2.9365780353546143
-9.875730514526367
-11.617551803588867
-9.878619194030762
-10.589994430541992
-9.92285442352295
-9.858007431030273
-7.389087677001953
-9.814984321594238
-6.265752792358398
-5.413336277008057
-11.181708335876465
-9.970499038696289
-8.001008033752441
-11.612661361694336
-4.323216438293457
-10.50678825378418
-7.578354835510254
-9.702831268310547
-5.926186561584473
-11.56923770904541
-11.154012680053711
-9.023690223693848
-9.914548873901367
-13.412787437438965
-6.914889812469482
-8.99882698059082
-5.464242458343506
-8.479110717773438
-8.514376640319824
-10.0488862991333
-8.235361099243164
-7.4781622886657715
-7.0775532722473145
-11.360662460327148
-4.645620822906494
-6.482957363128662
-10.091425895690918
-11.42860221862793
-4.119508266448975
-8.841409683227539
-9.260943412780762
-10.08595085144043
-10.921843528747559
-6.124634742736816
-8.409964561462402
-8.41959285736084
-11.249942779541016
-0.9967360496520996
-8.517548561096191
-11.112496376037598
-8.030000686645508
-8.147567749023438
-6.3106865882873535
-7.533029079437256
-9.195222854614258
-12.622684478759766
-9.41170883178711
-5.883875846862793
-4.8978590965271
-11.14207935333252
-7.457409858703613
-11.942358016967773
-8.123610496520996
-7.39054012298584
-7.615663528442383
-3.838374376296997
-9.300979614257812
-6.141824722290039
-6.687755107879639
-10.116007804870605
-11.777417182922363
-7.882853984832764
-8.997797012329102
-6.8981428146362305
-7.17943000793457
-7.871845245361328
-9.35639762878418
-9.424959182739258
-8.432291030883789
-9.370660781860352
-8.300535202026367
-11.519646644592285
-6.159883499145508
-8.47356128692627
-10.546586990356445
-3.17010760307312
-9.879525184631348
-9.865553855895996
-8.870906829833984
-5.538201332092285
-8.839491844177246
-8.854764938354492
-6.19930362701416
-9.504124641418457
-11.272635459899902
-6.239068508148193
-8.319510459899902
-11.059478759765625
-5.633784770965576
-9.406511306762695
-9.293105125427246
-7.537571907043457
-11.153039932250977
-6.696694850921631
-9.734415054321289
-7.5980401039123535
-6.421187400817871
-10.499393463134766
-10.003589630126953
-8.276439666748047
-6.296083927154541
-7.699667930603027
-6.755467891693115
-7.225443363189697
-9.859115600585938
-9.260090827941895
-12.269560813903809
-7.5328288078308105
-8.448504447937012
-5.594624042510986
-11.19560718536377
-8.394171714782715
-8.194646835327148
-8.712326049804688
-10.342559814453125
-6.442266941070557
-9.861531257629395
-8.643819808959961
-11.434911727905273
-6.424964427947998
-7.2358317375183105
-9.711640357971191
-6.357724666595459
-6.840054512023926
-12.383050918579102
-5.6830339431762695
-5.605655193328857
-10.06600570678711
-5.821981906890869
-9.25096321105957
-7.064729690551758
-1.713733196258545
-8.082512855529785
-8.225859642028809
-6.749451160430908
-7.129532337188721
-8.899063110351562
-8.388839721679688
-7.729227066040039
-5.498476028442383
-8.665964126586914
-2.915053606033325
-10.49133586883545
-10.769388198852539
-8.613977432250977
-10.391818046569824
-9.8447265625
-10.751763343811035
-4.5558881759643555
-8.402645111083984
-11.465414047241211
-10.682931900024414
-10.410870552062988
-7.151668548583984
-7.604318618774414
-10.131529808044434
-8.671870231628418
-6.072946548461914
-9.533599853515625
-8.74455451965332
-10.481399536132812
-9.928768157958984
-4.958197593688965
-7.630372524261475
-10.273972511291504
-10.49664306640625
-6.773315906524658
-4.211341857910156
-9.272836685180664
-5.771740436553955
-11.467803001403809
-8.54680061340332
-8.544544219970703
-11.532225608825684
-8.541086196899414
-6.7354655265808105
-8.518560409545898
-8.346280097961426
-7.593619346618652
2.2010176181793213
-11.171304702758789
-8.584406852722168
-2.885901927947998
-7.854861736297607
-6.691133499145508
-11.792916297912598
-10.281930923461914
-10.721392631530762
-2.1643049716949463
-7.75753927230835
-5.9848551750183105
-4.640486240386963
-10.50910472869873
-6.896252155303955
-10.117602348327637
-10.047249794006348
-9.197725296020508
-6.56583833694458
-9.848402976989746
-10.734601974487305
-9.17768383026123
-7.916167736053467
-8.66640853881836
-8.907236099243164
-7.2623372077941895
-10.000679016113281
-5.824503421783447
-3.1109161376953125
-10.563343048095703
-9.090431213378906
-10.132577896118164
-10.400483131408691
-6.449696063995361
-7.556281566619873
-7.019287586212158
-10.78274154663086
-4.26124906539917
-5.26474666595459
-10.509882926940918
-7.044611930847168
-10.034976959228516
-10.775415420532227
-10.658219337463379
-11.622638702392578
-6.904571056365967
-11.42677116394043
-7.367476940155029
-9.575178146362305
-9.13885498046875
-11.018426895141602
-10.316537857055664
-10.011287689208984
-10.201460838317871
-9.99045467376709
-9.645570755004883
-7.95981502532959
-7.559425354003906
-8.68165111541748
-10.299031257629395
-8.850324630737305
-7.751360893249512
-9.533770561218262
-6.781267166137695
-9.270588874816895
-9.900897979736328
-5.562901973724365
-3.808474063873291
-10.868719100952148
-6.103508472442627
-11.576665878295898
-8.342576026916504
-11.830268859863281
-11.584061622619629
-8.628077507019043
-9.80712890625
-7.455264091491699
-8.12090015411377
-8.086095809936523
-9.957767486572266
-8.768613815307617
-4.303289890289307
-8.553959846496582
-7.755089282989502
-9.932806015014648
-8.257827758789062
-5.777462482452393
-6.226710319519043
-9.704217910766602
-7.7243194580078125
-8.798014640808105
-7.446846008300781
-6.404056072235107
-10.418397903442383
-8.665947914123535
-8.643266677856445
-6.599312782287598
-10.644352912902832
-10.36656379699707
-10.861172676086426
-5.828567981719971
-9.855030059814453
-7.994411945343018
-7.06166410446167
-8.99640941619873
-6.373765468597412
-5.036210060119629
-6.928072452545166
-11.238340377807617
-10.342265129089355
-7.2645673751831055
-10.0696382522583
-9.005066871643066
-5.2642951011657715
-5.165884494781494
-9.76765251159668
-7.11417818069458
-11.118507385253906
-9.943129539489746
-6.558406829833984
-7.747061252593994
-8.005026817321777
-10.004305839538574
-10.121063232421875
-9.113779067993164
-9.09870433807373
-6.828939914703369
-5.090020656585693
-9.89960765838623
-5.55444860458374
-9.378819465637207
-7.67405366897583
-5.523599624633789
-7.017717361450195
-11.037056922912598
-6.377532482147217
-11.58812141418457
-5.549499034881592
-9.460140228271484
-8.518052101135254
-7.405440807342529
-7.852535724639893
-9.594930648803711
-2.3272554874420166
-6.760376453399658
-8.283966064453125
-8.762856483459473
-9.187776565551758
-6.732760906219482
-8.407870292663574
-9.296812057495117
-7.698864936828613
-8.080007553100586
-11.11904239654541
-8.274107933044434
-6.213381290435791
-10.212041854858398
-9.092639923095703
-9.776532173156738
-8.64274787902832
-9.127151489257812
-7.242815017700195
-5.020990371704102
-8.221099853515625
-10.125455856323242
-7.03372049331665
-9.589432716369629
-9.921951293945312
-7.097026824951172
-8.325109481811523
-7.412825107574463
-11.62515926361084
-10.031404495239258
-9.371868133544922
-10.276845932006836
-8.472394943237305
-9.92178726196289
-10.466524124145508
-11.164834022521973
-10.74008560180664
-6.820220470428467
-9.909358978271484
-7.972909450531006
-11.254539489746094
-8.445186614990234
-7.128714084625244
-8.6813325881958
-8.478278160095215
-7.1436309814453125
-6.8780646324157715
-9.78396224975586
-10.323019027709961
-5.919657230377197
-9.922786712646484
-5.441287040710449
-8.491037368774414
-7.41336727142334
-8.670154571533203
-10.662994384765625
-7.519421100616455
-9.051811218261719
-9.95353889465332
-2.3239455223083496
-6.779350280761719
-7.67747688293457
-8.435140609741211
-8.069198608398438
-9.11556625366211
-10.456504821777344
-6.7429046630859375
-6.656775951385498
-10.439901351928711
-10.438882827758789
-8.986069679260254
-5.986093997955322
-8.899117469787598
-6.9645280838012695
-9.383788108825684
-10.470687866210938
-7.562715530395508
-9.671086311340332
-6.544280052185059
-8.624783515930176
-10.270718574523926
-10.103815078735352
-8.427631378173828
-9.577285766601562
-9.970386505126953
-9.735769271850586
-10.001058578491211
-10.212698936462402
-10.758074760437012
-3.1229724884033203
-7.16487979888916
-8.912418365478516
-11.963319778442383
-5.885624885559082
-6.244277000427246
-5.198310375213623
-7.77927827835083
-5.7216386795043945
-8.653939247131348
-5.915065765380859
-9.188837051391602
-10.612105369567871
-7.888790607452393
-9.631209373474121
-6.842448711395264
-7.435328960418701
-7.744065284729004
-2.252399206161499
-8.055817604064941
-11.807924270629883
-7.049890995025635
-8.472197532653809
-11.07242488861084
-10.694707870483398
-6.332037448883057
-5.939881801605225
-6.087103366851807
-9.042464256286621
-7.23082160949707
-11.080179214477539
-9.13135051727295
-10.847762107849121
-3.6339468955993652
-6.87766170501709
-10.08536148071289
-8.550704956054688
-8.232404708862305
-7.560925006866455
-11.55012035369873
-9.373015403747559
-9.902023315429688
-10.407127380371094
-4.870626449584961
-7.212110996246338
-4.091624736785889
-7.833968639373779
-6.570428371429443
-8.223135948181152
-9.122762680053711
-7.686165809631348
-7.105291843414307
-10.064987182617188
-13.022270202636719
-8.587512016296387
-9.772350311279297
-7.369814395904541
-10.224486351013184
-10.049091339111328
-8.009005546569824
-10.327146530151367
-7.118120193481445
-9.936578750610352
-8.189258575439453
-10.259657859802246
-9.470819473266602
-9.388382911682129
-7.098175525665283
-9.681504249572754
-9.713034629821777
-11.215326309204102
-10.290698051452637
-10.796806335449219
-9.482051849365234
-10.208601951599121
-9.133288383483887
-6.138339519500732
-6.663358688354492
-9.56702709197998
-8.382622718811035
-10.666497230529785
-7.789079666137695
-10.104147911071777
-8.033015251159668
-9.151741981506348
-11.923840522766113
-6.764679431915283
-5.7439656257629395
-9.641877174377441
-10.630961418151855
-7.132970809936523
-8.379217147827148
-8.160353660583496
-8.599678039550781
-13.457747459411621
-5.002847671508789
-11.220255851745605
-10.041912078857422
-11.880261421203613
-10.168716430664062
-9.261001586914062
-4.885890483856201
-8.445700645446777
-8.649852752685547
-8.921568870544434
-11.27996826171875
-9.067903518676758
-6.613078594207764
-9.245317459106445
-8.065313339233398
-7.684274196624756
-10.932767868041992
-5.462447166442871
-8.572521209716797
-8.574036598205566
-11.407254219055176
-9.121615409851074
-5.214542388916016
-11.078913688659668
-8.845213890075684
-11.421060562133789
-10.374263763427734
-9.400416374206543
-8.461122512817383
-7.975311279296875
-7.088204860687256
-8.511003494262695
-8.853768348693848
-8.860462188720703
-9.8657808303833
-7.305593967437744
-9.189502716064453
-7.575410842895508
-8.5468168258667
-9.021432876586914
-5.1903977394104
-6.410247802734375
-11.486193656921387
-9.038798332214355
-9.794326782226562
-8.922868728637695
-7.86541223526001
-9.806434631347656
-3.21502947807312
-6.480578899383545
-2.2573142051696777
-9.720460891723633
-5.6603264808654785
-9.188793182373047
-8.23956298828125
-13.196637153625488
-9.085688591003418
-7.85759973526001
-5.418842792510986
-7.901439189910889
-7.647244930267334
-11.498619079589844
-8.810150146484375
-10.201322555541992
-7.044809341430664
-8.034971237182617
-9.846212387084961
-5.291740417480469
-7.844486713409424
-5.684773921966553
-6.352054119110107
-8.034908294677734
-9.348509788513184
-4.791527271270752
-7.739502429962158
-8.2122163772583
-8.782312393188477
-8.693653106689453
-12.840234756469727
-10.495213508605957
-8.553312301635742
-4.410154342651367
-10.69409465789795
-7.342992305755615
-9.821266174316406
-8.243897438049316
-3.3805768489837646
-8.418574333190918
-10.252452850341797
-7.373852252960205
-10.418709754943848
-8.04428768157959
-5.100458145141602
-5.340020656585693
-7.086599349975586
-9.518268585205078
-7.451771259307861
-8.591221809387207
-7.896142959594727
-6.329894065856934
-5.943553447723389
-7.995534420013428
-7.302608489990234
-11.06126880645752
-8.38769817352295
-3.52807354927063
-7.945403575897217
-7.4524383544921875
-6.596686840057373
-11.074405670166016
-10.976985931396484
-4.233774662017822
-9.039918899536133
-9.547323226928711
-6.394513130187988
-5.715802192687988
-9.098464965820312
-8.224810600280762
-4.108846664428711
-11.733985900878906
-7.26179838180542
-9.352094650268555
-11.714842796325684
-9.127805709838867
-12.628396034240723
-9.986120223999023
-6.4719743728637695
-3.8226654529571533
-9.326678276062012
-9.534350395202637
-5.296297073364258
-9.293241500854492
-7.898110866546631
-8.985909461975098
-12.707193374633789
-10.186580657958984
-6.441591262817383
-9.984668731689453
-6.759998321533203
-9.108644485473633
-8.258671760559082
-7.993488311767578
-7.823728084564209
-8.620661735534668
-7.987576007843018
-4.749983310699463
-7.982567310333252
-7.46603536605835
-10.848572731018066
-1.8356261253356934
-10.11451530456543
-9.668025970458984
-8.548787117004395
-6.612511157989502
-7.709873676300049
-6.695107936859131
-5.771096706390381
-8.765274047851562
-9.083568572998047
-7.830109119415283
-9.745594024658203
-7.322377681732178
-8.073862075805664
-10.578951835632324
-11.142670631408691
-5.542466163635254
-10.985751152038574
-9.295218467712402
-11.760354995727539
-11.411073684692383
-5.238135814666748
-7.561165809631348
-4.429806709289551
-6.684351444244385
-7.897080421447754
-7.945438385009766
-10.41466999053955
-12.46849250793457
-8.078235626220703
-7.622192859649658
-8.682573318481445
-11.181779861450195
-9.588013648986816
-10.778076171875
-7.798466205596924
-8.01791763305664
-6.099607467651367
-10.28289794921875
-5.0818986892700195
-11.101103782653809
-9.89682674407959
-12.128401756286621
-9.438838005065918
-7.001786231994629
-5.663566589355469
-6.927872657775879
-9.602636337280273
-6.957265377044678
-7.472263813018799
-8.686721801757812
-9.904863357543945
-11.238981246948242
-6.545942783355713
-6.21315336227417
-2.487025737762451
-7.121835231781006
-8.611827850341797
-8.052116394042969
-11.965875625610352
-10.107489585876465
-10.11723518371582
-9.184284210205078
-10.943352699279785
-8.360013961791992
-5.298094272613525
-9.901829719543457
-8.59553050994873
-7.101681709289551
-10.894427299499512
-4.054580211639404
-5.479888439178467
-5.419929027557373
-12.44053840637207
-7.12214994430542
-9.277286529541016
-8.091107368469238
-8.449136734008789
-8.445513725280762
-10.172704696655273
-9.244625091552734
-10.19188117980957
-10.153178215026855
-7.948564052581787
-9.378873825073242
-3.071434736251831
-8.345654487609863
-8.26272964477539
-8.724687576293945
-9.5654878616333
-9.32073974609375
-9.3395357131958
-10.454938888549805
-9.174506187438965
-4.6401472091674805
-6.1011834144592285
-9.301809310913086
-9.667369842529297
-4.817811489105225
-5.029003143310547
-5.88283109664917
-9.488368034362793
-9.761652946472168
-9.244437217712402
-9.761541366577148
-8.50381851196289
-8.143791198730469
-8.396263122558594
-8.978318214416504
-11.13381576538086
-8.924482345581055
-10.316461563110352
-5.9863810539245605
-10.599435806274414
-5.438101291656494
-3.9939393997192383
-6.00894021987915
-6.873063087463379
-5.866627216339111
-8.369942665100098
-9.134428977966309
-10.16513442993164
-9.29051685333252
-11.415060043334961
-9.990917205810547
-6.329375743865967
-11.787078857421875
-8.312682151794434
-6.804476737976074
-7.190138816833496
-10.330245018005371
-6.74914026260376
-10.937403678894043
-4.149927139282227
-9.859679222106934
-7.751040458679199
-10.867877960205078
-10.28304386138916
-5.6332926750183105
-9.855254173278809
-6.787154674530029
-6.633337020874023
-8.442474365234375
-9.574710845947266
-10.826581001281738
-6.897609710693359
-5.651115894317627
-8.584031105041504
-10.609469413757324
-8.8316068649292
-7.712706565856934
-11.686899185180664
-9.377922058105469
-10.625597953796387
-9.361602783203125
-9.601614952087402
-5.541225910186768
-5.756931781768799
-5.799293041229248
-7.327857494354248
-8.427680015563965
-8.603052139282227
-11.070514678955078
-10.568363189697266
-10.524003982543945
-7.330443859100342
-8.571829795837402
-7.117245674133301
-7.685807228088379
-9.171337127685547
-6.187881946563721
-7.741480350494385
-6.483378887176514
-6.810914516448975
-6.9923481941223145
-8.904363632202148
-6.35202169418335
-10.11559772491455
-9.776771545410156
-4.036468982696533
-10.58263874053955
-12.719051361083984
-10.857912063598633
-6.251220703125
-11.161317825317383
-7.781208515167236
-5.4300665855407715
-5.394958019256592
-8.546424865722656
-11.328849792480469
-10.794191360473633
-9.742647171020508
-7.378969669342041
-9.203298568725586
-8.821588516235352
-8.666577339172363
-9.063154220581055
-9.348677635192871
-6.842945098876953
-8.483363151550293
-11.57673454284668
-7.526529312133789
-5.841357707977295
-6.821343898773193
-8.096479415893555
-6.898880481719971
-7.384371280670166
-8.477582931518555
-4.338923931121826
-10.892133712768555
-10.87584114074707
-10.217620849609375
-10.698319435119629
-12.062294960021973
-6.442486763000488
-5.897776126861572
-10.98905086517334
-11.058023452758789
-10.8760347366333
-11.804924964904785
-11.004070281982422
-8.17962646484375
-6.53540563583374
-8.62434196472168
-9.762646675109863
-9.048986434936523
-7.145571231842041
-10.301093101501465
-7.7703471183776855
-9.006489753723145
-10.04185962677002
-12.317643165588379
-8.369486808776855
-8.072340965270996
-7.247903347015381
